8 8 8 8 8 8 8 8 8 8 8 8 8 8 8 8 8 8 2 8 8 3 3 3 3 3 3 12 12 12 12 12 12 12 12 5 12 12 7 7 7 7 7 7 7 7 7 7 7 7 10 10 10 5 5 5 5 5 5 5
8 8 8 8 8 8 8 8 8 8 11 8 8 8 8 8 8 8 8 8 8 3 9 3 3 3 3 12 12 12 12 12 12 12 12 12 12 7 7 7 7 7 7 7 7 7 7 7 7 7 10 10 10 10 10 10 10 10 10 6
8 8 8 8 8 8 8 8 8 8 8 8 8 8 8 8 8 8 8 8 8 3 3 3 3 3 12 12 12 4 12 12 12 12 12 12 2 4 2 2 2 2 2 2 2 2 2 2 5 5 5 5 5 5 5 5 5 5 5 5
8 8 8 8 8 8 8 8 8 8 8 8 8 8 1 8 8 8 8 8 8 3 3 3 3 3 12 12 12 12 12 12 12 12 0 0 4 4 7 4 4 4 4 4 4 4 4 4 4 4 4 4 4 4 4 4 4 4 4 4
8 8 8 8 8 8 8 8 8 8 8 8 8 8 8 8 8 8 8 8 8 3 3 3 3 3 12 12 4 12 12 12 12 12 12 12 5 5 5 5 5 2 2 2 2 2 2 2 2 2 3 0 0 0 5 5 5 5 5 5
8 8 8 8 8 8 8 8 8 8 8 8 8 8 7 8 8 8 8 11 11 3 3 3 3 3 3 3 3 3 3 3 12 12 12 12 12 5 7 5 5 5 5 5 5 5 5 5 5 5 5 5 5 5 5 5 5 5 5 5
8 8 8 8 8 8 8 8 8 8 8 8 8 8 8 8 8 8 8 8 8 3 3 3 3 3 12 12 12 4 12 12 12 12 12 12 12 5 5 5 5 5 5 5 5 5 5 5 5 5 10 10 10 0 0 5 5 5 5 5
8 8 8 8 8 8 8 8 8 8 8 8 8 1 8 8 8 8 8 8 8 3 3 3 3 3 12 12 12 12 12 12 12 12 12 0 0 7 4 7 7 4 4 4 7 7 4 4 2 4 4 4 4 4 4 4 4 4 4 4
8 8 8 8 8 8 8 8 8 8 8 8 8 8 8 8 8 8 8 8 8 3 3 3 3 3 12 12 12 4 12 12 12 12 12 12 12 5 5 5 5 5 5 5 5 5 5 5 5 5 10 10 10 4 5 5 5 5 5 5
8 8 8 9 8 8 8 8 8 8 8 8 8 8 1 8 8 8 8 8 8 3 3 3 3 3 12 12 12 12 12 12 12 12 12 12 5 5 5 5 5 5 5 5 5 5 5 5 5 5 5 10 5 5 5 5 5 5 5 5
