13
49
48
20
57
28
53
53
42
33
18
55
1
55
42
22
39
2
57
56
57
13
3
15
2
4
1
4
31
5
23
31
6
39
6
37
24
7
29
2
34
49
38
9
8
9
21
10
50
56
5
11
1
23
7
12
6
12
13
12
51
26
33
27
15
14
64
3
28
58
17
17
16
55
31
18
49
31
19
43
63
20
41
4
34
21
9
34
34
3
22
61
49
23
36
37
13
25
37
1
61
38
26
47
39
56
64
5
28
23
41
51
41
1
42
30
12
5
18
44
12
45
32
32
33
52
46
34
18
35
47
62
3
48
49
35
50
37
38
38
50
31
16
51
39
38
52
40
53
53
21
41
54
55
16
55
42
56
39
2
57
24
57
40
34
58
24
43
40
4
31
42
5
27
31
34
63
37
47
62
17
2
40
18
34
9
53
23
10
10
50
32
7
14
1
57
8
0
33
5
10
46
60
9
18
53
62
48
64
50
53
58
64
64
16
62
31
63
62
54
63
53
63
20
64
45
34
63
60
31
34
62
63
61
13
23
64
37
43
64
37
63
8
38
63
60
2
62
64
7
6
63
41
51
62
1
63
49
14
9
14
44
57
63
32
32
50
28
32
62
58
63
47
62
3
13
17
35
4
63
35
27
24
31
22
