51
8
17
25
53
15
33
51
23
29
51
61
1
26
38
60
2
22
2
13
36
3
1
3
19
4
35
61
40
5
46
23
6
56
5
2
7
6
1
43
8
3
9
9
47
42
21
10
53
26
11
51
11
24
12
61
1
24
13
26
41
34
14
53
15
55
28
15
47
28
53
40
29
51
18
17
57
43
44
4
14
20
33
59
33
34
21
43
22
63
55
58
23
23
17
37
18
24
58
61
38
26
52
5
27
53
40
28
28
63
27
5
60
29
58
64
44
43
31
21
32
32
46
6
32
26
16
62
47
16
34
47
11
9
60
64
37
2
15
21
10
60
51
38
17
11
53
15
33
41
1
14
54
3
55
6
41
60
13
22
7
13
45
36
1
37
45
63
39
64
27
62
17
48
14
63
41
2
26
6
28
36
36
29
9
52
51
28
20
28
53
52
11
34
11
24
12
7
1
56
55
38
60
59
63
62
37
64
58
61
61
44
58
62
25
64
5
17
57
43
54
13
63
34
57
61
60
64
55
63
15
63
38
43
23
63
17
13
62
22
63
54
63
26
63
51
42
63
46
28
62
63
3
55
60
41
58
64
44
43
50
21
62
63
46
2
55
64
16
63
47
54
63
5
56
9
62
64
33
62
39
63
30
60
11
