46
7
59
51
53
39
9
17
29
48
9
30
1
42
1
1
11
2
30
24
45
29
3
45
46
64
64
2
5
4
5
17
5
6
26
7
7
3
19
35
8
51
3
9
38
9
31
10
31
51
36
11
39
43
24
1
25
13
13
0
13
55
14
35
15
3
37
15
16
38
50
31
17
0
18
31
56
31
39
19
6
19
20
19
21
21
34
22
22
56
23
23
55
45
36
47
47
25
50
62
1
25
26
1
18
40
19
17
28
41
3
61
42
55
30
64
18
54
64
44
5
25
25
32
6
62
34
13
14
47
35
58
48
63
36
29
62
56
59
51
38
14
38
7
59
11
53
39
41
41
62
23
63
30
62
42
21
56
11
57
18
13
45
64
24
45
46
64
64
2
21
4
61
48
5
6
12
11
5
3
63
64
2
51
3
14
46
9
44
10
50
49
45
5
39
43
54
46
8
38
40
0
58
31
14
63
52
60
62
44
21
64
53
31
17
0
38
56
63
43
49
63
62
63
60
63
4
63
57
63
52
64
61
64
57
6
64
40
60
64
59
6
64
12
14
35
34
63
19
59
25
64
64
27
64
31
40
63
54
63
27
63
5
62
51
63
6
54
39
63
27
58
32
64
48
55
64
60
62
4
64
51
38
14
6
