0
44
31
14
38
42
58
53
33
56
37
28
10
44
63
1
2
40
54
45
13
3
13
58
62
4
48
32
34
31
5
25
6
59
1
51
7
19
3
52
52
8
52
9
29
9
38
46
10
11
11
23
6
47
33
12
3
38
13
26
53
8
0
14
3
47
51
28
16
0
50
17
61
55
1
64
18
31
19
13
39
20
9
44
63
63
21
6
22
5
10
35
7
44
57
50
64
25
18
4
50
38
14
26
45
45
1
27
57
63
29
7
29
56
29
17
9
43
18
32
54
4
32
54
45
61
11
46
27
12
47
61
35
22
11
11
61
37
24
50
24
60
51
14
31
14
10
17
58
53
16
22
54
28
18
11
16
55
2
44
9
62
57
3
7
18
62
58
60
15
59
18
5
23
47
63
29
41
48
62
7
22
49
5
63
52
64
9
29
46
29
11
17
3
8
47
29
11
3
56
14
18
40
56
58
42
60
62
8
64
58
8
60
10
62
63
25
63
63
62
63
6
62
63
20
63
10
63
42
64
62
64
10
57
63
62
57
50
64
25
61
46
64
26
14
31
63
52
8
27
57
63
61
61
2
56
3
60
56
61
15
63
7
4
61
39
45
61
55
61
22
63
28
61
35
24
54
64
61
28
12
19
64
9
25
