24
60
47
11
40
63
53
12
53
10
26
61
46
1
29
34
2
2
34
36
30
3
49
15
39
4
36
28
0
5
24
23
6
62
6
48
1
7
42
31
8
20
46
9
41
52
4
10
56
23
11
11
0
0
12
1
7
25
13
40
47
14
26
42
59
15
63
60
42
28
17
16
17
8
63
52
8
19
19
47
5
20
14
33
14
21
47
47
22
64
51
50
23
36
24
51
47
25
59
51
26
38
51
39
27
26
2
64
22
22
60
54
11
42
30
49
30
14
8
61
15
44
56
9
32
51
46
20
2
56
63
1
19
36
48
2
62
20
9
3
23
24
24
51
38
30
40
52
40
12
53
61
28
42
54
18
55
34
56
29
63
36
30
64
45
22
58
36
38
36
36
60
24
23
64
62
40
63
34
7
13
9
23
3
46
9
6
52
45
10
17
48
16
3
30
0
28
1
7
38
51
6
47
59
26
61
59
1
63
61
42
2
64
16
61
63
63
64
54
59
19
61
53
63
32
43
3
63
61
62
64
64
63
60
63
55
64
51
61
63
60
51
30
63
57
51
14
26
2
61
63
51
42
23
11
51
64
64
64
61
17
61
63
3
9
9
26
12
63
17
62
56
63
1
51
22
0
18
19
61
35
3
9
12
5
