7
64
12
6
53
12
7
41
21
58
14
39
1
1
1
37
12
2
39
24
58
39
3
46
28
28
25
4
27
37
37
5
0
6
18
3
24
44
7
48
8
19
36
35
9
53
62
5
29
22
11
11
34
27
12
1
24
4
13
8
42
42
35
1
57
27
47
16
27
15
63
56
17
31
18
61
18
19
19
34
53
4
33
20
21
51
2
15
61
16
45
6
23
36
24
6
15
11
25
19
18
14
26
20
3
40
27
54
12
28
52
42
4
42
8
0
10
51
30
31
10
45
57
58
4
4
1
34
61
56
4
60
48
36
57
13
36
37
37
3
2
13
15
39
52
6
52
3
53
12
15
58
42
17
12
55
22
37
12
61
24
57
58
39
13
46
2
21
25
28
27
62
0
5
45
7
7
48
24
44
7
48
33
3
48
12
9
53
32
5
29
0
41
20
12
17
25
51
12
4
1
8
58
31
47
61
60
27
47
62
27
64
60
56
14
31
38
61
64
19
64
62
45
63
63
63
21
51
54
63
60
53
63
62
63
36
51
64
53
42
60
64
18
57
26
20
62
34
63
9
20
62
31
42
61
63
27
54
56
32
63
32
55
60
57
49
61
63
5
34
61
56
4
59
64
1
25
63
62
60
63
61
2
64
46
