54
51
40
22
30
14
57
32
0
42
10
56
1
37
56
61
2
24
56
2
30
64
3
25
4
4
35
37
61
5
58
1
25
6
17
31
7
7
49
3
8
19
7
5
9
20
39
10
10
11
11
2
10
43
51
11
54
24
13
12
34
26
14
34
15
15
4
35
16
28
43
45
30
59
18
59
58
18
31
39
2
62
2
20
61
51
1
52
55
13
22
7
9
60
36
24
13
37
63
25
51
54
38
60
63
39
27
60
5
11
28
60
29
56
42
30
53
43
48
44
44
15
49
49
19
45
13
5
61
21
35
14
9
36
48
61
61
59
49
58
56
24
54
39
51
19
39
61
13
62
53
42
42
1
31
55
56
6
43
17
22
2
30
45
64
0
38
4
21
47
61
47
11
1
62
12
11
34
7
64
63
50
14
19
7
5
37
42
39
10
9
29
33
2
10
43
36
10
56
8
64
31
64
57
59
34
15
34
62
35
63
62
59
64
34
59
64
59
13
18
63
55
11
62
63
58
58
3
63
56
62
63
62
7
10
63
59
62
17
56
63
48
39
54
45
61
63
8
12
4
11
63
61
20
63
56
39
62
55
63
52
21
62
7
29
63
60
22
15
64
61
21
26
57
64
62
34
57
0
35
64
22
2
63
7
