31
52
32
39
40
7
46
9
59
42
29
48
1
61
39
60
2
2
2
24
30
3
44
2
13
32
4
26
0
5
23
51
47
6
43
28
7
7
6
7
8
3
20
9
8
48
1
10
54
10
54
11
10
7
23
12
55
25
13
39
11
14
59
14
55
27
11
15
16
14
2
17
8
17
11
30
17
19
57
49
13
16
1
52
21
13
34
5
22
18
22
21
36
24
24
23
18
0
24
2
25
38
26
10
39
56
40
28
12
27
62
29
29
13
4
30
11
50
43
59
61
32
64
59
7
46
15
53
16
7
47
15
13
11
19
37
36
4
62
7
0
37
23
51
32
7
40
34
16
9
37
41
11
54
40
60
39
55
56
2
2
56
57
45
1
28
23
19
13
59
33
8
17
60
47
64
29
14
7
50
17
62
6
26
32
45
8
30
1
11
54
10
10
55
22
20
24
22
57
40
50
28
11
14
59
14
30
60
63
62
16
57
40
64
40
59
61
58
17
64
57
37
63
58
19
63
23
63
62
5
57
63
22
21
62
64
11
46
34
9
63
26
3
59
56
64
27
64
62
63
59
27
62
29
63
57
6
30
49
64
43
29
64
47
64
59
1
10
63
57
12
7
59
13
63
5
64
64
13
60
63
7
63
11
31
