19
15
34
12
61
24
54
8
53
35
50
59
11
1
42
27
2
2
24
21
20
21
22
46
4
4
4
59
29
5
1
24
18
64
6
53
38
7
1
51
19
0
8
9
22
30
61
10
53
23
4
11
35
33
12
61
24
59
13
46
8
59
27
59
8
59
16
16
10
50
5
17
63
55
30
18
13
56
63
56
40
10
20
13
21
35
34
22
34
22
63
42
15
3
44
24
37
5
37
59
16
9
61
39
54
64
40
28
13
28
61
41
29
1
0
61
12
58
31
44
6
61
60
59
33
46
33
34
47
11
35
55
48
60
8
58
49
64
10
60
38
32
51
12
56
12
52
40
58
4
53
41
64
59
55
3
42
1
43
5
27
27
39
0
0
46
46
64
27
35
63
36
1
24
0
25
3
22
35
64
25
51
19
51
8
6
52
28
34
10
53
12
40
39
35
26
12
64
55
64
28
43
37
9
31
59
33
59
63
16
64
8
64
17
59
36
63
62
40
41
63
58
40
26
64
39
29
63
58
62
63
22
62
63
15
48
63
50
37
64
38
38
63
47
61
59
54
64
62
50
55
28
40
59
64
61
14
61
61
64
49
29
6
61
63
12
14
63
27
34
63
23
18
55
42
63
9
58
49
64
14
63
38
32
1
