8
9
32
38
52
8
38
33
23
62
15
10
20
1
56
31
64
2
27
58
62
19
54
3
47
4
21
63
55
47
5
18
6
2
6
50
33
7
63
44
8
37
26
9
9
22
32
10
5
51
11
11
32
38
12
4
13
13
25
56
26
25
29
4
9
59
36
16
15
16
30
63
29
6
45
63
59
19
52
32
19
62
56
64
0
1
44
2
22
34
23
2
36
17
9
24
2
61
37
7
25
26
18
14
52
27
3
41
28
41
62
42
42
43
20
3
54
50
14
31
13
22
61
18
46
33
53
7
34
47
64
35
48
48
61
36
49
27
1
37
13
0
8
52
38
29
52
17
64
60
19
41
15
10
21
6
56
18
20
2
57
20
62
19
46
62
19
59
14
5
62
22
11
61
32
49
50
50
10
10
63
44
51
9
25
9
42
22
3
23
49
0
11
48
52
38
10
4
20
51
25
56
26
61
60
62
9
59
64
16
5
30
30
62
63
6
63
35
63
63
63
60
63
62
64
64
63
62
63
2
63
56
23
57
63
28
61
64
2
63
49
54
63
19
61
64
55
27
3
41
63
41
62
55
42
29
63
14
22
46
64
6
60
56
63
47
5
33
63
12
61
17
35
61
35
63
61
36
31
12
58
37
64
0
13
