10
12
12
6
21
22
10
7
13
7
22
22
13
12
23
14
1
1
9
10
15
1
2
2
2
11
2
11
3
19
3
12
18
16
13
4
13
13
21
1
5
1
14
19
21
6
15
21
16
3
7
22
16
17
23
17
8
17
18
23
9
18
18
18
10
22
10
19
22
5
11
1
20
7
7
12
8
21
12
5
22
13
22
22
14
7
8
23
14
23
1
15
24
24
24
24
16
12
4
2
2
3
15
16
14
18
9
15
2
15
15
13
22
22
23
14
23
21
4
23
1
23
23
24
22
24
20
23
23
11
23
23
23
23
23
23
18
23
22
10
23
22
10
23
18
5
23
