11 4 9 12 11 8 9 4 11 3 2 9 7 8 3 12 0 9 8 4 1 9 4 0 10 8 10 0 11 1 9 5 0 10 1 5 4 6 4 2 7 12 3 1 2 0 8 11 3 12 8 6 2 1 5 5 11 9 4 9
2 2 2 2 2 2 2 2 2 2 2 2 2 2 2 2 7 3 3 3 3 2 10 10 10 10 10 10 10 10 3 3 3 3 3 3 3 3 3 3 3 3 3 3 9 9 9 9 9 7 7 7 10 10 2 3 3 3 4 9
2 2 2 2 2 2 2 2 2 2 2 2 2 2 2 1 10 10 10 10 10 10 10 10 10 10 10 10 10 10 10 10 10 10 10 7 10 10 10 10 10 10 10 10 10 10 10 10 2 9 2 2 2 2 2 2 9 9 10 10
1 10 10 10 10 10 10 10 10 10 10 10 10 10 10 10 10 10 10 10 7 10 10 10 10 10 10 10 10 10 10 10 10 2 9 2 2 2 2 2 2 7 2 2 2 2 9 2 2 2 9 10 10 10 10 10 10 10 10 10
12 0 4 10 9 12 9 0 4 8 4 1 5 2 0 9 8 1 1 0 10 8 3 6 12 5 12 10 5 1 3 0 8 8 8 9 6 9 3 2 0 4 2 1 12 12 4 6 6 8 1 3 5 6 8 2 0 9 2 9
2 2 1 10 10 10 10 10 10 10 10 10 10 10 10 10 10 10 10 10 10 10 7 10 10 10 10 10 10 10 10 10 10 10 10 2 9 2 2 2 2 2 2 9 9 10 10 10 10 10 10 10 10 10 3 3 3 3 3 3
7 2 0 0 0 7 0 0 11 10 10 12 0 3 6 7 9 6 11 11 8 3 10 3 5 8 0 7 0 9 9 0 7 11 8 2 4 0 3 11 10 2 5 1 6 11 5 4 11 2 9 2 6 8 2 4 8 9 2 11
6 0 9 2 10 4 4 2 7 10 10 5 11 6 7 5 8 8 9 5 10 7 6 3 0 4 8 3 8 12 2 9 0 5 3 12 2 4 11 2 4 7 2 9 8 6 9 10 10 4 7 1 9 1 3 0 7 0 9 7
11 6 2 9 1 5 1 10 6 10 10 0 3 8 4 6 12 0 4 2 8 3 9 12 7 12 7 3 3 11 12 9 9 8 2 3 3 3 9 3 12 7 11 12 7 6 2 5 7 5 1 4 2 0 8 3 4 10 4 10
2 2 2 2 2 1 10 10 10 10 10 10 10 10 10 10 10 10 10 10 10 10 10 10 10 7 10 10 10 10 10 10 10 10 10 10 10 10 2 9 2 2 2 2 2 2 9 9 10 10 10 10 10 10 10 10 10 3 3 3
