# Results obtained using DQN. CPU time: 47.617671966552734
0.01508620  58.00000000  0.01508620  60.00000000  2113.14978675  0.00000000
0.00014617  57.00000000  0.00006513  60.00000000  1500.83391158  0.00000000
0.00017338  57.00000000  0.00016887  60.00000000  1269.75506492  0.00000000
0.00048780  54.00000000  0.00004176  60.00000000  1402.33486244  0.00000000
0.02960130  58.00000000  0.02960130  60.00000000  2419.81564330  0.00000000
0.00187442  53.00000000  0.00116799  60.00000000  1764.52901203  0.00000000
0.00936634  58.00000000  0.00936634  60.00000000  1709.30902628  0.00000000
0.00926815  55.00000000  0.00837876  60.00000000  1392.04672151  0.00000000
0.08613643  58.00000000  0.08613643  60.00000000  1384.49119567  0.28463757
0.00100127  56.00000000  0.00031832  60.00000000  1323.38138373  0.77258769
0.00001113  45.00000000  0.00000033  60.00000000  1246.03746251  0.99000000
0.00001777  44.00000000  0.00001189  60.00000000  1286.92936562  0.99000000
0.00040489  57.00000000  0.00039687  60.00000000  976.79763813  0.99000000
0.00009450  56.00000000  0.00008677  60.00000000  976.21098652  0.99000000
0.00005035  54.00000000  0.00003278  60.00000000  976.21098601  0.99000000
0.00005035  54.00000000  0.00003278  60.00000000  976.21098601  0.99000000
0.00027682  58.00000000  0.00027682  60.00000000  1495.45908817  0.99000000
0.00002389  40.00000000  0.00001145  60.00000000  976.85011779  0.99000000
0.00005035  54.00000000  0.00003278  60.00000000  976.21098601  0.99000000
0.00005035  54.00000000  0.00003278  60.00000000  976.21098601  0.99000000
0.00005035  54.00000000  0.00003278  60.00000000  976.21098601  0.99000000
0.00033879  55.00000000  0.00025580  60.00000000  976.81369610  0.99000000
0.00005035  54.00000000  0.00003278  60.00000000  976.21098601  0.99000000
0.00005489  53.00000000  0.00002491  60.00000000  1015.87602502  0.99000000
0.00003568  52.00000000  0.00002112  60.00000000  976.21098595  0.99000000
0.00008585  54.00000000  0.00005195  60.00000000  1003.72792632  0.99000000
0.00013593  58.00000000  0.00013593  60.00000000  976.21098658  0.99000000
0.00005035  54.00000000  0.00003278  60.00000000  976.21098601  0.99000000
0.00005035  54.00000000  0.00003278  60.00000000  976.21098601  0.99000000
0.00212158  44.00000000  0.00060121  60.00000000  1514.03964852  0.99000000
0.00005035  54.00000000  0.00003278  60.00000000  976.21098601  0.99000000
0.00005035  54.00000000  0.00003278  60.00000000  976.21098601  0.99000000
0.00005035  54.00000000  0.00003278  60.00000000  976.21098601  0.99000000
0.00013320  55.00000000  0.00010577  60.00000000  993.99272328  0.99000000
0.00005035  54.00000000  0.00004976  60.00000000  976.21098604  0.99000000
0.00005035  54.00000000  0.00003278  60.00000000  976.21098601  0.99000000
0.00005035  54.00000000  0.00003278  60.00000000  976.21098601  0.99000000
0.00000534  51.00000000  0.00000344  60.00000000  989.91180878  0.99000000
0.00005035  54.00000000  0.00003278  60.00000000  976.21098601  0.99000000
0.00005035  54.00000000  0.00003278  60.00000000  976.21098601  0.99000000
0.00035614  55.00000000  0.00031015  60.00000000  977.43001551  0.99000000
0.00005035  54.00000000  0.00003278  60.00000000  976.21098601  0.99000000
0.00005035  54.00000000  0.00003278  60.00000000  976.21098601  0.99000000
0.00005035  54.00000000  0.00003278  60.00000000  976.21098601  0.99000000
0.00005035  54.00000000  0.00003278  60.00000000  976.21098601  0.99000000
0.00005266  55.00000000  0.00004453  60.00000000  976.21098608  0.99000000
0.00025087  57.00000000  0.00025060  60.00000000  1287.11721634  0.99000000
0.00005035  54.00000000  0.00003278  60.00000000  976.21098601  0.99000000
0.00005035  54.00000000  0.00003278  60.00000000  976.21098601  0.99000000
0.00008940  57.00000000  0.00008550  60.00000000  976.98956519  0.99000000
0.00005035  54.00000000  0.00003278  60.00000000  976.21098601  0.99000000
0.00005035  54.00000000  0.00003278  60.00000000  976.21098601  0.99000000
0.00003199  47.00000000  0.00001353  60.00000000  978.18470373  0.99000000
0.00005035  54.00000000  0.00003278  60.00000000  976.21098601  0.99000000
0.00012509  58.00000000  0.00012509  60.00000000  976.21098661  0.99000000
0.00005035  54.00000000  0.00003278  60.00000000  976.21098601  0.99000000
0.00005035  54.00000000  0.00003278  60.00000000  976.21098601  0.99000000
0.00021725  58.00000000  0.00021725  60.00000000  976.21098723  0.99000000
0.00008683  57.00000000  0.00008370  60.00000000  976.21098635  0.99000000
0.00005035  54.00000000  0.00003278  60.00000000  976.21098601  0.99000000
0.00005035  54.00000000  0.00003278  60.00000000  976.21098601  0.99000000
0.00007619  58.00000000  0.00007619  60.00000000  976.21098612  0.99000000
0.00028375  52.00000000  0.00012479  60.00000000  976.22262916  0.99000000
0.00000732  47.00000000  0.00000217  60.00000000  1193.32903491  0.99000000
0.00005035  54.00000000  0.00003278  60.00000000  976.21098601  0.99000000
0.00002719  40.00000000  0.00000840  60.00000000  976.21098586  0.99000000
0.00005035  54.00000000  0.00003278  60.00000000  976.21098601  0.99000000
0.00005035  54.00000000  0.00003278  60.00000000  976.21098601  0.99000000
0.00005035  54.00000000  0.00003278  60.00000000  976.21098601  0.99000000
0.00005035  54.00000000  0.00003278  60.00000000  976.21098601  0.99000000
0.00005035  54.00000000  0.00003278  60.00000000  976.21098601  0.99000000
0.00005035  54.00000000  0.00003278  60.00000000  976.21098601  0.99000000
0.00005035  54.00000000  0.00003278  60.00000000  976.21098601  0.99000000
0.00005035  54.00000000  0.00003278  60.00000000  976.21098601  0.99000000
0.00005035  54.00000000  0.00003278  60.00000000  976.21098601  0.99000000
0.00002719  40.00000000  0.00000079  60.00000000  976.21098586  0.99000000
0.00005035  54.00000000  0.00003278  60.00000000  976.21098603  0.99000000
0.00011420  57.00000000  0.00011097  60.00000000  976.98101833  0.99000000
0.00015109  57.00000000  0.00014566  60.00000000  976.95336446  0.99000000
0.00005035  54.00000000  0.00003278  60.00000000  976.21098601  0.99000000
0.00005035  54.00000000  0.00003278  60.00000000  976.21098601  0.99000000
0.00005035  54.00000000  0.00003278  60.00000000  976.21098601  0.99000000
0.00005035  54.00000000  0.00003278  60.00000000  976.21098601  0.99000000
0.00008220  58.00000000  0.00008220  60.00000000  976.21098610  0.99000000
0.00008363  56.00000000  0.00007883  60.00000000  976.99062038  0.99000000
0.00005035  54.00000000  0.00003278  60.00000000  976.21098601  0.99000000
0.00009283  53.00000000  0.00004386  60.00000000  1016.04381825  0.99000000
0.00005035  54.00000000  0.00003278  60.00000000  976.21098601  0.99000000
0.00005035  54.00000000  0.00003278  60.00000000  976.21098601  0.99000000
0.00005035  54.00000000  0.00003237  60.00000000  976.21098602  0.99000000
0.00005035  54.00000000  0.00003278  60.00000000  976.21098601  0.99000000
0.00000732  47.00000000  0.00000217  60.00000000  1193.32903491  0.99000000
0.00032254  55.00000000  0.00025470  60.00000000  976.81412501  0.99000000
0.00014211  51.00000000  0.00005801  60.00000000  976.21078688  0.99000000
0.00005035  54.00000000  0.00003278  60.00000000  976.21098601  0.99000000
0.00005035  54.00000000  0.00003278  60.00000000  976.21098601  0.99000000
0.00002827  45.00000000  0.00000840  60.00000000  1236.73371910  0.99000000
0.00013486  58.00000000  0.00013486  60.00000000  976.61675655  0.99000000
0.00005035  54.00000000  0.00003278  60.00000000  976.21098601  0.99000000
0.00005035  54.00000000  0.00003278  60.00000000  976.21098601  0.99000000
0.00001828  40.00000000  0.00000071  60.00000000  976.29348543  0.99000000
0.00004200  58.00000000  0.00004200  60.00000000  977.47482541  0.99000000
0.00005035  54.00000000  0.00003278  60.00000000  976.21098601  0.99000000
0.00019596  53.00000000  0.00011253  60.00000000  977.41284495  0.99000000
0.00028170  54.00000000  0.00020765  60.00000000  976.21099297  0.99000000
0.00005035  54.00000000  0.00003278  60.00000000  976.21098601  0.99000000
0.00005035  54.00000000  0.00003278  60.00000000  976.21098601  0.99000000
0.00005035  54.00000000  0.00003278  60.00000000  976.21098601  0.99000000
0.00005035  54.00000000  0.00003278  60.00000000  976.21098601  0.99000000
0.00005035  54.00000000  0.00003278  60.00000000  976.21098601  0.99000000
0.00005035  54.00000000  0.00003278  60.00000000  976.21098601  0.99000000
0.00005292  54.00000000  0.00002512  60.00000000  976.21098601  0.99000000
0.00005035  54.00000000  0.00003278  60.00000000  976.21098601  0.99000000
0.00005035  54.00000000  0.00003278  60.00000000  976.21098601  0.99000000
0.00007384  50.00000000  0.00000533  60.00000000  1078.41268016  0.99000000
0.00005035  54.00000000  0.00003278  60.00000000  976.21098601  0.99000000
0.00014564  57.00000000  0.00014025  60.00000000  976.21098668  0.99000000
0.00028859  58.00000000  0.00028859  60.00000000  976.90638246  0.99000000
0.00005035  54.00000000  0.00003278  60.00000000  976.21098601  0.99000000
0.00005035  54.00000000  0.00003278  60.00000000  976.21098601  0.99000000
0.00005035  54.00000000  0.00003278  60.00000000  976.21098601  0.99000000
0.00005035  54.00000000  0.00003278  60.00000000  976.21098601  0.99000000
0.00003759  55.00000000  0.00002886  60.00000000  976.21098589  0.99000000
0.00016056  51.00000000  0.00002716  60.00000000  1033.84040196  0.99000000
0.00005035  54.00000000  0.00003278  60.00000000  976.21098601  0.99000000
0.00005035  54.00000000  0.00003278  60.00000000  976.21098601  0.99000000
0.00530267  58.00000000  0.00530267  60.00000000  958.69259146  0.99000000
0.00016121  57.00000000  0.00015643  60.00000000  977.47493898  0.99000000
0.00005035  54.00000000  0.00003278  60.00000000  976.21098601  0.99000000
0.00004762  55.00000000  0.00003409  60.00000000  976.21098596  0.99000000
0.00006057  56.00000000  0.00005611  60.00000000  976.21098612  0.99000000
0.00025452  54.00000000  0.00016740  60.00000000  976.93500540  0.99000000
0.00005035  54.00000000  0.00003278  60.00000000  976.21098601  0.99000000
0.00005035  54.00000000  0.00003278  60.00000000  976.21098601  0.99000000
0.00003071  41.00000000  0.00000404  60.00000000  976.29265660  0.99000000
0.00005035  54.00000000  0.00003278  60.00000000  976.21098602  0.99000000
0.00022585  55.00000000  0.00019138  60.00000000  977.46853373  0.99000000
0.00005035  54.00000000  0.00003278  60.00000000  976.21098601  0.99000000
0.00002656  45.00000000  0.00000846  60.00000000  1236.72014859  0.99000000
0.00005035  54.00000000  0.00003278  60.00000000  976.21098601  0.99000000
0.00005035  54.00000000  0.00003278  60.00000000  976.21098601  0.99000000
0.00029394  58.00000000  0.00029394  60.00000000  976.90633439  0.99000000
0.00015607  58.00000000  0.00015607  60.00000000  977.41763130  0.99000000
0.00005035  54.00000000  0.00003278  60.00000000  976.21098601  0.99000000
0.00005035  54.00000000  0.00003278  60.00000000  976.21098601  0.99000000
0.00044472  51.00000000  0.00023434  60.00000000  978.18587856  0.99000000
0.00005035  54.00000000  0.00003278  60.00000000  976.21098601  0.99000000
0.06596470  56.00000000  0.05848432  60.00000000  3166.36367907  0.99000000
0.00005035  54.00000000  0.00003278  60.00000000  976.21098601  0.99000000
0.00020920  58.00000000  0.00020920  60.00000000  976.21098653  0.99000000
0.00010449  53.00000000  0.00005591  60.00000000  976.80743573  0.99000000
0.00005035  54.00000000  0.00003278  60.00000000  976.21098601  0.99000000
0.00005248  47.00000000  0.00000069  60.00000000  1145.09851293  0.99000000
0.00005035  54.00000000  0.00003278  60.00000000  976.21098601  0.99000000
0.00005035  54.00000000  0.00003278  60.00000000  976.21098601  0.99000000
0.00020052  50.00000000  0.00002432  60.00000000  993.00925032  0.99000000
0.00005035  54.00000000  0.00003278  60.00000000  976.21098601  0.99000000
0.00029976  58.00000000  0.00029976  60.00000000  976.90614347  0.99000000
0.00004652  58.00000000  0.00004652  60.00000000  1033.83997885  0.99000000
0.01339509  54.00000000  0.00808797  60.00000000  1967.98477613  0.99000000
0.00005035  54.00000000  0.00003278  60.00000000  976.21098601  0.99000000
0.00011996  50.00000000  0.00004019  60.00000000  976.22095382  0.99000000
0.00124442  58.00000000  0.00124442  60.00000000  1562.01687579  0.99000000
0.00005035  54.00000000  0.00003278  60.00000000  976.21098601  0.99000000
0.00005035  54.00000000  0.00003278  60.00000000  976.21098601  0.99000000
0.00003862  58.00000000  0.00003862  60.00000000  977.47289296  0.99000000
0.00003341  44.00000000  0.00001503  60.00000000  1287.33136250  0.99000000
0.00545015  58.00000000  0.00545015  60.00000000  1095.72837772  0.99000000
0.00005035  54.00000000  0.00003278  60.00000000  976.21098601  0.99000000
0.00005035  54.00000000  0.00003278  60.00000000  976.21098601  0.99000000
0.00005035  54.00000000  0.00003278  60.00000000  976.21098601  0.99000000
0.00005035  54.00000000  0.00003278  60.00000000  976.21098601  0.99000000
0.00002770  58.00000000  0.00002770  60.00000000  983.45301584  0.99000000
0.00005035  54.00000000  0.00003278  60.00000000  976.21098601  0.99000000
0.00005035  54.00000000  0.00003278  60.00000000  976.21098601  0.99000000
0.00005035  54.00000000  0.00003278  60.00000000  976.21098601  0.99000000
0.00005035  54.00000000  0.00003278  60.00000000  976.21098601  0.99000000
0.00010670  58.00000000  0.00010670  60.00000000  976.21098624  0.99000000
0.00005035  54.00000000  0.00003278  60.00000000  976.21098601  0.99000000
0.00005035  54.00000000  0.00003278  60.00000000  976.21098601  0.99000000
0.00003221  49.00000000  0.00001196  60.00000000  977.47289296  0.99000000
0.00005035  54.00000000  0.00003278  60.00000000  976.21098601  0.99000000
0.00005035  54.00000000  0.00003278  60.00000000  976.21098601  0.99000000
0.00005035  54.00000000  0.00003278  60.00000000  976.21098601  0.99000000
0.00005035  54.00000000  0.00003278  60.00000000  976.21098601  0.99000000
0.00002719  40.00000000  0.00000491  60.00000000  976.21098587  0.99000000
0.00004257  58.00000000  0.00004257  60.00000000  976.21098588  0.99000000
0.00005035  54.00000000  0.00003278  60.00000000  976.21098601  0.99000000
0.00005035  54.00000000  0.00003278  60.00000000  976.21098601  0.99000000
0.00005035  54.00000000  0.00003278  60.00000000  976.21098601  0.99000000
0.00005613  42.00000000  0.00003074  60.00000000  977.00581102  0.99000000
0.00005035  54.00000000  0.00003278  60.00000000  976.21098601  0.99000000
0.00003640  56.00000000  0.00003196  60.00000000  977.00407905  0.99000000
0.00005035  54.00000000  0.00003278  60.00000000  976.21098601  0.99000000
0.00005035  54.00000000  0.00003278  60.00000000  976.21098601  0.99000000
0.00031894  58.00000000  0.00031894  60.00000000  976.21098708  0.99000000
0.00005035  54.00000000  0.00003278  60.00000000  976.21098601  0.99000000
0.01334870  51.00000000  0.00185612  60.00000000  2627.48884737  0.99000000
0.00001324  40.00000000  0.00000052  60.00000000  976.95336300  0.99000000
0.00005335  58.00000000  0.00005335  60.00000000  976.21098603  0.99000000
0.00005035  54.00000000  0.00003278  60.00000000  976.21098601  0.99000000
