28
64
11
32
0
64
57
48
9
33
18
14
19
1
42
26
1
29
33
2
2
19
42
14
3
60
22
37
49
4
1
16
5
62
37
49
17
6
19
30
28
50
7
31
33
8
1
31
44
21
9
28
40
10
31
41
36
11
24
7
40
49
25
12
13
8
35
64
14
1
36
4
15
9
1
63
42
16
29
52
11
63
30
18
44
13
19
1
31
63
19
50
33
49
21
20
21
9
61
62
22
43
23
36
23
36
37
13
37
25
37
25
11
19
16
13
40
49
27
21
14
18
41
13
10
23
30
29
17
30
43
8
31
11
11
20
54
55
63
46
47
18
17
47
34
35
56
20
49
49
57
6
64
8
37
14
52
31
52
52
53
53
11
20
63
64
40
41
16
22
23
14
15
64
8
26
1
29
1
2
10
19
34
37
26
30
4
63
46
26
47
16
19
62
62
62
17
6
20
7
23
64
26
26
29
22
3
31
25
11
9
23
5
10
4
32
36
2
23
7
31
64
22
12
13
8
26
63
49
44
61
57
59
63
1
63
63
63
63
52
63
63
63
63
63
64
64
64
64
59
64
64
59
64
39
57
64
53
64
62
59
63
63
58
63
53
57
63
59
25
63
61
55
63
60
64
20
5
11
63
61
63
48
13
62
23
62
63
51
30
63
62
63
2
60
20
60
44
63
46
47
61
49
63
26
61
61
20
27
58
24
32
64
8
54
14
62
28
46
52
