7
39
14
11
64
15
24
61
35
14
9
62
34
1
1
30
1
12
44
2
2
50
0
3
3
30
3
21
4
4
28
37
5
5
36
0
6
6
44
6
18
7
62
7
8
51
33
20
6
9
9
8
32
10
5
6
1
11
30
23
12
12
6
12
12
8
26
52
14
14
49
7
15
14
11
63
7
16
16
29
17
17
11
30
18
1
63
7
19
43
45
20
20
64
53
21
33
63
6
61
41
63
23
23
36
8
24
37
13
60
51
20
9
13
45
64
13
27
27
26
54
1
60
58
41
63
56
30
26
30
51
31
61
6
31
25
53
32
45
56
33
59
19
54
20
35
35
21
35
35
25
8
3
10
6
7
51
50
37
23
39
39
9
11
64
63
60
28
28
29
26
62
34
4
28
34
36
63
44
57
2
44
11
45
44
16
59
32
60
2
37
36
61
62
21
0
62
19
38
1
45
64
40
51
64
51
33
51
4
39
9
42
38
10
19
6
46
4
47
44
12
12
64
12
35
8
41
63
56
59
57
53
59
14
63
59
59
63
63
29
63
2
64
63
63
51
63
60
58
63
20
63
60
63
53
64
2
63
44
63
31
63
23
57
53
61
64
61
64
59
63
64
64
61
52
64
56
64
63
49
54
56
64
60
41
63
56
29
30
30
52
63
61
61
63
60
28
32
61
61
46
59
64
58
20
63
28
11
37
18
63
31
60
0
61
49
27
63
11
23
