40
16
39
21
17
59
25
9
60
45
20
42
64
1
1
56
1
63
43
2
2
61
34
14
3
3
16
33
15
4
1
35
5
56
5
36
49
6
63
64
3
7
19
32
8
31
8
37
42
21
9
38
22
10
6
6
53
11
0
24
34
12
49
48
3
13
58
1
28
3
55
27
15
14
53
16
63
57
1
55
56
17
13
50
18
2
31
19
14
62
44
7
20
2
34
57
63
21
22
64
36
35
11
23
39
43
24
6
42
25
25
38
62
49
59
26
10
3
40
14
57
28
14
8
29
53
42
29
30
12
58
9
5
44
16
32
24
17
32
53
23
34
16
59
47
48
23
35
59
2
36
20
21
50
5
37
38
24
51
64
28
61
39
28
0
59
64
54
60
41
55
42
28
61
61
56
32
63
15
57
35
44
39
45
59
3
38
46
60
4
43
42
33
61
38
36
49
62
30
35
48
63
47
32
48
19
64
64
42
47
52
33
25
10
50
6
53
55
46
55
34
49
64
48
16
5
8
63
56
3
55
27
26
63
26
2
63
64
63
55
63
63
58
63
63
64
64
53
63
63
63
62
63
63
55
63
63
59
62
64
36
64
61
64
61
63
37
64
64
62
61
64
50
50
63
26
56
63
37
63
57
28
14
64
51
10
42
64
15
12
58
64
64
12
16
11
62
26
58
53
63
60
53
22
47
63
47
35
59
4
36
45
63
62
0
15
38
63
61
10
