10
61
39
40
19
14
34
18
29
27
64
26
42
12
1
1
26
25
2
12
2
2
13
3
19
3
28
21
4
4
40
28
5
34
5
41
63
6
6
25
2
32
7
40
18
8
19
46
9
1
38
9
10
4
10
22
34
11
23
7
12
6
12
34
47
13
60
8
9
14
27
57
58
28
15
16
40
16
29
41
17
52
57
31
1
2
62
18
19
2
52
57
57
32
4
33
21
6
48
22
35
34
13
8
23
2
63
18
37
63
3
15
9
15
26
62
64
39
64
22
3
41
16
4
61
56
50
17
24
49
31
13
30
52
44
16
32
21
10
33
64
46
15
61
27
60
12
63
26
35
24
58
63
2
64
16
1
27
38
2
0
34
16
32
34
61
34
20
12
60
64
62
36
35
20
1
59
10
32
16
44
30
2
58
18
3
46
31
11
4
12
34
5
61
62
41
62
6
63
30
64
32
1
6
63
39
64
16
8
50
38
9
52
53
10
36
8
11
45
44
8
5
12
7
47
57
63
20
59
64
57
61
59
46
61
63
61
52
40
59
63
21
57
42
63
59
63
63
20
63
4
57
63
63
44
63
64
63
48
63
63
30
63
60
63
61
63
45
43
63
63
15
55
58
21
11
63
39
61
63
52
41
63
57
61
56
64
55
24
60
31
62
30
61
58
63
46
51
62
62
36
46
62
61
30
63
19
54
59
35
43
34
64
45
64
13
34
27
38
2
