0
63
16
29
8
8
29
53
6
44
14
15
54
41
1
1
11
60
30
2
62
2
29
61
3
50
42
4
63
14
4
63
5
5
1
22
6
30
6
63
7
17
7
3
8
8
64
8
9
44
43
9
10
10
49
40
21
11
6
50
40
12
7
3
13
3
3
25
14
2
51
9
15
64
59
15
3
63
52
28
29
17
63
60
18
59
49
19
63
47
32
54
47
33
20
52
62
6
22
6
10
3
3
3
17
7
57
7
36
24
25
43
26
53
59
52
26
40
51
27
63
41
11
19
63
51
42
0
30
53
30
43
14
23
22
21
44
45
33
27
52
21
34
23
47
46
35
12
64
54
56
13
61
36
57
27
24
7
14
50
0
31
51
59
40
61
22
53
61
42
55
59
54
63
32
60
44
43
44
12
56
44
26
61
32
3
40
27
63
40
62
63
5
12
48
64
36
30
21
6
26
50
44
40
40
9
64
24
9
46
12
9
31
32
49
10
25
31
7
50
26
49
50
3
2
39
47
64
61
8
59
63
61
61
61
55
63
59
59
57
63
63
63
63
63
63
59
63
63
61
63
63
63
63
60
63
55
63
33
63
0
63
3
62
64
64
28
24
64
24
62
63
63
53
59
63
61
7
64
27
63
33
11
54
63
51
61
0
63
53
53
62
62
59
58
64
44
30
25
63
63
16
62
56
63
30
26
12
64
33
64
63
12
19
64
20
1
6
64
50
