62
38
36
10
10
51
11
0
26
9
53
50
34
1
1
23
1
19
2
2
2
2
29
3
3
20
3
4
4
4
4
24
5
48
5
2
6
3
6
2
27
7
33
3
51
8
27
20
32
9
2
4
21
10
22
0
6
11
22
34
53
12
27
54
32
13
9
41
14
27
59
39
47
15
44
10
16
28
61
44
63
64
7
4
36
10
19
18
31
44
20
19
41
14
21
21
3
34
5
22
22
12
8
63
36
19
37
43
45
19
25
61
61
14
38
26
16
16
39
21
54
28
40
2
41
13
29
60
59
5
4
14
31
61
44
64
44
32
9
33
46
45
58
56
52
15
15
63
26
36
21
10
37
49
37
38
19
30
50
25
57
38
51
53
59
52
40
3
39
9
53
54
34
59
1
23
1
56
43
44
60
24
24
61
24
45
21
62
22
12
62
24
5
6
9
42
34
13
19
42
63
7
33
6
51
8
64
46
36
39
52
47
11
5
15
0
36
35
15
34
12
13
39
64
4
26
13
55
61
63
59
38
35
40
2
59
63
63
63
63
63
63
7
63
63
61
64
63
63
63
22
63
41
63
63
59
59
63
63
17
63
64
63
63
36
64
54
8
36
63
36
61
61
61
63
26
63
39
8
61
45
59
64
61
41
56
47
28
59
63
36
63
31
61
45
63
61
32
64
33
58
63
4
61
59
63
53
63
26
18
16
10
59
63
53
33
33
64
41
25
