58
27
52
39
17
20
9
35
54
12
58
38
29
10
1
1
53
30
58
2
2
54
31
3
14
3
46
24
4
53
4
29
5
54
23
5
6
35
24
6
7
3
7
39
8
3
8
20
51
9
5
53
38
53
10
2
4
11
40
6
24
12
37
61
13
5
3
56
26
14
2
61
15
63
59
61
61
16
4
29
62
30
17
18
8
12
9
0
19
7
20
44
6
10
33
64
53
0
21
22
6
23
3
36
23
55
13
24
55
37
5
45
45
20
20
19
27
2
27
21
26
41
28
54
57
42
24
0
30
8
13
31
50
44
63
44
18
45
7
57
16
33
22
58
47
29
35
4
13
48
36
12
25
50
24
23
38
19
2
3
58
60
52
5
39
53
26
35
0
12
54
42
29
55
64
64
61
0
24
44
38
62
35
58
63
0
46
41
4
63
64
30
5
24
64
12
61
17
48
44
62
19
30
37
63
46
52
64
30
64
5
32
29
53
21
49
4
1
40
55
24
41
37
52
35
11
64
56
41
63
59
59
61
63
59
61
61
63
38
63
37
61
63
63
61
58
63
53
63
61
63
56
61
63
63
64
63
57
62
62
64
63
63
63
23
55
3
63
15
45
63
63
54
47
64
60
62
64
64
62
37
55
63
54
58
63
24
61
64
8
63
63
13
3
59
63
57
45
63
47
63
63
22
58
61
34
35
16
64
15
29
62
25
47
20
64
28
19
63
17
