25
54
10
36
49
33
8
8
53
31
16
0
55
1
12
1
40
63
2
16
2
25
29
54
3
49
50
14
4
46
2
29
5
17
64
27
17
6
29
3
50
7
3
25
53
8
20
5
32
9
4
6
59
10
2
58
11
23
11
31
54
12
56
24
47
13
57
49
14
5
61
27
15
27
61
10
16
10
57
17
7
29
12
18
17
41
18
13
19
32
58
43
32
55
21
21
33
16
3
22
22
3
23
23
7
17
37
64
45
3
37
14
26
25
38
26
39
63
39
27
21
54
13
22
17
42
49
29
42
43
31
64
31
18
44
44
63
32
56
52
33
52
46
46
47
47
16
23
23
36
10
3
49
13
36
50
37
50
38
52
25
51
10
24
2
60
40
24
53
62
17
0
35
10
12
28
22
63
25
44
2
0
26
8
45
17
14
32
9
4
2
16
1
17
5
20
62
6
29
63
50
1
20
64
64
18
20
39
1
52
3
30
4
10
2
6
14
15
11
40
54
29
56
64
47
3
33
49
63
61
38
51
47
61
61
63
59
63
57
61
63
63
13
63
32
59
63
61
63
32
63
53
64
63
21
63
48
9
63
9
63
62
60
23
64
64
62
64
60
57
16
63
55
53
38
63
39
63
61
60
53
64
13
63
60
22
60
16
64
62
62
64
55
62
60
60
64
53
56
0
33
63
21
60
63
2
7
56
23
36
10
6
49
13
36
60
14
61
56
30
