25
54
56
28
21
19
64
25
22
34
31
58
34
63
1
56
1
47
2
11
27
2
60
3
61
46
3
34
4
15
0
22
15
5
28
48
1
6
2
63
45
47
29
7
8
35
53
30
9
5
9
36
2
1
6
10
53
32
55
11
53
12
24
5
13
8
48
41
3
57
14
61
26
4
15
4
16
35
51
59
41
63
61
53
18
64
31
63
19
53
6
6
20
41
44
33
47
63
42
22
12
1
23
15
56
24
36
49
18
25
15
25
17
58
61
12
55
61
27
59
40
56
14
41
9
64
50
2
30
7
63
54
4
64
61
32
57
2
45
58
4
14
34
57
8
34
47
35
48
59
62
12
26
60
49
6
63
13
1
5
39
52
39
23
59
14
25
25
30
41
1
63
8
10
22
56
1
18
12
11
22
2
63
8
64
46
4
13
10
47
0
60
64
12
61
48
1
64
18
63
50
14
63
64
26
31
20
51
8
27
5
20
33
9
6
10
28
3
55
16
6
12
10
5
21
8
64
41
59
57
63
61
29
61
47
63
61
37
29
39
63
63
9
64
63
64
63
63
19
64
63
63
63
27
63
63
52
63
5
63
12
63
58
62
62
40
63
63
18
62
51
63
31
63
61
10
55
63
63
51
21
56
63
45
64
64
60
2
64
7
63
14
4
64
61
5
22
18
20
3
62
14
62
57
20
62
10
17
61
44
62
12
58
61
62
5
63
63
1
5
