54
57
52
47
60
20
31
56
10
19
60
54
43
1
1
27
1
37
2
56
2
62
38
3
3
48
14
4
42
4
19
27
5
4
5
32
6
1
6
3
18
7
48
3
8
42
53
8
4
9
54
21
6
10
22
37
46
11
48
3
12
4
50
55
13
26
35
13
14
10
14
63
15
15
61
28
16
63
59
0
61
17
12
18
30
56
38
58
51
19
20
14
63
33
21
9
20
4
22
34
35
22
7
61
23
19
42
24
8
4
25
55
4
19
9
5
27
56
27
40
28
28
57
11
41
3
29
42
43
60
30
63
63
31
32
45
12
1
33
32
53
34
53
1
47
34
34
35
14
35
48
49
61
56
56
50
61
1
0
13
13
57
11
19
52
40
18
41
61
19
1
54
42
11
7
27
42
37
63
56
63
62
33
3
3
46
59
58
46
63
19
27
38
48
38
42
8
25
16
0
62
63
0
42
50
42
63
23
64
35
26
64
30
10
24
22
10
46
48
44
12
8
50
7
37
64
15
20
14
63
49
39
29
63
61
28
19
63
63
63
61
63
63
63
61
63
63
58
63
59
61
63
63
62
57
57
63
63
62
1
64
64
55
61
64
57
64
64
62
62
63
55
52
63
63
51
62
25
63
63
63
2
64
59
13
14
61
42
61
64
52
63
63
63
62
5
13
61
33
56
61
63
6
15
63
0
28
28
14
61
63
36
61
57
53
50
61
57
16
53
