8 8 8 8 8 8 8 8 8 8 8 8 8 8 8 8 8 5 8 8 8 8 8 13 13 13 13 13 11 11 2 5 8 8 8 8 8 8 8 8 8 8 8 8 8 8 8 7 8 8 0 0 0 0 0 0 0 0 0 0 8 8 8 8 8 8 8 8 8 8 8 8 8 8 8 5 8 8 8 8
7 9 10 6 9 8 5 11 7 11 16 6 11 7 8 1 9 13 5 8 4 14 4 10 7 16 8 2 8 12 15 7 8 14 10 12 10 3 12 10 0 0 4 6 16 2 8 13 4 0 8 16 8 16 8 3 11 9 15 7 8 1 10 16 8 15 6 8 4 14 10 12 10 4 1 10 6 0 13 10
15 8 5 8 8 10 16 8 8 8 8 8 8 8 6 14 6 15 13 7 13 15 12 0 10 0 0 4 5 16 8 11 8 9 10 8 8 8 11 1 1 7 0 0 11 8 3 6 2 5 3 15 1 16 8 8 10 4 8 8 8 8 8 8 13 8 3 12 3 0 12 12 8 4 8 0 5 6 8 12
8 8 11 13 7 8 8 8 4 11 8 8 8 9 8 8 12 11 8 1 13 13 5 0 8 9 8 8 8 7 13 4 11 6 11 10 6 8 9 0 8 14 16 8 16 8 12 15 3 13 14 8 8 14 8 11 8 8 7 8 9 8 8 8 8 8 8 16 8 5 8 8 8 8 0 0 0 0 0 8
8 13 8 8 8 8 0 8 8 8 8 8 10 8 8 8 8 13 5 8 3 8 8 8 13 7 13 13 13 11 11 10 5 5 5 5 8 8 8 8 7 8 8 8 8 3 8 8 8 8 8 8 8 8 8 12 12 12 12 12 10 8 8 8 5 8 8 8 8 8 8 8 8 8 16 0 0 8 0 10
8 8 3 1 0 8 5 16 0 5 2 12 9 10 7 14 8 14 7 11 7 0 7 6 7 11 8 15 14 8 8 4 3 12 11 14 8 13 11 1 2 12 15 12 12 15 13 9 13 1 1 6 12 14 7 8 1 8 4 8 3 8 8 8 8 11 11 7 8 8 3 16 5 6 5 2 1 4 13 8
1 8 12 9 11 0 14 10 9 9 7 13 8 9 8 12 15 16 9 7 8 8 8 16 3 8 11 14 15 3 11 8 12 14 16 1 15 11 8 0 7 2 3 7 10 2 14 11 0 5 8 13 2 14 4 7 11 11 15 9 10 8 4 4 8 7 0 8 4 6 13 14 4 8 9 3 8 3 9 5
1 8 5 5 5 4 5 14 5 8 10 11 13 11 9 7 10 5 5 16 2 0 0 0 4 5 2 1 12 10 3 11 8 2 8 0 8 4 6 0 7 3 6 8 2 12 8 3 6 14 10 9 13 14 14 13 16 8 7 8 1 12 5 4 12 12 8 0 2 8 5 4 13 11 11 13 16 13 2 8
8 7 8 8 8 8 8 8 8 8 8 8 8 8 8 8 8 13 13 13 13 8 14 5 8 8 14 8 8 8 8 13 13 7 5 13 13 8 8 8 12 12 12 12 12 8 8 8 8 8 8 8 8 8 2 8 8 8 8 8 8 8 12 8 8 8 4 4 8 8 8 8 8 8 8 8 11 11 8 8
6 13 15 10 8 3 0 5 13 14 4 8 0 8 13 15 13 8 16 4 15 5 8 0 6 8 6 16 1 0 14 16 12 2 2 8 0 8 9 13 2 15 2 2 3 3 14 10 14 13 4 11 6 5 3 3 16 2 4 7 6 14 14 8 4 0 15 10 1 0 15 7 16 8 8 8 10 8 9 8
