# Results obtained using DQN. CPU time: 18.36608648300171
0.01567835  75.00000000  0.00876959  80.00000000  2418.55145190  0.00000000
0.00087818  76.00000000  0.00075578  80.00000000  1720.23750216  0.00000000
0.00707653  78.00000000  0.00707653  80.00000000  3240.67494756  0.00000000
0.00058076  78.00000000  0.00058076  80.00000000  1554.21205761  0.00000000
0.01384156  78.00000000  0.01384156  80.00000000  2395.39093014  0.00000000
0.00052627  68.00000000  0.00014207  80.00000000  1722.61276459  0.00000000
0.00095174  78.00000000  0.00095174  80.00000000  2858.10338742  0.00710437
0.00072352  70.00000000  0.00002952  80.00000000  2588.91587021  0.01743801
0.00063770  78.00000000  0.00063770  80.00000000  3038.13582638  0.02777164
0.00183850  77.00000000  0.00179604  80.00000000  2871.90551115  0.03810528
0.00149574  71.00000000  0.00116992  80.00000000  2506.28498451  0.04843891
0.00284136  75.00000000  0.00062115  80.00000000  2338.00109678  0.05877255
0.02298592  76.00000000  0.02237637  80.00000000  2055.65175455  0.06910618
0.00215333  78.00000000  0.00215333  80.00000000  2620.46905141  0.07943982
0.00120610  78.00000000  0.00120610  80.00000000  1958.00270049  0.08977345
0.00144334  50.00000000  0.00058147  80.00000000  2190.12484509  0.10010709
0.09643884  78.00000000  0.09643884  80.00000000  3268.03131946  0.11044072
0.04126186  78.00000000  0.04126186  80.00000000  3431.80554134  0.12077436
0.00010360  78.00000000  0.00010360  80.00000000  1963.16754742  0.13110799
0.03075463  78.00000000  0.03075463  80.00000000  2245.64248677  0.14144163
0.00083935  77.00000000  0.00082792  80.00000000  1858.41545326  0.15177526
0.00010755  78.00000000  0.00010755  80.00000000  1982.80602236  0.16210890
0.00063004  75.00000000  0.00014988  80.00000000  3529.71835934  0.17244254
0.00596560  63.00000000  0.00268047  80.00000000  1930.32367220  0.18277617
0.00079996  74.00000000  0.00066357  80.00000000  2007.89348651  0.19310981
0.00128582  78.00000000  0.00128582  80.00000000  2069.52062664  0.20344344
0.00105597  78.00000000  0.00105597  80.00000000  3557.22691982  0.21377708
0.00013621  75.00000000  0.00010699  80.00000000  1957.95313414  0.22411071
0.02417356  74.00000000  0.02223367  80.00000000  3075.03102749  0.23444435
0.00407872  61.00000000  0.00377167  80.00000000  1607.80724751  0.24477798
0.00012788  57.00000000  0.00002480  80.00000000  1988.88448390  0.25511162
0.00124277  69.00000000  0.00037124  80.00000000  1942.50968165  0.26544525
0.00010470  75.00000000  0.00004918  80.00000000  3042.21260988  0.27577889
0.00090509  63.00000000  0.00050909  80.00000000  2868.21217623  0.28611252
0.00047010  77.00000000  0.00044729  80.00000000  2176.98128684  0.29644616
0.01014201  72.00000000  0.00417788  80.00000000  2483.42989778  0.30677979
0.00236121  78.00000000  0.00236121  80.00000000  2468.60707588  0.31711343
0.00029424  74.00000000  0.00014264  80.00000000  2319.11202357  0.32744706
0.01895960  78.00000000  0.01895960  80.00000000  1667.08445234  0.33778070
0.00057428  75.00000000  0.00052045  80.00000000  2062.88972161  0.34811433
0.00836999  78.00000000  0.00836999  80.00000000  2281.19241581  0.35844797
0.00076487  78.00000000  0.00076487  80.00000000  1634.25894293  0.36878160
0.00642031  74.00000000  0.00279677  80.00000000  2476.32820856  0.37911524
0.00541906  71.00000000  0.00069017  80.00000000  1865.98055235  0.38944887
0.00116993  68.00000000  0.00029619  80.00000000  2274.34134368  0.39978251
0.00045914  78.00000000  0.00045914  80.00000000  2871.21384339  0.41011614
0.00056788  68.00000000  0.00040946  80.00000000  2898.91523951  0.42044978
0.00140709  74.00000000  0.00047922  80.00000000  1791.37638299  0.43078341
0.00173566  78.00000000  0.00173566  80.00000000  2805.72931166  0.44111705
0.00010649  67.00000000  0.00008972  80.00000000  1862.05583718  0.45145068
0.05260638  71.00000000  0.01039138  80.00000000  3592.17280968  0.46178432
0.00319797  61.00000000  0.00078167  80.00000000  3491.30458946  0.47211795
0.00149229  72.00000000  0.00061538  80.00000000  3316.11663066  0.48245159
0.00716185  78.00000000  0.00716185  80.00000000  1486.92266018  0.49278522
0.00141639  74.00000000  0.00075163  80.00000000  3358.54651975  0.50311886
0.00011519  65.00000000  0.00001087  80.00000000  2185.24291920  0.51345249
0.00449018  66.00000000  0.00179727  80.00000000  2607.15139453  0.52378613
0.00654485  76.00000000  0.00618372  80.00000000  2203.61984749  0.53411976
0.00069754  52.00000000  0.00028271  80.00000000  3366.46045500  0.54445340
0.03664551  78.00000000  0.03664551  80.00000000  2888.67799509  0.55478703
0.00068458  78.00000000  0.00068458  80.00000000  2569.28954330  0.56512067
0.00494635  78.00000000  0.00494635  80.00000000  3643.34879429  0.57545430
0.00411310  75.00000000  0.00303271  80.00000000  2480.26490003  0.58578794
0.01602899  66.00000000  0.01339836  80.00000000  2489.75978566  0.59612157
0.00436115  61.00000000  0.00154400  80.00000000  3671.72247867  0.60645521
0.01338118  71.00000000  0.00283685  80.00000000  1962.05426286  0.61678884
0.00242283  76.00000000  0.00216175  80.00000000  2846.16753207  0.62712248
0.00630180  78.00000000  0.00630180  80.00000000  2578.03946771  0.63745611
0.02197669  78.00000000  0.02197669  80.00000000  1850.99919949  0.64778975
0.00539815  78.00000000  0.00539815  80.00000000  3641.60873974  0.65812338
0.00559072  70.00000000  0.00057505  80.00000000  2538.85602577  0.66845702
0.00634555  52.00000000  0.00167896  80.00000000  2274.53241689  0.67879065
0.01164737  72.00000000  0.00498882  80.00000000  3521.28327156  0.68912429
0.00403858  78.00000000  0.00403858  80.00000000  3192.55435842  0.69945792
0.00256004  72.00000000  0.00086162  80.00000000  2088.32938299  0.70979156
0.00561159  78.00000000  0.00561159  80.00000000  3549.18263994  0.72012519
0.00598739  78.00000000  0.00598739  80.00000000  3224.99304853  0.73045883
0.00064211  65.00000000  0.00041334  80.00000000  2273.83078079  0.74079246
0.05488717  66.00000000  0.02381694  80.00000000  3138.60178567  0.75112610
0.01111438  78.00000000  0.01111438  80.00000000  2922.09538489  0.76145973
0.00190332  71.00000000  0.00070073  80.00000000  2797.04897229  0.77179337
0.00475922  65.00000000  0.00010477  80.00000000  3110.30667157  0.78212700
0.00087911  70.00000000  0.00009507  80.00000000  2320.85332592  0.79246064
0.00671263  69.00000000  0.00235967  80.00000000  3370.67584558  0.80279427
0.00653537  78.00000000  0.00653537  80.00000000  3521.69020576  0.81312791
0.00734757  78.00000000  0.00734757  80.00000000  2254.23646482  0.82346154
0.00141082  49.00000000  0.00090195  80.00000000  3050.38741977  0.83379518
0.08119403  72.00000000  0.02865930  80.00000000  3568.54591761  0.84412881
0.00396036  69.00000000  0.00184582  80.00000000  2985.68066695  0.85446245
0.01455462  66.00000000  0.00384598  80.00000000  3614.26981870  0.86479608
0.00709619  75.00000000  0.00334911  80.00000000  3533.59171579  0.87512972
0.00009275  63.00000000  0.00001770  80.00000000  2585.48684161  0.88546335
0.00835498  73.00000000  0.00541860  80.00000000  3523.11488472  0.89579699
0.00499955  78.00000000  0.00499955  80.00000000  3525.51236319  0.90613062
0.01131337  78.00000000  0.01131337  80.00000000  2950.68346627  0.91646426
0.00627456  74.00000000  0.00317184  80.00000000  2915.71184677  0.92679789
0.00363220  78.00000000  0.00363220  80.00000000  3703.68260858  0.93713153
0.00090759  66.00000000  0.00030310  80.00000000  3525.06221733  0.94746516
0.00713409  78.00000000  0.00713409  80.00000000  3536.60128528  0.95779880
0.07281175  78.00000000  0.07281175  80.00000000  3172.77114438  0.96813243
0.00300399  78.00000000  0.00300399  80.00000000  3565.76636163  0.97846607
