30
34
30
6
6
30
31
10
34
0
36
21
20
9
20
19
35
18
1
18
1
11
10
17
25
21
2
33
17
2
25
0
26
12
3
13
1
3
36
22
19
1
14
4
1
20
21
5
15
36
30
24
6
24
6
3
17
1
23
7
18
17
34
0
30
8
25
26
1
33
19
9
28
0
29
20
25
10
5
32
35
32
2
11
21
21
29
22
36
28
29
32
13
23
13
36
34
29
8
14
33
31
25
35
15
32
15
36
8
3
26
16
31
33
11
17
27
27
3
17
28
18
28
28
29
19
9
8
19
33
5
30
14
10
30
9
9
31
10
31
15
35
22
32
13
22
35
12
18
15
33
10
17
24
13
13
34
36
24
0
0
3
15
35
9
35
5
36
26
1
36
5
36
27
7
9
5
23
3
27
24
6
19
6
1
17
0
18
30
31
17
26
33
34
8
36
2
34
33
19
36
30
0
35
35
30
35
22
21
35
7
34
36
36
30
35
32
7
35
26
32
35
12
27
36
34
36
8
9
35
25
3
35
15
36
28
36
7
3
36
16
24
13
36
17
27
26
3
34
36
18
34
11
34
11
36
24
34
22
