2 2 2 2 2 2 2 2 2 2 2 2 2 2 2 2 2 2 2 2 2 2 2 2 2 2 2 11 11 11 11 11 11 10 10 10 10 10 10 10 10 15 15 15 7 7 15 15 15 4 4 15 15 15 15 15 15 15 15 15 15 15 2 2 2 2 2 2 2 2 2 2 2 2 2 2 2 2 2 2
2 2 2 2 2 2 2 2 2 2 2 2 2 2 2 2 1 4 4 4 4 7 7 7 7 7 7 7 11 11 11 11 11 11 14 12 12 12 12 12 12 12 12 3 3 3 3 3 3 3 3 3 3 3 11 3 4 4 4 4 4 4 11 0 0 11 11 11 11 11 11 11 11 3 3 3 3 3 3 3
2 2 2 2 2 2 2 2 2 2 2 2 2 2 2 2 2 2 2 2 2 2 2 2 2 2 2 2 11 11 11 11 11 10 10 10 10 10 8 8 10 8 8 8 4 4 15 15 15 15 2 11 11 11 2 2 2 11 11 15 15 15 15 15 15 15 4 4 4 3 4 4 4 1 3 3 3 4 4 1
2 2 2 2 2 2 2 2 2 2 2 2 2 2 2 2 2 1 4 4 4 13 7 7 7 7 7 7 7 11 11 11 11 11 14 14 12 12 12 12 12 12 12 12 3 3 3 3 3 3 3 3 3 3 4 4 4 4 4 4 4 4 4 4 4 4 4 4 2 0 0 0 2 7 7 7 7 7 7 7
2 2 2 2 2 2 2 2 2 1 4 4 4 4 7 7 7 7 7 7 7 8 11 11 11 11 0 14 12 12 12 12 12 12 12 12 3 3 3 3 3 3 3 3 3 3 3 11 3 4 4 4 4 4 4 11 0 0 16 11 11 11 11 11 11 11 11 3 3 3 3 3 3 3 3 3 3 3 11 11
2 2 2 2 2 2 2 2 2 2 2 2 2 1 4 4 4 4 7 7 7 7 7 7 7 11 11 11 11 11 11 14 12 12 12 12 12 12 12 12 3 3 3 3 3 3 3 3 3 3 3 11 3 4 4 4 4 4 4 0 11 0 0 11 11 11 11 11 11 11 11 3 3 8 7 3 3 14 14 11
2 2 2 2 2 2 2 1 4 4 4 4 7 7 7 7 7 7 7 11 11 11 11 11 11 14 12 12 12 12 12 12 12 12 3 3 3 3 3 3 3 3 3 1 4 4 4 4 4 4 4 4 4 4 4 4 4 4 0 0 0 0 0 7 7 7 7 7 7 7 7 7 7 7 7 7 7 4 4 4
2 2 2 2 2 2 2 2 2 2 2 2 2 2 2 2 2 2 1 4 4 4 4 7 7 7 7 7 7 7 11 11 11 11 11 11 14 12 12 12 12 12 12 13 12 3 3 3 3 3 3 3 3 15 3 4 4 4 4 16 4 4 4 4 4 4 4 4 4 0 0 0 0 0 7 4 14 10 7 5
4 10 16 9 11 8 11 13 6 8 8 15 13 13 5 9 1 14 4 10 0 6 2 10 4 0 10 7 14 7 10 14 10 2 12 3 7 8 2 16 0 10 11 11 11 11 0 14 13 14 14 14 6 3 9 8 5 10 9 2 0 6 6 7 11 4 8 16 6 4 11 3 4 5 2 4 14 4 3 6
2 2 2 2 2 2 2 2 2 2 2 2 2 8 2 2 2 2 2 2 2 2 2 2 2 2 2 11 11 11 11 11 11 11 11 11 11 11 11 11 11 11 1 1 15 15 7 3 3 3 3 4 4 4 1 4 4 4 4 4 1 1 1 1 1 1 1 1 1 1 1 1 3 3 3 3 3 4 4 4
