# Results obtained using DQN. CPU time: 124.31410384178162
0.00189839  76.00000000  0.00168198  80.00000000  1946.55446022  0.00000000
0.00684102  76.00000000  0.00266597  80.00000000  2595.06237921  0.00000000
0.00289917  78.00000000  0.00289917  80.00000000  1795.51833927  0.00000000
0.00265397  78.00000000  0.00265397  80.00000000  2647.81972223  0.00000000
0.00039519  69.00000000  0.00030906  80.00000000  1996.28009914  0.00000000
0.00258584  66.00000000  0.00146525  80.00000000  2446.88138082  0.00000000
0.00030030  78.00000000  0.00030030  80.00000000  2062.30919920  0.01855577
0.00001460  63.00000000  0.00000479  80.00000000  1752.28503610  0.04554598
0.00035821  75.00000000  0.00020282  80.00000000  1763.40695746  0.07253619
0.00097859  78.00000000  0.00097859  80.00000000  1423.42132445  0.09952641
0.00068696  78.00000000  0.00068696  80.00000000  1693.67683763  0.12651662
0.10630794  78.00000000  0.10630794  80.00000000  3021.16830053  0.15350683
0.00071619  78.00000000  0.00071619  80.00000000  1996.97808683  0.18049704
0.00060114  70.00000000  0.00032918  80.00000000  1419.63279451  0.20748725
0.00391649  78.00000000  0.00391649  80.00000000  2938.86772321  0.23447746
0.00725598  78.00000000  0.00725598  80.00000000  2205.44041544  0.26146768
0.00019214  78.00000000  0.00019214  80.00000000  1862.41721924  0.28845789
0.00078221  60.00000000  0.00061459  80.00000000  1778.01247644  0.31544810
0.00072985  71.00000000  0.00041767  80.00000000  1974.55193178  0.34243831
0.00408292  65.00000000  0.00102001  80.00000000  2882.64722303  0.36942852
0.00097865  70.00000000  0.00050290  80.00000000  2944.56206914  0.39641873
0.01179487  78.00000000  0.01179487  80.00000000  1888.29271808  0.42340895
0.01387698  78.00000000  0.01387698  80.00000000  2988.55662270  0.45039916
0.00887366  76.00000000  0.00782043  80.00000000  2945.58451149  0.47738937
0.00008046  78.00000000  0.00008046  80.00000000  2177.67130445  0.50437958
0.00345167  69.00000000  0.00059035  80.00000000  1966.47781493  0.53136979
0.00732932  67.00000000  0.00436239  80.00000000  2052.78001544  0.55836000
0.00053388  78.00000000  0.00053388  80.00000000  1558.48097229  0.58535022
0.00083785  75.00000000  0.00083060  80.00000000  2726.49739132  0.61234043
0.00136136  65.00000000  0.00061328  80.00000000  1906.97386179  0.63933064
0.04130951  64.00000000  0.00071700  80.00000000  2128.20546711  0.66632085
0.01788388  75.00000000  0.01422902  80.00000000  1973.12174920  0.69331106
0.00015524  69.00000000  0.00014991  80.00000000  1253.00899614  0.72030127
0.00066686  76.00000000  0.00035158  80.00000000  1998.74551699  0.74729149
0.00360984  73.00000000  0.00206925  80.00000000  1714.90490802  0.77428170
0.00638941  54.00000000  0.00381915  80.00000000  2169.11970849  0.80127191
0.00505946  78.00000000  0.00505946  80.00000000  1931.93109957  0.82826212
0.01452155  76.00000000  0.01128988  80.00000000  2707.24127782  0.85525233
0.03813995  77.00000000  0.03788512  80.00000000  1640.57540179  0.88224254
0.00990457  78.00000000  0.00990457  80.00000000  2862.25835516  0.90923276
0.00474078  75.00000000  0.00426197  80.00000000  2169.11424139  0.93622297
0.00323268  65.00000000  0.00286522  80.00000000  1249.62643836  0.96321318
0.00370995  66.00000000  0.00248698  80.00000000  2840.09345684  0.99020339
0.00054013  66.00000000  0.00034431  80.00000000  1076.58305262  0.99000000
0.00190764  77.00000000  0.00186800  80.00000000  1117.75332383  0.99000000
0.00054013  66.00000000  0.00034431  80.00000000  1076.58305262  0.99000000
0.00845558  72.00000000  0.00617150  80.00000000  2060.74993325  0.99000000
0.00054013  66.00000000  0.00034431  80.00000000  1076.58305262  0.99000000
0.00199105  76.00000000  0.00188956  80.00000000  1111.72553945  0.99000000
0.00054013  66.00000000  0.00028193  80.00000000  1076.58305254  0.99000000
0.00851294  72.00000000  0.00601558  80.00000000  2060.74832736  0.99000000
0.01690489  75.00000000  0.00823982  80.00000000  1778.14842371  0.99000000
0.00054013  66.00000000  0.00034431  80.00000000  1076.58305262  0.99000000
0.00056767  69.00000000  0.00012576  80.00000000  1076.59036979  0.99000000
0.00314306  75.00000000  0.00258973  80.00000000  1123.19356582  0.99000000
0.00054013  66.00000000  0.00034431  80.00000000  1076.58305262  0.99000000
0.00054013  66.00000000  0.00034431  80.00000000  1076.58305262  0.99000000
0.00054013  66.00000000  0.00034431  80.00000000  1076.58305262  0.99000000
0.00054013  66.00000000  0.00034431  80.00000000  1076.58305262  0.99000000
0.00690654  78.00000000  0.00690654  80.00000000  1100.43162247  0.99000000
0.00054013  66.00000000  0.00034431  80.00000000  1076.58305262  0.99000000
0.00054013  66.00000000  0.00029940  80.00000000  1076.58306193  0.99000000
0.00054013  66.00000000  0.00034431  80.00000000  1076.58305262  0.99000000
0.00054013  66.00000000  0.00034431  80.00000000  1076.58305262  0.99000000
0.00054013  66.00000000  0.00034431  80.00000000  1076.58305262  0.99000000
0.00054013  66.00000000  0.00034431  80.00000000  1076.58305262  0.99000000
0.00054013  66.00000000  0.00034431  80.00000000  1076.58305262  0.99000000
0.00054013  66.00000000  0.00034431  80.00000000  1076.58305262  0.99000000
0.00512198  78.00000000  0.00512198  80.00000000  1299.20791556  0.99000000
0.00314188  77.00000000  0.00311070  80.00000000  1111.70322343  0.99000000
0.00342022  69.00000000  0.00210659  80.00000000  1182.92253501  0.99000000
0.00054013  66.00000000  0.00034431  80.00000000  1076.58305262  0.99000000
0.00054013  66.00000000  0.00034134  80.00000000  1076.58305601  0.99000000
0.00053707  65.00000000  0.00004701  80.00000000  1076.58305019  0.99000000
0.00054013  66.00000000  0.00034431  80.00000000  1076.58305262  0.99000000
0.00054013  66.00000000  0.00034431  80.00000000  1076.58305262  0.99000000
0.00612239  78.00000000  0.00612239  80.00000000  1414.78619564  0.99000000
0.00054013  66.00000000  0.00034431  80.00000000  1076.58305262  0.99000000
0.00575996  78.00000000  0.00575996  80.00000000  1298.83660650  0.99000000
0.00054013  66.00000000  0.00034431  80.00000000  1076.58305262  0.99000000
0.00054013  66.00000000  0.00034431  80.00000000  1076.58305262  0.99000000
0.00038797  61.00000000  0.00011479  80.00000000  1076.71810127  0.99000000
0.71563892  78.00000000  0.71563892  80.00000000  1337.93358725  0.99000000
0.00052645  65.00000000  0.00002708  80.00000000  1076.58306577  0.99000000
0.58560759  77.00000000  0.58387607  80.00000000  1294.85314724  0.99000000
0.00054013  66.00000000  0.00034431  80.00000000  1076.58305262  0.99000000
0.00054937  78.00000000  0.00054937  80.00000000  1078.99133075  0.99000000
0.00016902  75.00000000  0.00011602  80.00000000  1076.84330528  0.99000000
0.00054013  66.00000000  0.00034431  80.00000000  1076.58305262  0.99000000
0.00730253  69.00000000  0.00432894  80.00000000  1230.27315249  0.99000000
0.00054013  66.00000000  0.00034431  80.00000000  1076.58305262  0.99000000
0.00054013  66.00000000  0.00034431  80.00000000  1076.58305262  0.99000000
0.00307917  71.00000000  0.00084340  80.00000000  1157.66564193  0.99000000
0.00585232  65.00000000  0.00489909  80.00000000  1929.67989746  0.99000000
0.00054013  66.00000000  0.00034431  80.00000000  1076.58305262  0.99000000
0.00908597  67.00000000  0.00643480  80.00000000  2840.04005518  0.99000000
0.00054013  66.00000000  0.00034431  80.00000000  1076.58305262  0.99000000
0.00054013  66.00000000  0.00034431  80.00000000  1076.58305262  0.99000000
0.00054013  66.00000000  0.00034431  80.00000000  1076.58305262  0.99000000
0.00054013  66.00000000  0.00034271  80.00000000  1076.58305483  0.99000000
0.00034137  78.00000000  0.00034137  80.00000000  1078.11838062  0.99000000
0.00054013  66.00000000  0.00034431  80.00000000  1076.58305262  0.99000000
0.00054013  66.00000000  0.00034431  80.00000000  1076.58305262  0.99000000
0.00054013  66.00000000  0.00034431  80.00000000  1076.58305262  0.99000000
0.00054013  66.00000000  0.00034431  80.00000000  1076.58305262  0.99000000
0.00054013  66.00000000  0.00034431  80.00000000  1076.58305262  0.99000000
0.00342442  75.00000000  0.00286403  80.00000000  1123.87705099  0.99000000
0.00054013  66.00000000  0.00034431  80.00000000  1076.58305262  0.99000000
0.00202971  78.00000000  0.00202971  80.00000000  1085.53651903  0.99000000
0.00950145  78.00000000  0.00950145  80.00000000  1299.14742439  0.99000000
0.01414623  78.00000000  0.01414623  80.00000000  2198.72386371  0.99000000
0.00721618  76.00000000  0.00678248  80.00000000  1623.22030562  0.99000000
0.00180614  78.00000000  0.00180614  80.00000000  1212.58253113  0.99000000
0.00461308  78.00000000  0.00461308  80.00000000  1111.72632885  0.99000000
0.72356141  69.00000000  0.13365010  80.00000000  2208.09167363  0.99000000
0.00054013  66.00000000  0.00034431  80.00000000  1076.58305262  0.99000000
0.00054013  66.00000000  0.00034431  80.00000000  1076.58305262  0.99000000
0.00025701  77.00000000  0.00025326  80.00000000  1076.58304773  0.99000000
0.00420381  67.00000000  0.00154350  80.00000000  1213.46608307  0.99000000
0.00034688  73.00000000  0.00034623  80.00000000  1076.84357097  0.99000000
0.02007912  78.00000000  0.02007912  80.00000000  1614.47519106  0.99000000
0.01001562  78.00000000  0.01001562  80.00000000  1623.20746148  0.99000000
0.00054013  66.00000000  0.00034431  80.00000000  1076.58305262  0.99000000
0.10090521  72.00000000  0.07256515  80.00000000  1505.56741226  0.99000000
0.00054013  66.00000000  0.00034431  80.00000000  1076.58305262  0.99000000
0.00043680  63.00000000  0.00007595  80.00000000  1076.85080122  0.99000000
0.00076939  78.00000000  0.00076939  80.00000000  1081.57605354  0.99000000
0.01457389  78.00000000  0.01457389  80.00000000  2494.28423490  0.99000000
0.01111379  78.00000000  0.01111379  80.00000000  1623.20767606  0.99000000
0.00046647  64.00000000  0.00002038  80.00000000  1076.58306410  0.99000000
0.00054013  66.00000000  0.00034431  80.00000000  1076.58305262  0.99000000
0.00054013  66.00000000  0.00004585  80.00000000  1076.58305191  0.99000000
0.00054013  66.00000000  0.00034431  80.00000000  1076.58305262  0.99000000
0.00054013  66.00000000  0.00034431  80.00000000  1076.58305262  0.99000000
0.00053923  66.00000000  0.00006517  80.00000000  1076.58306951  0.99000000
0.00054013  66.00000000  0.00034431  80.00000000  1076.58305262  0.99000000
0.00050103  64.00000000  0.00005375  80.00000000  1076.58306747  0.99000000
0.00054013  66.00000000  0.00034431  80.00000000  1076.58305262  0.99000000
0.00814685  73.00000000  0.00614412  80.00000000  1945.44459309  0.99000000
0.00054013  66.00000000  0.00034431  80.00000000  1076.58305262  0.99000000
0.00053992  66.00000000  0.00025948  80.00000000  1076.58306485  0.99000000
0.01457389  78.00000000  0.01457389  80.00000000  2494.28424859  0.99000000
0.01236424  63.00000000  0.00951635  80.00000000  1651.72267924  0.99000000
0.00054013  66.00000000  0.00034431  80.00000000  1076.58305262  0.99000000
0.00742044  76.00000000  0.00710204  80.00000000  1414.92871740  0.99000000
0.00155294  78.00000000  0.00155294  80.00000000  1085.53448881  0.99000000
0.00054013  66.00000000  0.00034431  80.00000000  1076.58305262  0.99000000
0.00054013  66.00000000  0.00034431  80.00000000  1076.58305262  0.99000000
0.00361028  77.00000000  0.00359268  80.00000000  1111.72629493  0.99000000
0.00054013  66.00000000  0.00034431  80.00000000  1076.58305262  0.99000000
0.00054013  66.00000000  0.00034431  80.00000000  1076.58305262  0.99000000
0.00054013  66.00000000  0.00034431  80.00000000  1076.58305273  0.99000000
0.00054013  66.00000000  0.00034431  80.00000000  1076.58305262  0.99000000
0.00460322  78.00000000  0.00460322  80.00000000  1276.94199963  0.99000000
0.00054013  66.00000000  0.00034431  80.00000000  1076.58305262  0.99000000
0.00054013  66.00000000  0.00034431  80.00000000  1076.58305262  0.99000000
0.00773203  76.00000000  0.00722774  80.00000000  1622.81572690  0.99000000
0.00054013  66.00000000  0.00034431  80.00000000  1076.58305262  0.99000000
0.00054013  66.00000000  0.00034431  80.00000000  1076.58305262  0.99000000
0.00345834  72.00000000  0.00121059  80.00000000  1148.84789179  0.99000000
0.01690489  75.00000000  0.00823982  80.00000000  1778.14842371  0.99000000
0.00054013  66.00000000  0.00034431  80.00000000  1076.58305262  0.99000000
0.00055903  78.00000000  0.00055903  80.00000000  1078.68554736  0.99000000
0.00224115  76.00000000  0.00140257  80.00000000  1091.29592357  0.99000000
0.00054013  66.00000000  0.00034033  80.00000000  1076.58305628  0.99000000
0.00782598  71.00000000  0.00593640  80.00000000  2198.58345581  0.99000000
0.00054625  68.00000000  0.00012991  80.00000000  1076.58306172  0.99000000
0.00054013  66.00000000  0.00034431  80.00000000  1076.58305262  0.99000000
0.00054013  66.00000000  0.00034431  80.00000000  1076.58305262  0.99000000
0.00125067  78.00000000  0.00125067  80.00000000  1085.53650420  0.99000000
0.00054013  66.00000000  0.00034431  80.00000000  1076.58305262  0.99000000
0.00721365  76.00000000  0.00677915  80.00000000  1623.14163271  0.99000000
0.00054013  66.00000000  0.00034431  80.00000000  1076.58305262  0.99000000
0.00054013  66.00000000  0.00034431  80.00000000  1076.58305262  0.99000000
0.00054013  66.00000000  0.00034431  80.00000000  1076.58305262  0.99000000
0.00407349  76.00000000  0.00387345  80.00000000  1131.38993116  0.99000000
0.00042546  62.00000000  0.00013907  80.00000000  1076.58304968  0.99000000
0.00054013  66.00000000  0.00034431  80.00000000  1076.58305262  0.99000000
0.00031590  72.00000000  0.00005014  80.00000000  1076.85241480  0.99000000
0.00054013  66.00000000  0.00034431  80.00000000  1076.58305265  0.99000000
0.00054013  66.00000000  0.00034431  80.00000000  1076.58305262  0.99000000
0.01453028  77.00000000  0.01442094  80.00000000  2494.28440101  0.99000000
0.00054013  66.00000000  0.00034431  80.00000000  1076.58305262  0.99000000
0.00054013  66.00000000  0.00034431  80.00000000  1076.58305262  0.99000000
0.08004546  70.00000000  0.04319694  80.00000000  1875.59264268  0.99000000
0.00419552  68.00000000  0.00094626  80.00000000  1194.75243064  0.99000000
0.00054013  66.00000000  0.00034431  80.00000000  1076.58305262  0.99000000
0.00054013  66.00000000  0.00034431  80.00000000  1076.58305262  0.99000000
0.00054013  66.00000000  0.00034365  80.00000000  1076.58305485  0.99000000
0.00672203  78.00000000  0.00672203  80.00000000  1098.86618457  0.99000000
0.00054013  66.00000000  0.00034431  80.00000000  1076.58305262  0.99000000
0.00054013  66.00000000  0.00034431  80.00000000  1076.58305262  0.99000000
0.00054013  66.00000000  0.00034431  80.00000000  1076.58305262  0.99000000
0.00054013  66.00000000  0.00034431  80.00000000  1076.58305262  0.99000000
0.01110106  78.00000000  0.01110106  80.00000000  1121.39274062  0.99000000
0.00054013  66.00000000  0.00034431  80.00000000  1076.58305262  0.99000000
0.00054013  66.00000000  0.00034431  80.00000000  1076.58305262  0.99000000
0.00054013  66.00000000  0.00034431  80.00000000  1076.58305262  0.99000000
0.00054013  66.00000000  0.00034431  80.00000000  1076.58305262  0.99000000
0.00054013  66.00000000  0.00034431  80.00000000  1076.58305262  0.99000000
0.00376955  73.00000000  0.00195515  80.00000000  1138.30048252  0.99000000
0.00054013  66.00000000  0.00034431  80.00000000  1076.58305262  0.99000000
0.00054013  66.00000000  0.00027078  80.00000000  1076.58305261  0.99000000
0.00054013  66.00000000  0.00034431  80.00000000  1076.58305262  0.99000000
0.00054013  66.00000000  0.00034431  80.00000000  1076.58305262  0.99000000
0.00054013  66.00000000  0.00034431  80.00000000  1076.58305262  0.99000000
0.00442891  67.00000000  0.00163704  80.00000000  1213.08365118  0.99000000
0.00442256  67.00000000  0.00141900  80.00000000  1213.08363991  0.99000000
0.00910652  78.00000000  0.00910652  80.00000000  2681.47293950  0.99000000
0.00054013  66.00000000  0.00034431  80.00000000  1076.58305262  0.99000000
0.00054013  66.00000000  0.00034417  80.00000000  1076.58305722  0.99000000
0.00054013  66.00000000  0.00034431  80.00000000  1076.58305262  0.99000000
0.00052112  65.00000000  0.00010756  80.00000000  1076.58305225  0.99000000
0.00030812  60.00000000  0.00007321  80.00000000  1076.71675954  0.99000000
0.00218444  77.00000000  0.00214624  80.00000000  1111.50881410  0.99000000
0.00208487  78.00000000  0.00208487  80.00000000  2545.57255265  0.99000000
0.00054013  66.00000000  0.00034431  80.00000000  1076.58305262  0.99000000
0.04639795  78.00000000  0.04639795  80.00000000  1131.02889410  0.99000000
0.00475036  75.00000000  0.00377989  80.00000000  1123.88836769  0.99000000
0.00135495  78.00000000  0.00135495  80.00000000  1081.57679576  0.99000000
0.00049817  64.00000000  0.00003997  80.00000000  1076.58306708  0.99000000
0.00054013  66.00000000  0.00034423  80.00000000  1076.58305271  0.99000000
0.00054013  66.00000000  0.00034431  80.00000000  1076.58305262  0.99000000
0.00843692  68.00000000  0.00695940  80.00000000  2681.47306147  0.99000000
0.00047369  76.00000000  0.00044834  80.00000000  1076.58305166  0.99000000
0.00054013  66.00000000  0.00034431  80.00000000  1076.58305262  0.99000000
0.02848878  76.00000000  0.02719034  80.00000000  1182.35618566  0.99000000
0.00016705  78.00000000  0.00016705  80.00000000  1076.61139674  0.99000000
0.00054013  66.00000000  0.00034431  80.00000000  1076.58305262  0.99000000
0.00054013  66.00000000  0.00034431  80.00000000  1076.58305262  0.99000000
0.00795694  78.00000000  0.00795694  80.00000000  1480.97200974  0.99000000
0.01057144  69.00000000  0.00269874  80.00000000  2364.84220611  0.99000000
0.00053492  66.00000000  0.00015501  80.00000000  1076.58306938  0.99000000
0.00054013  66.00000000  0.00034431  80.00000000  1076.58305262  0.99000000
0.00054013  66.00000000  0.00034431  80.00000000  1076.58305262  0.99000000
0.00734081  74.00000000  0.00603784  80.00000000  1810.26619327  0.99000000
0.00054013  66.00000000  0.00034431  80.00000000  1076.58305262  0.99000000
0.00054013  66.00000000  0.00034431  80.00000000  1076.58305262  0.99000000
0.00054013  66.00000000  0.00034431  80.00000000  1076.58305262  0.99000000
0.00054013  66.00000000  0.00034431  80.00000000  1076.58305262  0.99000000
0.01301465  69.00000000  0.00028553  80.00000000  2702.80678021  0.99000000
0.00054013  66.00000000  0.00034431  80.00000000  1076.58305262  0.99000000
0.00054011  66.00000000  0.00033160  80.00000000  1076.58305594  0.99000000
0.00209075  62.00000000  0.00092676  80.00000000  1334.15881549  0.99000000
0.00054013  66.00000000  0.00034431  80.00000000  1076.58305262  0.99000000
0.00054013  66.00000000  0.00034431  80.00000000  1076.58305262  0.99000000
0.00054013  66.00000000  0.00034431  80.00000000  1076.58305262  0.99000000
0.00054013  66.00000000  0.00034431  80.00000000  1076.58305262  0.99000000
0.01057885  78.00000000  0.01057885  80.00000000  1117.53399043  0.99000000
0.00053746  66.00000000  0.00033458  80.00000000  1076.58305249  0.99000000
0.00054013  66.00000000  0.00034431  80.00000000  1076.58305262  0.99000000
0.00054013  66.00000000  0.00034431  80.00000000  1076.58305262  0.99000000
0.00054013  66.00000000  0.00034431  80.00000000  1076.58305262  0.99000000
0.00054013  66.00000000  0.00034431  80.00000000  1076.58305289  0.99000000
0.00055672  66.00000000  0.00007557  80.00000000  1076.58306445  0.99000000
0.00054013  66.00000000  0.00034431  80.00000000  1076.58305262  0.99000000
0.00054013  66.00000000  0.00034431  80.00000000  1076.58305262  0.99000000
0.00054013  66.00000000  0.00034431  80.00000000  1076.58305262  0.99000000
0.00054013  66.00000000  0.00034431  80.00000000  1076.58305262  0.99000000
0.00054013  66.00000000  0.00034431  80.00000000  1076.58305262  0.99000000
0.00052558  65.00000000  0.00009798  80.00000000  1076.58306904  0.99000000
0.00285521  78.00000000  0.00285521  80.00000000  1087.43555789  0.99000000
0.00843692  68.00000000  0.00624675  80.00000000  2681.47274283  0.99000000
0.00654337  78.00000000  0.00654337  80.00000000  1414.78624712  0.99000000
0.00054013  66.00000000  0.00034431  80.00000000  1076.58305262  0.99000000
0.00054013  66.00000000  0.00048741  80.00000000  1076.58306249  0.99000000
0.00044694  63.00000000  0.00009259  80.00000000  1076.58305111  0.99000000
0.00375312  66.00000000  0.00274045  80.00000000  1229.91489108  0.99000000
0.00053825  66.00000000  0.00019977  80.00000000  1076.58306761  0.99000000
0.00054013  66.00000000  0.00034431  80.00000000  1076.58305262  0.99000000
0.00054013  66.00000000  0.00034392  80.00000000  1076.58305270  0.99000000
0.00109272  78.00000000  0.00109272  80.00000000  1082.53335582  0.99000000
0.00512904  78.00000000  0.00512904  80.00000000  1299.20710564  0.99000000
0.00054013  66.00000000  0.00034431  80.00000000  1076.58305262  0.99000000
0.00032335  60.00000000  0.00019856  80.00000000  1076.58304800  0.99000000
0.00054013  66.00000000  0.00034431  80.00000000  1076.58305262  0.99000000
0.00054013  66.00000000  0.00034431  80.00000000  1076.58305262  0.99000000
0.00460373  78.00000000  0.00460373  80.00000000  1276.94198910  0.99000000
0.00049559  64.00000000  0.00002308  80.00000000  1076.59034350  0.99000000
0.00236921  78.00000000  0.00236921  80.00000000  1102.71549348  0.99000000
0.00314188  77.00000000  0.00311070  80.00000000  1111.70322343  0.99000000
0.00054013  66.00000000  0.00034431  80.00000000  1076.58305262  0.99000000
0.00289873  77.00000000  0.00273761  80.00000000  1134.79268334  0.99000000
0.00054013  66.00000000  0.00034431  80.00000000  1076.58305262  0.99000000
0.00043274  78.00000000  0.00043274  80.00000000  1078.11934758  0.99000000
0.00054013  66.00000000  0.00034431  80.00000000  1076.58305262  0.99000000
0.00054013  66.00000000  0.00034431  80.00000000  1076.58305262  0.99000000
0.00054013  66.00000000  0.00034431  80.00000000  1076.58305262  0.99000000
0.00654213  78.00000000  0.00654213  80.00000000  1414.78658793  0.99000000
0.00054013  66.00000000  0.00034431  80.00000000  1076.58305262  0.99000000
0.00054013  66.00000000  0.00034431  80.00000000  1076.58305262  0.99000000
0.00377880  66.00000000  0.00277924  80.00000000  1230.18666176  0.99000000
0.00054013  66.00000000  0.00034431  80.00000000  1076.58305262  0.99000000
0.00054013  66.00000000  0.00034431  80.00000000  1076.58305262  0.99000000
0.00054013  66.00000000  0.00034431  80.00000000  1076.58305262  0.99000000
0.00400549  69.00000000  0.00076028  80.00000000  1183.05916229  0.99000000
0.00054013  66.00000000  0.00034431  80.00000000  1076.58305262  0.99000000
0.00054013  66.00000000  0.00034431  80.00000000  1076.58305262  0.99000000
0.00054013  66.00000000  0.00034431  80.00000000  1076.58305262  0.99000000
0.00061201  66.00000000  0.00005214  80.00000000  1076.58306915  0.99000000
0.00054013  66.00000000  0.00034431  80.00000000  1076.58305262  0.99000000
0.00054013  66.00000000  0.00034431  80.00000000  1076.58305262  0.99000000
0.00054013  66.00000000  0.00034431  80.00000000  1076.58305262  0.99000000
0.00054013  66.00000000  0.00033592  80.00000000  1076.58305520  0.99000000
0.00090166  78.00000000  0.00090166  80.00000000  1121.95893494  0.99000000
0.00054013  66.00000000  0.00034431  80.00000000  1076.58305262  0.99000000
0.00903571  70.00000000  0.00822186  80.00000000  2364.52321472  0.99000000
0.00584753  76.00000000  0.00560643  80.00000000  1130.07813410  0.99000000
0.00054013  66.00000000  0.00034431  80.00000000  1076.58305262  0.99000000
0.00054013  66.00000000  0.00034431  80.00000000  1076.58305262  0.99000000
0.00739810  78.00000000  0.00739810  80.00000000  1373.15455991  0.99000000
0.00215056  78.00000000  0.00215056  80.00000000  1129.99250189  0.99000000
0.00054013  66.00000000  0.00032577  80.00000000  1076.58305263  0.99000000
0.00054013  66.00000000  0.00034431  80.00000000  1076.58305262  0.99000000
0.00054012  66.00000000  0.00031761  80.00000000  1076.58306152  0.99000000
0.00054013  66.00000000  0.00034431  80.00000000  1076.58305262  0.99000000
0.00052091  65.00000000  0.00009684  80.00000000  1076.59035898  0.99000000
0.00054013  66.00000000  0.00034431  80.00000000  1076.58305262  0.99000000
0.00671152  78.00000000  0.00671152  80.00000000  1334.34377997  0.99000000
0.00252663  78.00000000  0.00252663  80.00000000  1095.93232130  0.99000000
0.00054013  66.00000000  0.00034431  80.00000000  1076.58305262  0.99000000
0.00054001  66.00000000  0.00030119  80.00000000  1076.58305266  0.99000000
0.00734021  74.00000000  0.00603771  80.00000000  1810.29491586  0.99000000
0.00043680  63.00000000  0.00007595  80.00000000  1076.85080122  0.99000000
0.00054013  66.00000000  0.00034431  80.00000000  1076.58305262  0.99000000
0.00054013  66.00000000  0.00034431  80.00000000  1076.58305262  0.99000000
0.00037797  72.00000000  0.00024464  80.00000000  1076.68002658  0.99000000
0.00330930  60.00000000  0.00147080  80.00000000  1414.49054477  0.99000000
0.00054013  66.00000000  0.00034431  80.00000000  1076.58305262  0.99000000
0.00845866  72.00000000  0.00634282  80.00000000  2060.75663979  0.99000000
0.00399370  72.00000000  0.00142040  80.00000000  1148.97002214  0.99000000
0.01155616  77.00000000  0.01147520  80.00000000  1622.29931653  0.99000000
0.00367920  74.00000000  0.00245325  80.00000000  1131.39744834  0.99000000
0.00049845  78.00000000  0.00049845  80.00000000  1078.99310967  0.99000000
0.00324583  65.00000000  0.00296617  80.00000000  1249.67961692  0.99000000
0.04413777  76.00000000  0.03287869  80.00000000  2355.26159473  0.99000000
0.00054013  66.00000000  0.00034431  80.00000000  1076.58305262  0.99000000
0.00054013  66.00000000  0.00034431  80.00000000  1076.58305262  0.99000000
0.00054013  66.00000000  0.00034431  80.00000000  1076.58305262  0.99000000
0.00054013  66.00000000  0.00034431  80.00000000  1076.58305262  0.99000000
0.00054013  66.00000000  0.00034431  80.00000000  1076.58305262  0.99000000
0.00054013  66.00000000  0.00034431  80.00000000  1076.58305262  0.99000000
0.00054013  66.00000000  0.00034431  80.00000000  1076.58305262  0.99000000
0.00047391  64.00000000  0.00004691  80.00000000  1076.62680455  0.99000000
0.00054013  66.00000000  0.00034431  80.00000000  1076.58305262  0.99000000
0.00052559  65.00000000  0.00009865  80.00000000  1076.58306904  0.99000000
0.00072298  78.00000000  0.00072298  80.00000000  1078.68708155  0.99000000
0.00054013  66.00000000  0.00034431  80.00000000  1076.58305262  0.99000000
0.00054013  66.00000000  0.00034431  80.00000000  1076.58305262  0.99000000
0.00054013  66.00000000  0.00034431  80.00000000  1076.58305262  0.99000000
0.00054013  66.00000000  0.00034431  80.00000000  1076.58305262  0.99000000
0.08800535  73.00000000  0.07385603  80.00000000  1353.06598532  0.99000000
0.00054013  66.00000000  0.00034431  80.00000000  1076.58305262  0.99000000
0.00054013  66.00000000  0.00034431  80.00000000  1076.58305262  0.99000000
0.00054013  66.00000000  0.00034431  80.00000000  1076.58305262  0.99000000
0.00051042  64.00000000  0.00004475  80.00000000  1076.61180905  0.99000000
0.00054012  66.00000000  0.00028503  80.00000000  1076.58305257  0.99000000
0.00054013  66.00000000  0.00034431  80.00000000  1076.58305262  0.99000000
0.00788179  52.00000000  0.00270900  80.00000000  2335.60666483  0.99000000
0.00034410  62.00000000  0.00007984  80.00000000  1078.69205578  0.99000000
0.00054013  66.00000000  0.00034431  80.00000000  1076.58305262  0.99000000
0.00047402  64.00000000  0.00005059  80.00000000  1076.62689502  0.99000000
0.00054013  66.00000000  0.00034431  80.00000000  1076.58305262  0.99000000
0.00293507  75.00000000  0.00291851  80.00000000  1340.23540619  0.99000000
0.00054013  66.00000000  0.00034431  80.00000000  1076.58305262  0.99000000
0.00054013  66.00000000  0.00034431  80.00000000  1076.58305262  0.99000000
0.00054013  66.00000000  0.00034431  80.00000000  1076.58305262  0.99000000
0.00053256  65.00000000  0.00008715  80.00000000  1076.58306407  0.99000000
0.00047835  63.00000000  0.00013355  80.00000000  1076.58304968  0.99000000
0.00054013  66.00000000  0.00034431  80.00000000  1076.58305262  0.99000000
0.00054013  66.00000000  0.00034431  80.00000000  1076.58305262  0.99000000
0.00054013  66.00000000  0.00034431  80.00000000  1076.58305265  0.99000000
0.00054013  66.00000000  0.00034431  80.00000000  1076.58305262  0.99000000
0.00654366  78.00000000  0.00654366  80.00000000  1414.78619949  0.99000000
0.00336617  78.00000000  0.00336617  80.00000000  1105.42189110  0.99000000
0.00054013  66.00000000  0.00034431  80.00000000  1076.58305262  0.99000000
0.00362806  77.00000000  0.00359877  80.00000000  1111.72574510  0.99000000
0.00054013  66.00000000  0.00034431  80.00000000  1076.58305262  0.99000000
0.00043664  78.00000000  0.00043664  80.00000000  1076.58304969  0.99000000
0.01488700  78.00000000  0.01488700  80.00000000  2681.27923179  0.99000000
0.00577230  78.00000000  0.00577230  80.00000000  1334.42952520  0.99000000
0.00053978  66.00000000  0.00024977  80.00000000  1076.58306606  0.99000000
0.00421924  78.00000000  0.00421924  80.00000000  1096.17636016  0.99000000
0.00054013  66.00000000  0.00034431  80.00000000  1076.58305262  0.99000000
0.00054013  66.00000000  0.00034431  80.00000000  1076.58305289  0.99000000
0.00054013  66.00000000  0.00034431  80.00000000  1076.58305262  0.99000000
0.02182522  78.00000000  0.02182522  80.00000000  2198.73459998  0.99000000
0.00054013  66.00000000  0.00034431  80.00000000  1076.58305262  0.99000000
0.00485460  69.00000000  0.00073041  80.00000000  1183.07924226  0.99000000
0.00054013  66.00000000  0.00034431  80.00000000  1076.58305262  0.99000000
0.01327269  72.00000000  0.00870896  80.00000000  2364.52724170  0.99000000
0.00054013  66.00000000  0.00034431  80.00000000  1076.58305262  0.99000000
0.00249574  78.00000000  0.00249574  80.00000000  1088.63874470  0.99000000
0.00444290  78.00000000  0.00444290  80.00000000  1100.74180140  0.99000000
0.00054013  66.00000000  0.00034431  80.00000000  1076.58305262  0.99000000
0.00054013  66.00000000  0.00034431  80.00000000  1076.58305262  0.99000000
0.00054013  66.00000000  0.00034431  80.00000000  1076.58305262  0.99000000
0.00662380  78.00000000  0.00662380  80.00000000  1213.45936070  0.99000000
0.00054013  66.00000000  0.00034431  80.00000000  1076.58305262  0.99000000
0.00054013  66.00000000  0.00034431  80.00000000  1076.58305262  0.99000000
0.00064300  78.00000000  0.00064300  80.00000000  1116.78503864  0.99000000
0.00054013  66.00000000  0.00034431  80.00000000  1076.58305262  0.99000000
0.00054013  66.00000000  0.00034431  80.00000000  1076.58305262  0.99000000
0.00054013  66.00000000  0.00034431  80.00000000  1076.58305262  0.99000000
0.00054013  66.00000000  0.00034431  80.00000000  1076.58305262  0.99000000
0.00054013  66.00000000  0.00034431  80.00000000  1076.58305262  0.99000000
0.00093176  78.00000000  0.00093176  80.00000000  1096.17618010  0.99000000
0.00054013  66.00000000  0.00034431  80.00000000  1076.58305262  0.99000000
0.00374477  74.00000000  0.00251915  80.00000000  1131.39840566  0.99000000
0.00054013  66.00000000  0.00034431  80.00000000  1076.58305262  0.99000000
0.00054013  66.00000000  0.00034431  80.00000000  1076.58305262  0.99000000
0.00049867  63.00000000  0.00003940  80.00000000  1076.59418010  0.99000000
0.00204569  78.00000000  0.00204569  80.00000000  1088.63840145  0.99000000
0.00054013  66.00000000  0.00034431  80.00000000  1076.58305262  0.99000000
0.00054013  66.00000000  0.00007088  80.00000000  1076.58305213  0.99000000
0.00054013  66.00000000  0.00034431  80.00000000  1076.58305262  0.99000000
0.00054013  66.00000000  0.00034431  80.00000000  1076.58305262  0.99000000
0.00054013  66.00000000  0.00034431  80.00000000  1076.58305262  0.99000000
0.01216617  76.00000000  0.01204089  80.00000000  1233.16580012  0.99000000
0.00054013  66.00000000  0.00034431  80.00000000  1076.58305262  0.99000000
0.00054013  66.00000000  0.00034431  80.00000000  1076.58305262  0.99000000
0.00332851  78.00000000  0.00332851  80.00000000  1096.16629656  0.99000000
0.00054013  66.00000000  0.00034431  80.00000000  1076.58305262  0.99000000
0.00742125  76.00000000  0.00710154  80.00000000  1414.92918178  0.99000000
0.05538252  76.00000000  0.04776063  80.00000000  2456.49988821  0.99000000
0.00054013  66.00000000  0.00034431  80.00000000  1076.58305262  0.99000000
0.00054013  66.00000000  0.00034431  80.00000000  1076.58305262  0.99000000
0.01607898  70.00000000  0.00051849  80.00000000  2701.30157018  0.99000000
0.00054013  66.00000000  0.00034431  80.00000000  1076.58305262  0.99000000
0.00330114  71.00000000  0.00084665  80.00000000  1157.53935574  0.99000000
0.00054012  66.00000000  0.00033386  80.00000000  1076.58306111  0.99000000
0.00054013  66.00000000  0.00034431  80.00000000  1076.58305262  0.99000000
0.00867092  72.00000000  0.00627699  80.00000000  2060.59287779  0.99000000
0.00300219  78.00000000  0.00300219  80.00000000  1096.16922637  0.99000000
0.00054013  66.00000000  0.00034431  80.00000000  1076.58305262  0.99000000
0.00721061  76.00000000  0.00677732  80.00000000  1623.20677196  0.99000000
0.00427350  78.00000000  0.00427350  80.00000000  1414.63795010  0.99000000
0.00054013  66.00000000  0.00034431  80.00000000  1076.58305262  0.99000000
0.00294766  77.00000000  0.00293733  80.00000000  1111.71226659  0.99000000
0.00843692  68.00000000  0.00624675  80.00000000  2681.47274282  0.99000000
0.00054013  66.00000000  0.00034431  80.00000000  1076.58305262  0.99000000
0.00054013  66.00000000  0.00034431  80.00000000  1076.58305262  0.99000000
0.00054013  66.00000000  0.00034431  80.00000000  1076.58305262  0.99000000
0.00053980  66.00000000  0.00004821  80.00000000  1076.58306932  0.99000000
0.00318862  65.00000000  0.00309626  80.00000000  1249.69967594  0.99000000
0.00214636  78.00000000  0.00214636  80.00000000  1088.63908950  0.99000000
0.00019087  76.00000000  0.00018665  80.00000000  1076.71698431  0.99000000
0.03420882  77.00000000  0.03312879  80.00000000  2461.66144236  0.99000000
0.00054013  66.00000000  0.00034431  80.00000000  1076.58305262  0.99000000
0.01108810  74.00000000  0.00633748  80.00000000  2690.83022526  0.99000000
0.00443647  65.00000000  0.00211062  80.00000000  1367.52497442  0.99000000
0.00054013  66.00000000  0.00034216  80.00000000  1076.58305333  0.99000000
0.00062801  78.00000000  0.00062801  80.00000000  1079.94013077  0.99000000
0.00054013  66.00000000  0.00034431  80.00000000  1076.58305262  0.99000000
0.00054013  66.00000000  0.00034431  80.00000000  1076.58305262  0.99000000
0.00989825  78.00000000  0.00989825  80.00000000  1482.78242326  0.99000000
0.00765801  77.00000000  0.00750664  80.00000000  1539.22634792  0.99000000
0.00050574  73.00000000  0.00033792  80.00000000  1076.58305708  0.99000000
0.00737103  78.00000000  0.00737103  80.00000000  1373.15469283  0.99000000
0.00038392  62.00000000  0.00001564  80.00000000  1076.61704482  0.99000000
0.00054013  66.00000000  0.00034431  80.00000000  1076.58305262  0.99000000
0.00054013  66.00000000  0.00034431  80.00000000  1076.58305262  0.99000000
0.00819085  78.00000000  0.00819085  80.00000000  1722.84273622  0.99000000
0.00040660  64.00000000  0.00009090  80.00000000  1077.39553985  0.99000000
0.00054013  66.00000000  0.00034431  80.00000000  1076.58305262  0.99000000
0.00054013  66.00000000  0.00034431  80.00000000  1076.58305262  0.99000000
0.00037879  78.00000000  0.00037879  80.00000000  1078.68554694  0.99000000
0.00054013  66.00000000  0.00034431  80.00000000  1076.58305262  0.99000000
0.00054013  66.00000000  0.00034431  80.00000000  1076.58305262  0.99000000
0.00054013  66.00000000  0.00034431  80.00000000  1076.58305262  0.99000000
0.00054013  66.00000000  0.00034431  80.00000000  1076.58305262  0.99000000
0.00419732  67.00000000  0.00152809  80.00000000  1213.45839914  0.99000000
0.00054013  66.00000000  0.00034431  80.00000000  1076.58305262  0.99000000
0.00054013  66.00000000  0.00034431  80.00000000  1076.58305262  0.99000000
0.00054013  66.00000000  0.00034431  80.00000000  1076.58305262  0.99000000
0.00054013  66.00000000  0.00034431  80.00000000  1076.58305262  0.99000000
0.00054013  66.00000000  0.00034431  80.00000000  1076.58305262  0.99000000
0.00845558  72.00000000  0.00617150  80.00000000  2060.74993310  0.99000000
0.00054013  66.00000000  0.00034431  80.00000000  1076.58305262  0.99000000
0.00054013  66.00000000  0.00034431  80.00000000  1076.58305262  0.99000000
0.00054013  66.00000000  0.00034431  80.00000000  1076.58305262  0.99000000
0.00053707  65.00000000  0.00004701  80.00000000  1076.58305019  0.99000000
0.00053532  66.00000000  0.00015499  80.00000000  1076.58305255  0.99000000
0.00054013  66.00000000  0.00034431  80.00000000  1076.58305262  0.99000000
0.00022748  77.00000000  0.00019883  80.00000000  1077.39458604  0.99000000
0.00054013  66.00000000  0.00034431  80.00000000  1076.58305265  0.99000000
0.00911055  67.00000000  0.00644610  80.00000000  2840.09895455  0.99000000
0.00054013  66.00000000  0.00034431  80.00000000  1076.58305262  0.99000000
0.00054013  66.00000000  0.00034431  80.00000000  1076.58305262  0.99000000
0.00054013  66.00000000  0.00034431  80.00000000  1076.58305262  0.99000000
0.00054013  66.00000000  0.00034431  80.00000000  1076.58305262  0.99000000
0.00054013  66.00000000  0.00034431  80.00000000  1076.58305262  0.99000000
0.00054013  66.00000000  0.00034393  80.00000000  1076.58305815  0.99000000
0.00054013  66.00000000  0.00034431  80.00000000  1076.58305262  0.99000000
0.00054013  66.00000000  0.00045335  80.00000000  1076.58305377  0.99000000
0.00041580  78.00000000  0.00041580  80.00000000  1123.87674341  0.99000000
0.00045493  78.00000000  0.00045493  80.00000000  1078.99091435  0.99000000
0.00054013  66.00000000  0.00034431  80.00000000  1076.58305262  0.99000000
0.00054013  66.00000000  0.00034430  80.00000000  1076.58305273  0.99000000
0.00054013  66.00000000  0.00034431  80.00000000  1076.58305262  0.99000000
0.00054013  66.00000000  0.00034431  80.00000000  1076.58305262  0.99000000
0.00088543  78.00000000  0.00088543  80.00000000  1078.28137429  0.99000000
0.00054013  66.00000000  0.00034431  80.00000000  1076.58305262  0.99000000
0.00053781  66.00000000  0.00035157  80.00000000  1076.73448196  0.99000000
0.00054013  66.00000000  0.00034431  80.00000000  1076.58305263  0.99000000
0.00046501  63.00000000  0.00008853  80.00000000  1076.58304902  0.99000000
0.00053622  66.00000000  0.00025929  80.00000000  1076.63988521  0.99000000
0.00058188  64.00000000  0.00034449  80.00000000  1091.70835121  0.99000000
0.00068759  78.00000000  0.00068759  80.00000000  1077.81119731  0.99000000
0.00054013  66.00000000  0.00034431  80.00000000  1076.58305262  0.99000000
0.00054013  66.00000000  0.00034431  80.00000000  1076.58305262  0.99000000
0.00050005  64.00000000  0.00036922  80.00000000  1076.58305117  0.99000000
0.00054013  66.00000000  0.00034431  80.00000000  1076.58305262  0.99000000
0.00054013  66.00000000  0.00034414  80.00000000  1076.58305281  0.99000000
0.00048749  64.00000000  0.00011180  80.00000000  1076.60172647  0.99000000
0.00069650  66.00000000  0.00028713  80.00000000  1081.82313544  0.99000000
0.00054013  66.00000000  0.00026455  80.00000000  1076.58305237  0.99000000
0.00054013  66.00000000  0.00034431  80.00000000  1076.58305262  0.99000000
0.00054701  66.00000000  0.00044941  80.00000000  1077.04450404  0.99000000
0.00063149  68.00000000  0.00032392  80.00000000  1076.73338271  0.99000000
0.00054013  66.00000000  0.00034431  80.00000000  1076.58305262  0.99000000
0.00054013  66.00000000  0.00034431  80.00000000  1076.58305263  0.99000000
0.00035290  61.00000000  0.00001715  80.00000000  1076.68192229  0.99000000
0.00054013  66.00000000  0.00032189  80.00000000  1076.58305912  0.99000000
0.00054011  66.00000000  0.00029420  80.00000000  1076.58306156  0.99000000
0.00049410  64.00000000  0.00002791  80.00000000  1076.59036974  0.99000000
0.00023310  60.00000000  0.00002527  80.00000000  1076.67920065  0.99000000
0.00036347  78.00000000  0.00036347  80.00000000  1097.40550428  0.99000000
0.00053334  65.00000000  0.00016050  80.00000000  1076.58306436  0.99000000
0.00044274  63.00000000  0.00001328  80.00000000  1076.58306182  0.99000000
0.00029848  60.00000000  0.00001000  80.00000000  1076.62679593  0.99000000
0.00054007  66.00000000  0.00026017  80.00000000  1076.58305835  0.99000000
0.00061962  64.00000000  0.00001018  80.00000000  1084.68742887  0.99000000
0.00036246  61.00000000  0.00000085  80.00000000  1076.58305543  0.99000000
0.00044274  63.00000000  0.00000966  80.00000000  1076.58306183  0.99000000
0.00011946  63.00000000  0.00001334  80.00000000  1078.14928683  0.99000000
0.00041722  62.00000000  0.00001607  80.00000000  1076.59035822  0.99000000
0.00061926  78.00000000  0.00061926  80.00000000  1082.56115908  0.99000000
0.00037851  78.00000000  0.00037851  80.00000000  1081.57631781  0.99000000
0.00043719  78.00000000  0.00043719  80.00000000  1083.85211782  0.99000000
0.00012482  78.00000000  0.00012482  80.00000000  1081.57596592  0.99000000
0.00184637  78.00000000  0.00184637  80.00000000  1083.29628426  0.99000000
0.00157610  78.00000000  0.00157610  80.00000000  1083.29618439  0.99000000
0.00306904  78.00000000  0.00306904  80.00000000  1096.17032055  0.99000000
0.00038301  62.00000000  0.00014459  80.00000000  1076.62685087  0.99000000
0.00231398  78.00000000  0.00231398  80.00000000  1084.94848990  0.99000000
0.00023154  59.00000000  0.00007314  80.00000000  1076.71113853  0.99000000
0.01563340  78.00000000  0.01563340  80.00000000  1095.42401047  0.99000000
0.00112274  78.00000000  0.00112274  80.00000000  1081.57199809  0.99000000
0.00045227  78.00000000  0.00045227  80.00000000  1077.51498694  0.99000000
0.00449525  78.00000000  0.00449525  80.00000000  1085.54378051  0.99000000
0.00045227  78.00000000  0.00045227  80.00000000  1077.51498694  0.99000000
0.00987053  78.00000000  0.00987053  80.00000000  1091.64709447  0.99000000
0.00212344  78.00000000  0.00212344  80.00000000  1081.57501617  0.99000000
0.00338790  78.00000000  0.00338790  80.00000000  1096.17032094  0.99000000
0.00123980  78.00000000  0.00123980  80.00000000  1083.29632787  0.99000000
0.00034021  60.00000000  0.00015807  80.00000000  1076.62684089  0.99000000
0.00022910  59.00000000  0.00006841  80.00000000  1077.14850666  0.99000000
0.00030151  78.00000000  0.00030151  80.00000000  1104.39725506  0.99000000
0.00019731  58.00000000  0.00004310  80.00000000  1077.09576143  0.99000000
0.00330692  78.00000000  0.00330692  80.00000000  1081.02343369  0.99000000
0.00071678  78.00000000  0.00071678  80.00000000  1085.53622295  0.99000000
0.00427015  78.00000000  0.00427015  80.00000000  1081.02057196  0.99000000
0.00191700  78.00000000  0.00191700  80.00000000  1088.64170917  0.99000000
0.01450593  78.00000000  0.01450593  80.00000000  1096.16632523  0.99000000
0.00052969  65.00000000  0.00016861  80.00000000  1076.60276275  0.99000000
0.00663448  78.00000000  0.00663448  80.00000000  1088.63671142  0.99000000
0.00278297  78.00000000  0.00278297  80.00000000  1090.20595893  0.99000000
0.01252810  78.00000000  0.01252810  80.00000000  1096.18539237  0.99000000
0.00007152  54.00000000  0.00003496  80.00000000  1077.09604326  0.99000000
0.00196487  78.00000000  0.00196487  80.00000000  1081.57679106  0.99000000
0.00220231  78.00000000  0.00220231  80.00000000  1083.29399966  0.99000000
0.00016125  59.00000000  0.00001698  80.00000000  1077.42991659  0.99000000
0.00804394  78.00000000  0.00804394  80.00000000  1083.29852814  0.99000000
0.01042836  78.00000000  0.01042836  80.00000000  1087.43488682  0.99000000
0.01264758  78.00000000  0.01264758  80.00000000  1125.92074444  0.99000000
0.02353270  78.00000000  0.02353270  80.00000000  1090.21600802  0.99000000
0.01229198  78.00000000  0.01229198  80.00000000  1088.64773579  0.99000000
0.00102920  78.00000000  0.00102920  80.00000000  1106.52632170  0.99000000
0.00005360  57.00000000  0.00001536  80.00000000  1083.70068791  0.99000000
0.00675032  78.00000000  0.00675032  80.00000000  1114.19502900  0.99000000
0.00021192  61.00000000  0.00010382  80.00000000  1078.36030402  0.99000000
0.01399495  78.00000000  0.01399495  80.00000000  1114.17916137  0.99000000
0.07793793  78.00000000  0.07793793  80.00000000  1146.04861523  0.99000000
0.00005020  71.00000000  0.00001808  80.00000000  1084.62845265  0.99000000
0.04052749  78.00000000  0.04052749  80.00000000  1113.27338371  0.99000000
0.04381387  78.00000000  0.04381387  80.00000000  1119.39788992  0.99000000
0.00873158  78.00000000  0.00873158  80.00000000  1131.85224636  0.99000000
0.00980908  78.00000000  0.00980908  80.00000000  1113.24844675  0.99000000
0.10589808  78.00000000  0.10589808  80.00000000  1131.25255418  0.99000000
0.02933602  78.00000000  0.02933602  80.00000000  1114.17936695  0.99000000
0.01980228  78.00000000  0.01980228  80.00000000  1106.49957263  0.99000000
0.03873614  78.00000000  0.03873614  80.00000000  1130.98960030  0.99000000
0.01556605  78.00000000  0.01556605  80.00000000  1111.20287947  0.99000000
0.00003611  78.00000000  0.00003611  80.00000000  1087.43042878  0.99000000
0.03474259  78.00000000  0.03474259  80.00000000  1122.43224335  0.99000000
0.00286625  78.00000000  0.00286625  80.00000000  1114.09068468  0.99000000
0.00842024  78.00000000  0.00842024  80.00000000  1114.10971639  0.99000000
0.01527131  78.00000000  0.01527131  80.00000000  1114.11566564  0.99000000
0.00886327  78.00000000  0.00886327  80.00000000  1094.43722093  0.99000000
0.04131778  78.00000000  0.04131778  80.00000000  1127.35952439  0.99000000
