10
25
16
30
20
8
0
36
15
17
15
32
9
32
14
1
33
10
33
34
0
2
11
23
25
12
3
35
0
14
4
1
23
23
5
5
34
5
16
6
23
1
2
7
24
7
28
18
8
31
33
25
29
19
9
25
29
10
1
30
21
11
22
34
12
22
12
35
4
23
13
23
2
14
14
5
15
25
2
4
35
2
26
35
27
17
27
16
6
9
28
36
19
15
29
6
5
16
30
20
17
35
36
31
18
9
32
22
32
14
20
33
33
33
10
24
23
34
17
25
4
17
35
18
4
36
25
27
25
25
18
28
5
16
2
15
21
28
30
22
15
31
18
18
35
32
35
36
35
9
35
32
35
35
35
35
36
35
32
35
22
32
35
32
32
35
28
36
25
35
18
35
29
17
36
32
7
0
35
19
24
35
36
6
35
12
32
36
36
16
1
