16
11
6
30
11
21
10
24
24
22
31
32
32
10
28
36
1
10
24
16
2
34
24
21
20
12
3
21
13
23
4
14
19
28
34
28
21
5
2
6
16
26
27
22
7
2
27
8
18
8
18
34
9
25
19
20
10
5
36
10
31
11
35
2
22
12
27
35
4
23
31
13
24
14
29
3
9
15
25
3
2
6
16
0
11
27
6
11
6
28
3
12
6
29
2
19
9
2
30
9
21
7
31
5
31
21
32
32
32
16
36
17
33
24
0
2
34
24
12
12
12
35
11
27
13
27
11
36
5
28
0
22
5
2
29
1
13
3
14
30
24
17
31
36
35
5
35
33
35
19
35
34
35
36
36
36
35
36
35
4
35
34
29
35
31
35
35
35
25
35
3
35
36
35
6
32
34
35
32
31
34
6
11
35
5
3
12
16
35
24
35
