34
35
30
20
30
14
22
12
8
32
9
32
32
17
20
1
26
17
20
24
2
34
17
12
23
3
26
26
24
4
36
4
27
27
5
15
36
5
27
6
16
23
29
30
7
17
1
8
8
4
32
9
19
9
35
36
20
10
26
21
11
6
11
22
12
8
8
2
13
23
35
30
13
24
14
25
4
25
15
1
26
16
26
16
27
35
17
28
7
8
28
36
29
19
29
34
35
30
20
30
31
0
11
31
32
22
11
32
13
10
22
33
17
13
24
2
34
17
11
1
35
16
26
16
6
36
19
27
18
5
8
22
28
27
26
6
25
29
24
30
30
1
36
36
24
36
33
35
14
35
3
35
29
35
35
35
6
35
32
35
36
35
17
35
23
35
29
32
35
14
35
4
36
15
33
36
34
35
36
36
35
17
36
7
34
36
20
35
35
36
32
