23
19
8
17
20
31
30
8
21
25
9
32
33
9
15
1
22
33
10
34
2
34
17
29
0
3
3
3
19
4
14
4
28
28
5
25
5
29
6
16
6
16
27
28
7
3
1
18
8
18
18
28
9
19
30
1
10
27
26
10
21
11
21
34
12
35
7
23
29
13
23
14
14
36
24
25
30
15
25
31
1
5
26
35
8
17
27
1
17
28
1
9
9
19
29
0
19
20
30
20
8
35
31
21
12
36
32
22
32
15
17
23
33
14
20
20
34
2
7
3
19
35
23
14
13
36
22
22
28
26
25
27
29
15
1
21
30
10
13
7
3
1
16
36
35
17
9
35
32
34
1
35
30
36
35
1
35
33
36
36
35
35
33
35
5
35
35
22
35
14
31
35
16
35
31
35
34
25
35
34
17
11
35
17
28
29
35
34
36
36
7
