11
19
20
36
9
14
31
35
31
8
22
21
9
9
9
1
19
17
10
27
2
25
20
2
12
3
33
3
13
25
4
25
15
14
5
28
5
24
25
6
0
22
34
1
7
18
2
0
8
31
27
19
9
25
34
9
10
20
10
27
0
11
28
36
22
12
23
23
23
13
8
13
36
24
14
25
30
25
8
16
26
16
26
35
7
17
27
33
17
18
28
18
13
36
29
11
19
20
30
0
14
31
21
31
21
22
13
32
10
23
13
33
2
36
24
13
34
20
36
25
3
35
36
13
20
26
20
36
5
20
16
5
28
23
6
0
18
18
25
8
26
12
27
36
36
36
35
35
35
33
31
35
20
10
31
35
11
23
36
35
12
35
30
35
36
7
36
36
35
14
35
30
34
35
17
26
35
26
35
5
35
27
35
17
36
26
36
35
36
33
35
