11
19
0
30
30
17
16
14
31
8
13
22
8
36
1
30
1
19
16
2
16
2
23
1
12
3
24
13
1
4
26
4
26
21
21
5
0
27
23
6
31
6
1
0
7
17
29
29
8
35
4
35
9
1
25
28
10
20
10
26
27
11
34
21
6
6
22
1
13
35
32
29
24
14
1
6
31
30
25
9
33
32
26
3
17
16
27
9
10
28
18
17
15
17
29
7
19
6
34
30
14
16
14
31
12
31
22
8
36
1
23
33
19
23
11
16
2
1
34
16
3
24
35
27
4
26
3
36
2
6
16
16
27
24
28
30
28
28
17
28
27
30
17
8
35
35
35
35
35
35
35
36
36
35
35
34
36
35
35
28
34
35
34
35
35
35
8
35
36
5
36
19
30
36
28
36
36
36
3
35
16
36
12
36
33
18
14
33
36
29
34
