6
0
20
18
32
17
34
0
34
21
17
19
22
15
35
1
33
36
33
17
36
2
23
25
18
3
21
13
3
4
13
4
26
20
1
5
26
36
16
6
23
30
33
27
7
27
1
27
1
18
8
9
31
27
9
10
10
26
10
30
21
11
7
35
12
22
12
8
8
23
33
34
14
24
14
24
4
15
5
5
31
26
5
7
36
27
5
17
1
18
28
2
9
5
19
29
0
20
14
4
35
34
31
34
21
10
32
22
32
35
8
33
36
33
23
12
34
11
25
2
35
12
14
35
3
36
4
26
36
14
5
16
25
29
24
9
20
23
29
31
1
31
29
36
35
8
36
2
36
9
35
35
26
35
34
32
35
26
35
36
35
33
35
13
25
35
34
11
30
35
33
32
35
33
35
34
35
35
36
32
36
35
35
35
33
36
2
20
36
34
0
