11
19
6
11
30
14
18
22
36
13
16
19
19
17
1
21
1
20
35
2
30
2
35
19
34
19
26
3
19
1
4
21
20
25
0
5
2
0
15
6
15
36
30
7
7
17
7
24
8
29
18
31
0
9
26
25
1
35
36
11
36
28
3
27
22
12
36
23
35
13
23
9
14
33
14
35
30
8
25
15
8
1
9
16
5
32
27
8
1
33
28
3
36
19
2
29
34
12
11
30
21
35
31
12
12
19
19
32
17
23
6
1
33
23
7
17
34
35
25
34
0
26
36
26
15
23
21
23
21
0
14
2
3
15
30
19
4
20
7
27
27
29
29
36
35
33
35
28
35
35
35
4
35
34
34
36
35
35
28
30
35
24
32
35
13
25
35
18
35
29
35
34
33
25
35
6
1
32
35
32
35
24
35
30
34
35
35
36
31
13
27
