29
34
8
35
26
35
23
24
9
36
0
33
35
35
10
1
33
15
11
23
2
11
33
2
22
3
18
35
3
19
4
20
14
36
5
0
5
24
29
6
1
16
22
7
25
30
2
31
8
18
7
2
33
5
9
33
10
20
21
5
36
33
11
35
12
8
22
5
8
23
13
6
29
14
24
8
29
10
25
25
34
26
16
2
27
31
27
27
35
18
28
3
18
29
19
29
36
30
20
30
6
11
31
21
36
0
32
10
6
10
1
33
2
33
23
11
24
34
18
14
25
10
35
26
19
36
0
3
36
5
0
29
5
6
27
1
16
30
5
25
2
2
31
36
35
25
35
33
11
35
10
34
35
26
35
35
33
35
8
35
34
36
7
35
21
35
30
36
35
14
35
29
15
35
28
34
36
30
17
36
5
27
36
8
35
14
35
18
6
35
0
