19
8
13
24
13
35
10
22
31
24
22
22
10
14
1
1
10
1
23
2
2
2
2
20
24
3
26
0
13
25
4
14
15
36
14
23
5
29
15
6
35
16
25
7
2
7
17
18
8
1
4
2
9
19
0
34
10
21
32
36
11
30
21
22
11
12
1
1
32
13
35
30
24
3
14
5
1
25
15
26
4
26
32
33
33
27
1
17
1
18
18
18
8
29
8
19
3
7
30
10
7
10
21
31
11
8
32
36
22
23
11
33
1
3
5
2
34
11
11
1
35
26
10
27
19
27
36
6
36
24
23
26
28
17
6
3
16
21
7
30
30
9
31
36
35
22
36
17
36
18
34
35
28
32
36
11
31
35
4
30
12
35
1
32
35
35
30
35
3
35
31
35
35
33
36
5
5
35
33
5
35
28
17
35
34
18
35
14
14
36
36
