60
17
56
39
39
43
26
35
1
1
1
1
2
2
2
3
3
14
4
4
62
5
5
35
6
6
7
7
3
8
8
20
9
22
10
10
5
11
11
12
10
25
13
26
14
14
10
14
63
16
10
16
17
30
31
12
18
19
18
20
33
14
58
21
22
52
18
4
15
24
43
25
39
38
26
21
27
50
62
28
56
29
23
23
30
62
31
59
32
45
33
32
55
47
52
63
63
35
49
37
36
56
29
21
39
39
56
39
30
53
41
58
55
33
1
43
58
57
34
26
59
60
62
47
62
47
61
5
62
64
7
63
51
45
8
50
32
22
49
36
54
53
30
64
10
44
63
56
40
57
63
59
63
64
63
63
63
63
63
63
61
63
63
63
61
62
63
63
63
52
63
63
63
62
60
63
39
63
57
52
55
63
62
46
61
64
64
64
64
62
61
63
59
38
55
63
62
47
52
63
63
35
8
37
62
58
32
63
