15 15 11 8 8 11 11 11 11 11 0 0 15 1 1 1 1 1 1 2 12 2 2 2 11 11 2 4 4 4 4 14 14 14 14 14 14 14 7 7 7 7 5 16 15 16 1 1 1 1 1 1 1 1 1 1 1 1 1 1 1 2 2 2 8 8 8 8 8 8 8 8 1 1 1 4 1 1 1 1
6 6 6 6 8 8 8 8 8 8 14 14 15 15 1 14 11 11 11 11 11 11 11 11 11 11 11 11 11 11 11 5 5 5 5 5 5 5 7 7 7 7 7 15 15 4 2 2 2 2 2 2 2 2 2 2 2 2 2 2 2 2 2 2 2 2 2 2 2 2 2 2 2 2 2 2 2 2 2 2
15 9 9 9 15 15 9 10 10 9 9 10 10 10 7 9 1 1 1 1 13 13 3 3 13 3 12 12 12 12 12 12 12 5 13 13 6 13 7 7 7 7 8 8 8 2 2 2 2 5 5 3 3 3 3 10 10 12 12 12 12 7 0 0 0 0 0 0 0 0 0 12 12 12 12 12 12 12 12 12
11 11 11 11 5 5 11 11 11 11 6 6 6 12 12 12 2 2 2 2 2 2 2 2 13 2 14 14 14 5 5 5 5 5 15 15 15 15 15 14 15 14 15 15 15 15 15 15 15 1 8 10 10 10 9 9 9 9 9 10 10 9 10 10 10 10 10 10 10 10 10 10 10 10 10 10 10 10 10 10
3 10 10 4 4 0 14 14 14 14 14 12 12 14 9 9 2 2 2 2 2 2 2 2 2 2 4 4 11 11 1 5 5 5 2 5 2 2 3 3 7 14 7 7 16 16 16 4 4 3 4 4 4 4 4 5 4 4 4 4 4 7 7 2 2 11 4 4 4 5 5 4 4 4 4 4 4 4 4 4
15 0 0 0 0 0 9 9 9 9 9 15 1 1 1 1 1 1 1 15 15 15 15 10 10 10 4 4 4 4 4 4 2 4 4 4 6 14 14 14 14 2 2 2 2 2 4 4 4 4 4 4 4 4 4 4 5 4 4 4 4 4 4 4 3 4 4 4 4 4 4 11 9 9 9 9 9 9 1 4
10 10 10 10 10 10 14 14 10 10 10 7 7 1 1 1 0 0 0 0 0 11 3 3 3 11 4 4 4 4 4 14 14 14 14 14 14 14 14 14 14 14 14 16 16 16 16 16 5 8 8 8 8 1 1 1 1 1 1 8 5 5 5 5 5 5 5 5 5 5 5 5 5 5 5 5 5 5 5 5
13 13 4 4 9 9 9 9 9 9 9 9 8 8 8 1 8 2 2 8 8 8 3 3 3 3 16 4 12 1 1 13 4 4 4 4 15 15 15 15 15 15 15 15 15 15 0 16 16 16 16 3 3 3 3 3 3 3 3 3 3 3 3 3 3 3 4 4 4 4 4 4 4 4 4 4 9 9 4 4
11 11 11 12 12 12 5 5 5 14 14 0 1 1 1 15 14 14 14 2 2 2 2 2 3 11 14 14 14 14 14 5 5 5 5 0 14 5 14 14 14 7 0 0 0 0 7 7 7 5 5 4 4 4 4 4 4 4 4 4 4 4 4 4 4 4 4 4 4 4 4 4 16 16 2 2 16 5 5 5
7 7 7 7 14 0 0 0 14 14 14 14 14 14 12 12 2 2 2 2 2 1 1 16 1 1 11 13 0 13 13 5 13 16 15 6 0 0 14 14 14 14 14 5 5 5 5 5 5 5 5 5 5 5 2 10 4 4 4 4 4 4 10 10 10 10 10 10 16 5 5 1 8 5 5 5 5 5 5 5
