29
19
20
13
8
20
34
34
31
31
13
34
8
8
22
32
22
24
16
1
1
32
1
19
10
15
24
2
17
2
34
12
2
24
12
3
12
3
1
3
35
4
13
27
4
36
31
21
29
5
29
15
21
25
6
16
6
0
0
1
17
24
7
27
30
18
4
8
1
4
18
28
9
25
2
9
31
25
20
35
10
1
2
33
21
0
11
21
33
1
28
22
12
34
36
2
0
23
0
1
33
36
14
24
30
3
0
25
15
3
5
15
35
34
26
7
16
34
8
17
27
36
8
17
1
18
28
13
18
1
34
29
19
8
36
6
20
35
30
20
34
34
11
31
2
21
16
11
10
32
22
32
16
0
23
33
36
36
33
15
24
34
3
11
34
12
18
0
12
7
36
35
26
3
15
4
13
1
13
36
14
2
6
6
29
15
21
29
21
23
13
11
21
16
2
24
7
31
19
31
5
36
1
36
3
36
6
35
3
9
35
32
35
35
35
24
35
33
35
25
19
35
13
1
35
35
36
7
31
36
33
23
36
25
33
35
13
35
30
36
0
25
35
3
5
15
35
12
34
31
35
28
29
36
27
36
8
15
35
21
1
34
32
35
15
29
19
35
