21
21
17
7
30
12
21
20
21
34
22
34
24
36
16
16
24
19
22
1
1
1
28
1
0
18
23
24
11
2
33
35
35
21
3
35
23
35
3
13
27
1
4
34
35
34
14
2
23
5
15
32
15
28
29
6
2
0
23
17
7
25
7
35
23
34
0
8
32
34
36
4
9
19
9
36
25
30
0
10
20
33
31
35
11
28
32
11
35
6
4
22
4
12
5
32
28
13
23
3
35
0
35
2
14
5
3
15
25
15
9
36
16
31
16
36
3
32
16
11
27
17
33
12
36
18
28
18
36
2
12
19
0
29
5
0
7
34
30
12
9
12
21
2
31
21
10
21
35
16
32
32
32
1
4
35
23
23
33
12
17
34
19
24
25
2
35
17
3
19
5
35
12
5
15
26
6
3
36
16
6
2
18
21
15
19
15
16
29
15
20
21
0
7
8
25
7
29
5
19
16
10
35
20
35
4
35
33
35
36
36
7
36
25
20
35
31
35
35
36
35
34
35
33
35
36
26
35
30
35
28
36
20
35
33
30
35
24
14
5
3
35
25
5
12
35
16
36
12
36
3
10
36
0
27
36
35
34
35
18
35
14
8
36
29
19
0
29
