20
20
31
18
32
7
15
16
24
35
18
19
35
17
24
30
0
14
22
1
34
10
1
20
0
11
32
11
23
2
23
0
20
19
28
3
22
13
3
20
18
4
27
33
4
18
1
32
5
27
26
15
5
30
6
27
6
0
0
1
7
1
7
26
25
0
8
18
1
8
3
33
4
9
29
1
3
33
29
10
20
35
36
11
33
36
11
31
3
12
7
32
12
34
0
4
23
34
3
33
29
3
14
24
6
5
4
35
1
5
33
5
3
16
26
9
34
34
36
36
17
12
0
34
35
36
33
0
35
10
4
29
14
30
13
20
7
14
9
20
15
5
0
35
1
12
35
36
22
12
0
14
16
17
33
23
36
16
13
4
34
9
23
5
21
14
20
35
15
3
22
26
3
20
24
36
27
20
4
3
1
3
29
29
26
6
14
14
1
30
28
11
7
8
18
24
21
26
32
33
8
34
36
8
34
33
23
16
36
3
23
33
1
35
36
36
34
36
36
36
35
28
3
35
7
34
27
12
35
16
22
34
35
33
35
36
35
35
6
35
32
35
2
35
36
35
35
36
35
27
35
14
6
36
35
35
5
3
35
36
36
0
35
10
36
36
25
21
