16
14
9
22
19
30
34
7
31
21
22
15
33
20
30
35
36
22
31
29
1
26
10
1
20
11
18
2
23
2
25
1
12
26
3
26
35
3
35
22
13
2
4
1
14
25
14
30
24
5
0
2
32
22
16
6
29
26
27
23
25
7
2
17
31
18
23
8
4
36
8
35
9
19
9
5
29
5
10
30
20
10
2
6
6
1
11
30
28
22
35
30
33
12
32
13
28
13
35
34
24
35
34
14
35
3
25
35
35
15
31
5
16
16
26
16
7
31
4
4
8
17
9
5
28
18
35
18
10
29
7
18
29
35
19
9
9
30
13
20
9
7
31
12
5
15
22
8
32
35
10
22
3
33
11
35
16
33
14
15
24
34
13
18
25
12
12
0
21
26
35
9
2
36
0
5
27
26
36
10
27
26
26
22
19
29
16
29
16
15
29
5
27
24
8
7
8
29
31
36
35
17
36
36
25
35
35
21
35
10
33
35
5
14
35
13
36
36
33
35
3
36
3
29
35
6
34
35
33
13
35
13
35
34
30
35
34
32
35
5
4
23
35
15
4
32
35
33
34
32
35
31
2
3
8
35
34
34
12
33
35
18
3
29
36
6
35
35
