19
7
9
7
32
18
0
13
8
14
30
13
27
9
21
36
22
14
22
1
34
1
10
22
1
19
1
1
2
33
2
12
2
35
23
3
24
36
3
24
1
36
4
24
14
3
35
20
5
4
15
5
3
1
6
16
6
27
23
31
3
7
30
2
30
34
8
18
36
1
8
35
35
30
9
31
1
3
3
20
10
7
7
26
8
11
8
5
35
34
12
22
5
5
12
23
36
23
31
36
1
13
14
10
1
25
33
35
25
15
26
15
16
0
11
16
35
27
5
27
36
32
3
32
18
28
18
28
29
13
19
36
11
3
19
30
11
30
2
4
0
0
31
21
35
2
35
32
21
14
22
14
22
8
33
5
22
10
1
24
34
1
2
4
0
12
17
35
23
22
17
20
36
24
1
27
22
27
7
0
25
20
4
18
5
24
23
6
23
16
6
4
30
31
2
32
33
2
7
34
8
32
36
1
11
19
34
19
9
10
36
2
3
31
10
7
35
7
36
36
25
23
35
34
35
20
35
2
35
32
36
35
31
35
28
31
25
35
6
34
34
35
25
24
36
27
2
0
36
31
33
27
5
33
36
33
3
32
36
32
31
35
6
35
36
36
36
26
