13
7
8
23
12
0
35
28
20
12
13
17
33
14
0
9
22
26
0
1
1
20
1
11
29
24
35
11
2
24
19
2
12
1
35
3
0
26
34
3
20
24
4
14
23
26
15
25
5
28
24
5
24
26
6
26
6
16
2
28
30
7
36
31
25
23
18
8
25
36
19
30
9
19
9
19
2
31
10
4
28
10
21
26
35
26
21
11
0
12
22
12
27
3
23
7
0
13
31
24
29
3
30
24
33
31
14
10
15
10
1
31
3
26
4
35
36
5
27
8
17
3
36
28
18
18
18
6
9
29
18
33
14
5
5
7
8
30
20
9
7
2
31
12
12
3
6
6
0
32
22
33
4
13
23
12
6
23
23
4
1
5
34
24
19
2
12
16
18
6
35
26
10
2
20
14
36
14
23
21
28
8
22
28
7
5
18
15
12
27
0
11
27
28
26
10
21
31
21
13
35
36
20
36
19
23
36
19
33
35
29
35
28
5
35
31
27
6
35
33
15
35
29
35
22
35
27
36
27
13
36
19
31
36
29
36
32
34
36
32
14
36
30
28
35
21
35
19
4
14
36
9
34
2
17
34
36
0
18
18
35
6
8
35
29
33
21
2
