28
25
20
17
35
20
20
33
36
17
23
32
23
30
32
22
25
14
34
1
1
10
1
26
28
23
0
1
2
19
25
25
2
33
32
3
0
19
3
36
26
4
23
4
14
26
34
14
2
5
3
29
30
20
6
22
3
4
6
25
7
2
7
0
26
24
8
8
18
8
34
19
27
3
2
2
9
35
10
3
34
31
2
21
35
11
1
36
29
22
29
32
12
22
32
36
33
3
34
35
34
24
14
4
34
6
35
15
25
15
35
1
15
26
16
26
16
4
27
36
32
0
4
18
6
28
18
12
12
36
33
19
29
36
19
14
3
8
35
20
7
6
36
31
2
10
21
8
32
22
14
14
36
1
18
10
18
33
4
12
0
34
2
25
25
25
4
25
3
8
35
19
3
36
16
4
15
18
27
36
6
14
2
5
27
29
12
20
29
23
29
0
29
2
7
2
14
1
24
3
36
8
36
26
6
36
32
35
36
36
35
7
28
35
4
33
2
21
35
3
34
34
35
12
26
32
35
26
35
34
36
16
35
35
12
35
14
19
35
2
32
35
36
35
28
35
15
35
24
14
35
4
15
34
32
4
35
23
6
2
18
36
1
36
12
19
35
36
