21
8
0
20
30
16
34
10
36
24
14
32
27
14
22
17
17
23
10
1
36
23
1
24
19
11
0
11
34
2
20
19
12
31
19
13
3
25
22
26
21
23
4
33
14
20
15
1
15
5
15
29
2
16
6
22
6
27
16
17
0
7
0
27
2
18
8
36
8
33
25
35
19
9
28
9
9
35
10
20
1
10
35
2
0
21
11
27
1
36
12
34
36
32
3
23
30
13
31
24
3
24
35
24
14
4
0
25
8
10
10
35
26
34
32
26
0
27
16
17
8
3
13
34
34
28
36
8
5
18
29
3
29
8
9
34
30
20
30
12
0
13
31
6
31
32
16
4
22
17
32
16
10
1
36
33
36
36
36
11
0
24
34
14
12
19
13
35
0
25
3
21
36
26
5
12
6
36
10
20
27
8
4
2
5
3
15
27
26
19
2
10
16
17
0
0
0
18
31
18
35
36
35
27
26
35
29
33
3
33
34
35
20
20
13
10
35
8
36
35
35
36
34
36
16
14
36
34
35
22
36
34
36
8
31
29
35
34
34
25
6
35
19
26
10
35
0
30
31
35
11
18
34
13
8
13
35
30
29
28
34
27
10
35
19
3
35
7
