36
12
35
33
29
11
25
8
20
18
11
8
12
32
33
27
14
10
14
19
29
1
24
24
15
15
18
32
11
2
35
25
33
26
12
36
3
31
18
18
13
1
4
24
14
22
24
1
30
5
1
28
29
2
27
6
30
29
29
26
7
35
7
18
30
24
1
8
18
19
32
33
1
9
19
25
2
35
26
10
30
35
33
21
11
11
35
11
33
35
22
12
6
34
3
4
33
12
29
0
12
1
14
35
8
14
13
15
2
36
26
4
15
8
16
0
10
3
10
27
28
1
17
1
18
3
9
2
18
12
33
19
30
33
9
10
9
0
20
11
3
3
36
0
9
9
10
32
33
1
11
23
21
23
5
8
11
24
19
15
18
24
11
9
35
25
16
20
25
36
11
26
18
36
26
8
26
13
17
25
14
1
19
29
29
24
29
2
27
25
29
0
29
15
7
10
7
34
2
33
32
5
36
32
32
33
34
18
7
31
33
36
26
13
32
35
35
35
9
36
36
20
33
35
4
12
4
12
16
35
31
6
29
10
27
1
14
35
4
14
33
31
35
36
35
33
35
31
35
0
10
35
31
35
16
14
35
33
35
15
35
35
24
35
33
35
11
33
