10
28
19
27
30
25
7
14
11
18
34
18
0
36
17
20
32
14
14
1
1
32
1
33
10
1
17
34
21
2
17
24
25
1
1
3
26
36
3
20
14
4
4
14
4
1
14
21
24
5
1
26
23
21
6
16
6
6
6
32
7
17
7
30
17
28
18
8
33
8
31
0
19
8
31
9
31
32
10
35
10
20
33
2
36
11
21
35
1
35
22
12
8
22
8
13
36
36
35
24
13
0
14
24
35
34
4
9
25
33
33
35
36
16
10
26
2
0
1
12
27
17
27
12
18
28
35
28
18
2
5
0
29
6
10
14
16
9
30
34
20
35
11
13
31
31
31
36
14
22
32
14
3
23
1
23
23
33
5
13
11
34
24
10
17
0
19
14
5
25
35
8
3
2
14
27
4
14
36
27
12
9
24
25
1
28
27
23
5
8
6
24
30
2
10
10
7
1
24
28
4
36
33
35
22
34
35
8
36
24
35
5
9
35
10
35
35
29
36
11
9
36
32
35
35
9
35
22
35
13
36
36
32
35
12
35
36
36
35
10
35
9
12
35
33
7
36
34
10
36
24
8
0
19
36
14
27
0
36
34
35
9
35
33
1
35
13
6
