8 9 4 16 11 3 11 6 11 15 14 2 13 6 14 16 10 0 16 6 5 2 7 4 13 0 8 12 7 15 9 3 2 14 13 9 5 7 2 3 10 3 7 7 12 8 2 5 11 4 11 13 14 4 12 4 16 8 8 0 8 7 15 2 3 9 5 0 6 12 0 10 3 8 13 14 8 4 6 0
8 8 8 11 11 11 11 11 11 6 6 6 6 6 6 6 6 1 6 6 6 6 6 6 6 6 6 6 6 6 6 6 6 6 6 6 6 6 5 5 5 5 5 5 5 5 6 6 6 6 6 6 6 6 6 6 6 6 6 6 6 6 6 6 6 6 6 6 6 6 6 6 6 6 6 8 8 8 8 8
10 8 8 11 11 11 11 11 11 6 6 6 6 6 6 6 6 6 6 6 6 6 6 6 6 6 4 6 6 6 6 11 11 11 11 11 11 11 11 11 11 12 12 12 5 6 6 6 6 6 8 6 11 11 11 11 11 11 11 11 6 11 6 6 6 6 6 6 6 6 6 6 6 6 6 6 6 6 6 6
8 8 8 11 11 11 11 11 11 6 6 6 6 6 6 6 6 6 6 6 6 6 11 6 6 6 6 6 6 6 6 6 6 6 6 8 8 5 6 6 5 5 5 6 6 6 6 6 6 6 6 6 6 6 6 6 6 6 6 6 6 6 6 6 6 6 6 6 6 6 6 6 6 6 6 8 8 8 8 6
8 8 8 11 11 11 11 11 11 6 2 6 6 6 6 6 6 6 6 11 11 11 11 11 11 11 11 11 11 6 6 6 6 6 6 6 6 6 6 6 6 6 6 11 11 6 6 6 6 6 6 6 6 6 6 6 6 6 6 6 6 6 2 6 11 11 11 11 6 6 6 6 6 6 12 6 12 12 6 6
8 8 8 11 11 11 11 11 11 6 6 6 6 6 6 6 6 6 6 3 6 6 6 6 6 6 6 6 6 6 6 6 6 6 6 12 12 5 8 8 6 6 6 6 6 11 11 11 11 6 6 6 6 6 6 6 6 6 6 6 6 6 6 6 6 6 6 6 6 6 6 6 11 8 8 8 8 8 8 8
11 11 15 1 2 2 7 2 14 15 3 2 3 2 15 12 1 11 16 7 15 9 12 3 13 0 2 10 9 4 14 14 16 6 12 1 3 6 1 11 6 7 9 8 6 3 6 6 13 9 6 14 6 2 8 8 8 9 16 11 6 10 6 6 6 6 6 2 6 6 6 8 8 6 6 4 6 6 6 6
8 8 8 11 11 11 11 11 11 6 6 6 6 6 6 6 6 6 6 6 7 6 6 6 6 6 6 6 6 6 6 6 6 6 6 6 12 5 6 5 5 5 5 5 5 5 5 6 6 6 6 6 6 6 6 6 6 6 6 6 6 6 6 6 6 6 6 6 6 6 6 6 6 6 6 6 6 8 11 11
8 8 8 11 11 11 16 11 11 6 6 6 6 6 13 6 6 6 6 6 6 6 6 6 6 6 6 6 6 6 6 6 6 6 6 6 5 6 6 5 5 5 5 5 5 5 5 6 6 6 6 6 6 6 6 6 6 6 6 6 6 6 6 6 6 6 6 6 6 6 6 6 6 6 6 6 6 8 8 8
8 8 8 11 11 11 11 11 11 6 6 6 6 6 6 4 6 6 6 6 6 6 6 6 6 6 5 5 5 5 8 8 8 8 8 8 11 11 11 11 6 6 6 6 6 6 6 6 6 6 6 6 6 6 8 6 6 6 6 6 6 6 6 6 6 6 6 6 3 0 0 0 0 0 7 7 7 7 7 7
