# Results obtained using DQN. CPU time: 20.391596794128418
0.00831197  78.00000000  0.00831197  80.00000000  2094.58415524  0.00000000
0.00508490  78.00000000  0.00508490  80.00000000  1861.81125570  0.00000000
0.00185369  71.00000000  0.00102468  80.00000000  1800.76188453  0.00000000
0.00015791  62.00000000  0.00007160  80.00000000  1485.66804284  0.00000000
0.00189416  78.00000000  0.00189416  80.00000000  1823.34022836  0.00000000
0.00063430  78.00000000  0.00063430  80.00000000  1233.12781414  0.00000000
0.00878627  74.00000000  0.00575736  80.00000000  1375.35628175  0.65894701
0.00021781  60.00000000  0.00011598  80.00000000  3123.36034449  0.99000000
0.00021781  60.00000000  0.00011598  80.00000000  3123.36033983  0.99000000
0.00021781  60.00000000  0.00011598  80.00000000  3123.36033983  0.99000000
0.00021781  60.00000000  0.00011598  80.00000000  3123.36033983  0.99000000
0.00021781  60.00000000  0.00011693  80.00000000  3123.36033983  0.99000000
0.00021781  60.00000000  0.00011598  80.00000000  3123.36033983  0.99000000
0.00021808  60.00000000  0.00003240  80.00000000  3123.36033978  0.99000000
0.00021781  60.00000000  0.00011598  80.00000000  3123.36033983  0.99000000
0.00022650  61.00000000  0.00003039  80.00000000  3123.29280183  0.99000000
0.00018276  58.00000000  0.00011063  80.00000000  3123.36033797  0.99000000
0.00021781  60.00000000  0.00004950  80.00000000  3123.36033974  0.99000000
0.04713546  77.00000000  0.04595339  80.00000000  2636.92819216  0.99000000
0.00069824  77.00000000  0.00068312  80.00000000  2670.26235400  0.99000000
0.00021781  60.00000000  0.00011598  80.00000000  3123.36033983  0.99000000
0.00021781  60.00000000  0.00006310  80.00000000  3123.36034063  0.99000000
0.00021781  60.00000000  0.00011598  80.00000000  3123.36033983  0.99000000
0.00021781  60.00000000  0.00011598  80.00000000  3123.36033983  0.99000000
0.00117967  78.00000000  0.00117967  80.00000000  3127.11265751  0.99000000
0.00021781  60.00000000  0.00011722  80.00000000  3123.36033978  0.99000000
0.00021781  60.00000000  0.00011578  80.00000000  3123.36033979  0.99000000
0.00457304  78.00000000  0.00457304  80.00000000  3129.70691883  0.99000000
0.01782891  78.00000000  0.01782891  80.00000000  3120.44637165  0.99000000
0.00021781  60.00000000  0.00011598  80.00000000  3123.36033983  0.99000000
0.00021781  60.00000000  0.00011598  80.00000000  3123.36033983  0.99000000
0.00022181  78.00000000  0.00022181  80.00000000  3123.36033938  0.99000000
0.00021781  60.00000000  0.00011629  80.00000000  3123.36033961  0.99000000
0.00128058  75.00000000  0.00109581  80.00000000  3156.72535389  0.99000000
0.00021781  60.00000000  0.00011598  80.00000000  3123.36033983  0.99000000
0.00021781  60.00000000  0.00012332  80.00000000  3123.36033985  0.99000000
0.00028485  78.00000000  0.00028485  80.00000000  3126.96858424  0.99000000
0.00052708  78.00000000  0.00052708  80.00000000  3124.84440246  0.99000000
0.00021781  60.00000000  0.00011598  80.00000000  3123.36033983  0.99000000
0.00021781  60.00000000  0.00012178  80.00000000  3123.36034189  0.99000000
0.00021781  60.00000000  0.00011598  80.00000000  3123.36033983  0.99000000
0.00021781  60.00000000  0.00011598  80.00000000  3123.36033983  0.99000000
0.00021781  60.00000000  0.00011598  80.00000000  3123.36033986  0.99000000
0.00021781  60.00000000  0.00011598  80.00000000  3123.36033983  0.99000000
0.00021781  60.00000000  0.00019314  80.00000000  3123.36034025  0.99000000
0.00969688  78.00000000  0.00969688  80.00000000  3132.23544547  0.99000000
0.00021781  60.00000000  0.00012332  80.00000000  3123.36034188  0.99000000
0.00021781  60.00000000  0.00011599  80.00000000  3123.36033985  0.99000000
0.00021781  60.00000000  0.00011021  80.00000000  3123.36033885  0.99000000
0.00021781  60.00000000  0.00011598  80.00000000  3123.36033983  0.99000000
0.00021781  60.00000000  0.00011598  80.00000000  3123.36033983  0.99000000
0.00021781  60.00000000  0.00011598  80.00000000  3123.36033983  0.99000000
0.00021781  60.00000000  0.00011598  80.00000000  3123.36033983  0.99000000
0.00021781  60.00000000  0.00011598  80.00000000  3123.36033983  0.99000000
0.00021781  60.00000000  0.00011598  80.00000000  3123.36033983  0.99000000
0.00021781  60.00000000  0.00011598  80.00000000  3123.36033983  0.99000000
0.00021781  60.00000000  0.00011598  80.00000000  3123.36033983  0.99000000
0.00021781  60.00000000  0.00011599  80.00000000  3123.36036029  0.99000000
0.00021781  60.00000000  0.00011598  80.00000000  3123.36033983  0.99000000
0.00641572  78.00000000  0.00641572  80.00000000  3130.40914100  0.99000000
0.00021781  60.00000000  0.00011598  80.00000000  3123.36033983  0.99000000
0.00021781  60.00000000  0.00011598  80.00000000  3123.36033983  0.99000000
0.00021781  60.00000000  0.00011598  80.00000000  3123.36033983  0.99000000
0.00021781  60.00000000  0.00011598  80.00000000  3123.36033983  0.99000000
0.00021781  60.00000000  0.00011598  80.00000000  3123.36033983  0.99000000
0.00011205  52.00000000  0.00005654  80.00000000  3123.36033553  0.99000000
0.00021781  60.00000000  0.00011921  80.00000000  3123.36033967  0.99000000
0.00021781  60.00000000  0.00011598  80.00000000  3123.36033983  0.99000000
0.00045326  78.00000000  0.00045326  80.00000000  3120.79916751  0.99000000
0.00021781  60.00000000  0.00011598  80.00000000  3123.36033983  0.99000000
0.00021781  60.00000000  0.00011598  80.00000000  3123.36033983  0.99000000
0.00021781  60.00000000  0.00011612  80.00000000  3123.36033983  0.99000000
0.00011718  78.00000000  0.00011718  80.00000000  3123.36033529  0.99000000
0.00283338  78.00000000  0.00283338  80.00000000  3135.62076637  0.99000000
0.00014145  63.00000000  0.00004704  80.00000000  3123.79830041  0.99000000
0.00003661  61.00000000  0.00001277  80.00000000  3130.99066126  0.99000000
0.00021781  60.00000000  0.00011598  80.00000000  3123.36033983  0.99000000
0.00019432  63.00000000  0.00019187  80.00000000  3123.36229355  0.99000000
0.00021781  60.00000000  0.00011598  80.00000000  3123.36033983  0.99000000
0.04636792  64.00000000  0.00074216  80.00000000  2473.60627056  0.99000000
0.01185319  70.00000000  0.00142099  80.00000000  3226.67829476  0.99000000
0.00021781  60.00000000  0.00011598  80.00000000  3123.36033983  0.99000000
0.00021781  60.00000000  0.00011598  80.00000000  3123.36033983  0.99000000
0.00021781  60.00000000  0.00011598  80.00000000  3123.36033983  0.99000000
0.00021304  78.00000000  0.00021304  80.00000000  3123.34651544  0.99000000
0.00087657  78.00000000  0.00087657  80.00000000  3126.77496988  0.99000000
0.00021945  60.00000000  0.00001491  80.00000000  3123.36033963  0.99000000
0.00029128  78.00000000  0.00029128  80.00000000  3123.36034028  0.99000000
0.00266537  78.00000000  0.00266537  80.00000000  3123.35875247  0.99000000
0.00021781  60.00000000  0.00011598  80.00000000  3123.36033983  0.99000000
0.00021781  60.00000000  0.00011598  80.00000000  3123.36033983  0.99000000
0.00219557  78.00000000  0.00219557  80.00000000  3127.15202891  0.99000000
0.00021781  60.00000000  0.00011598  80.00000000  3123.36033983  0.99000000
0.00021781  60.00000000  0.00011598  80.00000000  3123.36033983  0.99000000
0.00011718  78.00000000  0.00011718  80.00000000  3123.36033529  0.99000000
0.01037012  78.00000000  0.01037012  80.00000000  3130.76581698  0.99000000
0.00021760  60.00000000  0.00013531  80.00000000  3123.36104725  0.99000000
0.00035037  78.00000000  0.00035037  80.00000000  3123.76356558  0.99000000
0.00021735  60.00000000  0.00011384  80.00000000  3123.21313476  0.99000000
0.00021781  60.00000000  0.00011598  80.00000000  3123.36033983  0.99000000
0.00021781  60.00000000  0.00011598  80.00000000  3123.36033983  0.99000000
