8
31
6
11
6
11
18
17
14
31
31
9
8
29
10
18
32
1
31
9
1
11
23
2
29
2
2
2
12
12
3
12
19
3
20
4
24
4
22
4
14
5
21
23
15
23
5
6
29
16
27
6
7
28
28
28
17
8
7
26
8
18
9
25
9
19
4
10
28
25
4
2
11
21
32
21
5
12
22
23
12
13
2
28
23
4
31
14
2
13
25
24
28
9
15
9
32
30
13
13
12
12
1
17
27
30
11
11
9
10
31
28
20
20
29
10
20
32
1
13
9
30
9
13
21
9
17
31
2
7
10
2
12
24
32
17
11
24
4
22
18
1
22
22
0
15
22
5
22
19
16
20
22
14
31
28
31
15
31
29
32
29
31
9
29
32
20
31
7
31
29
4
31
26
3
31
9
31
7
31
27
29
31
7
5
31
4
31
32
32
13
31
6
11
31
15
6
32
30
10
31
7
