27
27
27
11
27
27
18
11
28
29
31
14
15
31
18
9
30
1
20
19
18
10
32
16
2
1
11
20
21
2
3
14
16
19
16
4
4
4
20
4
14
5
14
26
15
5
6
16
6
21
17
7
31
7
17
22
17
8
25
18
8
18
32
2
4
19
19
10
20
20
21
9
11
21
23
23
11
22
12
12
22
13
5
13
2
23
14
24
14
24
1
24
15
7
25
7
10
26
8
16
26
27
10
27
11
27
27
18
13
28
9
28
9
29
32
20
29
30
31
20
14
30
10
13
15
5
1
31
22
12
2
23
32
16
18
24
1
24
12
16
14
7
5
25
11
22
23
6
9
21
9
25
30
26
32
28
29
32
9
17
32
20
31
32
24
32
19
31
10
26
31
21
32
30
31
28
10
32
22
22
31
8
13
32
13
2
32
30
27
32
24
32
24
15
31
27
30
32
26
31
16
20
