20
7
27
18
12
18
7
18
15
22
14
32
15
19
17
9
1
1
30
1
30
26
28
31
2
11
20
18
18
2
3
18
22
13
3
23
4
1
23
20
14
5
15
0
5
16
21
6
21
1
16
7
17
7
7
24
30
8
1
24
23
19
9
3
9
5
10
28
10
20
10
26
21
11
2
27
22
12
29
0
22
3
13
23
31
12
13
8
7
24
14
30
4
25
5
16
30
2
26
16
32
32
12
27
18
18
18
14
18
15
28
14
32
15
29
9
5
20
19
11
7
30
12
1
31
5
21
13
22
15
16
3
32
1
24
16
16
4
1
2
24
14
5
21
2
10
26
23
8
6
12
16
14
31
6
32
8
32
6
27
32
18
23
28
30
31
5
10
23
31
0
31
21
31
11
28
31
0
21
31
24
23
31
13
2
31
12
7
31
28
26
31
6
31
25
16
32
30
2
26
16
32
