16
11
31
31
10
25
16
28
32
8
15
19
19
16
31
15
1
1
0
1
10
10
10
2
2
11
2
32
21
12
3
12
0
29
23
13
4
1
0
22
14
5
14
4
16
1
6
28
16
6
29
16
7
3
1
30
28
8
3
18
3
19
9
29
20
9
19
10
29
30
20
28
2
21
11
29
12
31
12
22
30
0
23
13
3
23
0
4
14
24
0
15
25
29
32
25
15
16
26
0
5
26
11
31
31
10
27
28
28
9
19
28
29
19
15
29
31
19
20
14
21
30
0
16
22
2
22
31
22
12
23
32
23
0
32
18
18
10
24
20
15
14
21
25
26
14
1
24
7
28
6
29
30
8
32
1
30
31
8
32
32
25
31
30
2
12
31
13
27
9
31
12
15
26
31
16
29
8
31
8
22
30
29
31
21
1
4
31
6
14
32
29
19
31
11
32
25
32
16
31
7
32
