11
10
17
27
30
28
10
18
31
28
8
29
9
16
29
29
9
10
1
21
30
15
21
31
2
0
18
32
12
2
3
27
12
13
23
4
3
4
22
25
4
5
21
23
5
1
6
16
6
22
28
32
19
7
18
17
8
1
29
8
31
20
9
3
19
32
20
2
10
32
20
21
27
21
21
11
1
1
22
12
28
13
23
31
23
24
13
14
24
25
24
32
15
7
25
26
16
31
26
31
16
11
2
17
27
30
28
31
18
31
28
1
29
19
2
29
20
9
31
30
21
30
11
21
6
2
31
7
32
6
2
3
32
0
24
8
5
16
15
8
25
14
25
2
2
5
17
17
16
12
17
28
30
32
12
30
32
28
30
32
25
31
31
30
31
29
29
31
24
10
32
16
30
31
29
24
32
26
5
31
29
32
7
23
22
31
29
13
30
32
32
29
31
15
31
31
21
16
31
26
32
12
