5
17
25
16
24
7
28
15
0
27
29
22
0
16
9
15
1
1
1
30
1
1
18
2
2
2
2
2
2
0
3
28
27
3
13
29
4
13
14
4
5
5
5
22
5
16
2
6
5
3
16
25
7
23
27
18
7
8
8
18
31
9
8
0
19
10
10
20
10
9
32
30
21
26
21
12
26
12
22
11
22
24
23
12
13
1
7
14
3
24
9
15
9
25
15
7
1
31
16
26
8
9
11
27
31
18
17
28
10
32
28
29
19
0
7
29
20
19
4
1
30
7
1
21
20
22
31
2
22
9
0
7
32
12
3
23
24
24
12
3
25
21
14
5
22
12
23
2
6
1
3
16
19
31
28
29
31
7
29
31
18
31
30
31
23
8
32
28
30
32
6
32
27
32
28
29
31
26
14
31
11
20
32
29
32
10
31
3
14
31
13
19
32
29
31
15
31
0
31
26
31
32
