31
9
16
29
22
13
18
12
13
7
19
19
8
0
20
30
21
10
1
19
28
24
29
11
2
19
21
27
17
11
3
32
18
13
30
24
4
0
3
21
23
14
5
1
14
15
1
6
16
0
7
7
7
24
2
7
17
1
8
23
1
31
24
24
19
9
10
5
25
10
10
20
11
28
11
0
21
22
7
7
12
30
13
8
23
2
13
0
14
24
25
31
0
15
31
16
25
1
16
26
8
17
4
32
29
31
27
5
12
12
28
19
19
9
0
29
19
29
21
2
14
14
30
31
21
11
9
31
23
31
0
23
32
18
13
32
9
4
0
3
19
25
14
21
19
6
15
1
6
16
21
19
16
27
19
31
21
30
31
24
24
32
14
25
32
21
32
10
5
31
10
10
32
23
31
11
31
27
31
31
31
29
32
2
31
31
2
32
29
17
31
25
15
32
15
31
31
25
31
16
26
32
