17
13
15
27
17
27
13
18
0
14
10
8
8
13
8
23
0
19
1
32
17
15
10
22
10
2
23
23
24
22
24
3
1
24
28
1
4
19
1
25
21
31
14
24
5
27
6
27
1
31
1
3
7
28
32
17
30
4
8
18
32
18
1
18
9
10
0
10
20
32
29
20
5
11
21
32
28
21
28
7
22
32
0
31
23
14
24
13
14
1
24
14
25
15
25
15
25
26
11
16
26
17
3
30
17
30
27
32
18
12
18
28
7
14
13
29
5
6
31
21
13
21
30
17
11
10
31
23
23
31
22
23
4
0
32
24
16
14
21
1
22
26
23
26
25
15
5
12
27
1
1
1
3
30
12
31
17
28
32
7
29
31
21
3
32
25
32
0
28
31
24
29
31
14
31
4
31
27
32
9
32
20
32
3
31
29
30
31
13
32
0
31
14
31
31
32
27
25
32
10
16
12
