20
24
9
13
19
27
7
18
18
24
7
7
22
18
16
8
31
1
12
10
1
0
25
2
2
2
2
12
23
3
12
29
3
32
4
4
3
4
21
19
26
0
0
5
15
5
6
15
24
6
16
17
7
21
21
18
7
8
1
3
0
18
9
1
4
5
28
9
10
20
31
11
3
31
1
3
21
12
3
4
26
26
12
0
23
2
14
28
28
24
14
24
2
15
25
31
31
0
32
31
26
17
6
5
7
17
27
7
7
18
28
7
31
18
18
11
29
20
30
11
3
30
0
30
2
31
2
2
31
23
3
23
11
3
32
23
4
23
12
1
4
17
0
19
5
26
20
18
3
19
13
16
17
27
31
30
31
27
31
29
31
24
32
30
29
31
28
28
32
29
27
31
15
10
32
27
24
32
12
8
32
5
30
32
6
32
30
14
32
28
31
32
3
30
32
7
31
31
8
32
1
23
