18
10
27
19
9
18
30
9
10
29
0
26
14
15
0
9
18
1
9
31
1
21
16
16
2
20
11
22
29
21
3
12
2
21
13
23
4
21
1
14
1
5
28
15
23
1
5
6
16
1
23
23
7
17
29
2
7
8
32
30
1
8
19
9
24
20
30
20
10
31
31
32
2
11
21
4
31
12
32
28
32
13
23
28
13
7
32
6
5
24
14
15
25
15
9
8
3
7
26
17
17
7
17
27
6
3
18
31
9
28
29
0
17
10
4
20
19
18
30
32
31
1
13
21
16
31
2
14
22
16
32
7
32
2
8
24
14
4
3
1
7
24
18
18
15
23
4
17
27
16
26
11
31
30
26
29
32
26
6
11
30
32
8
32
31
24
31
9
32
30
31
31
31
25
32
27
4
31
30
32
10
31
13
32
32
31
31
32
6
31
16
31
31
22
31
29
32
29
31
26
32
17
