17
17
30
17
29
23
13
30
28
28
29
17
29
29
19
30
10
9
1
11
1
9
22
10
19
13
2
10
11
2
28
13
20
15
3
23
1
0
27
4
4
1
23
14
1
14
19
5
14
0
26
1
6
16
6
25
16
0
16
7
31
2
7
17
22
8
18
8
29
8
2
2
19
5
5
27
10
32
1
4
4
20
11
29
11
21
32
12
22
12
29
22
4
29
13
23
24
23
27
30
14
0
24
14
2
5
29
16
16
25
26
12
12
16
27
17
17
30
17
29
27
30
30
28
17
18
17
28
29
19
7
10
29
30
12
1
9
21
30
12
20
20
21
11
31
1
1
8
15
0
15
1
32
24
13
5
16
3
24
17
8
19
4
7
18
3
18
2
15
7
6
16
15
16
28
31
30
32
30
22
8
32
8
29
8
32
32
25
32
30
5
32
30
31
31
32
32
23
27
32
30
32
31
26
31
29
31
30
31
30
23
31
21
30
31
25
0
31
14
32
2
12
31
16
25
31
12
32
31
27
32
