14
15
27
17
29
27
11
0
12
31
28
17
16
23
29
23
16
29
1
18
1
10
28
27
24
11
2
21
24
2
30
19
18
12
3
1
3
19
13
30
4
1
30
4
1
14
15
5
21
1
24
15
23
6
31
23
25
0
17
7
1
31
25
17
8
26
8
18
25
27
9
32
9
4
19
20
20
10
4
20
29
1
5
11
31
21
28
4
22
28
3
22
4
13
28
23
13
23
1
14
24
14
24
7
31
15
8
25
9
25
5
9
16
0
26
31
17
27
17
7
27
5
0
18
7
28
12
32
1
29
19
12
29
0
4
11
10
14
30
21
1
6
21
22
31
3
17
14
23
6
23
32
22
6
32
4
1
6
4
1
10
15
4
21
6
24
22
23
0
8
17
25
18
17
7
31
31
19
31
8
31
30
18
32
27
28
32
31
31
24
31
29
31
27
32
0
32
23
1
31
22
0
30
31
20
3
27
31
31
32
27
32
13
31
31
32
31
29
7
31
2
0
31
32
27
32
1
14
32
7
30
