17
17
31
24
28
7
26
11
7
18
12
13
17
12
24
27
16
29
1
1
30
10
1
27
18
11
20
2
32
2
31
2
19
3
3
21
3
1
29
1
19
4
31
14
27
1
3
20
5
15
1
15
0
6
16
6
22
6
7
4
7
27
27
18
29
8
24
31
0
28
19
9
27
19
9
28
25
10
29
9
0
11
9
21
11
21
27
12
22
12
22
29
28
13
7
30
13
5
9
24
9
10
24
15
5
15
6
7
4
16
16
26
0
3
9
17
7
27
17
1
6
18
32
28
10
7
13
2
10
9
29
2
29
20
1
30
10
1
13
11
11
31
16
9
22
1
14
22
32
3
6
23
1
2
1
0
8
21
5
17
21
25
7
5
15
1
15
19
9
16
7
26
4
32
26
27
32
25
27
29
24
32
31
32
28
30
10
32
12
27
28
25
32
29
9
32
32
31
31
23
31
21
12
31
26
16
30
8
31
24
30
13
31
26
31
0
31
19
1
31
30
25
31
11
16
20
31
0
21
9
31
