6
20
20
31
16
8
9
9
8
10
9
35
10
32
1
1
1
1
1
1
2
2
2
2
2
3
12
3
3
13
4
4
14
4
4
5
5
36
5
5
6
6
6
5
7
7
7
18
8
20
18
8
19
9
19
9
9
21
10
10
10
10
11
11
11
11
22
12
12
23
13
12
24
24
13
14
25
25
15
27
14
26
15
27
16
16
16
27
27
17
29
17
18
14
18
29
19
16
19
31
20
20
31
16
21
21
21
21
21
18
13
18
23
36
23
1
24
24
23
25
36
25
20
25
26
21
25
25
25
23
27
3
27
28
24
28
36
36
36
36
6
6
35
31
35
31
31
35
26
35
26
22
35
32
36
35
36
35
35
35
35
35
35
36
36
35
36
36
36
36
35
35
36
35
35
36
36
36
36
36
36
35
33
35
36
16
35
35
35
35
17
18
35
18
29
19
12
19
33
