16
20
30
33
27
7
21
10
8
8
34
9
18
19
1
1
1
1
1
1
2
2
2
25
2
3
3
12
3
3
4
4
4
4
15
5
5
5
5
6
16
6
6
6
17
7
7
18
8
18
8
8
18
9
9
20
9
20
10
10
20
21
11
11
10
11
12
12
23
23
22
13
12
24
14
14
14
24
11
15
25
30
11
16
26
16
16
15
17
17
27
18
17
18
18
19
18
29
16
16
20
16
3
20
35
21
20
21
35
22
20
21
19
23
21
23
36
15
24
23
20
2
25
25
3
21
1
26
26
21
25
23
27
24
23
36
36
36
36
27
6
29
35
29
31
35
35
19
1
31
8
28
35
35
32
35
35
35
35
35
35
35
35
35
35
36
36
36
36
36
36
36
36
36
36
36
36
36
36
36
33
35
16
36
36
15
28
35
35
26
16
35
18
20
15
18
35
36
15
