19
35
20
20
35
9
9
8
8
8
9
9
9
10
1
1
1
1
1
1
2
2
2
2
13
3
3
3
3
13
4
16
4
4
4
5
5
5
4
5
6
6
6
17
7
18
17
7
7
8
8
8
18
9
19
9
9
9
10
10
21
21
11
11
1
12
11
22
23
12
24
13
13
23
14
25
25
25
15
25
15
15
16
15
26
16
16
16
27
17
17
17
18
28
33
19
19
19
7
19
35
20
20
35
20
21
35
16
22
22
35
22
23
9
16
23
24
36
36
2
25
24
25
13
25
26
3
26
26
26
27
27
27
4
28
14
36
36
36
36
6
23
31
7
35
35
35
20
31
8
20
31
35
35
7
35
35
35
35
35
35
36
36
36
36
35
35
36
9
35
13
33
36
35
35
35
33
35
35
15
35
33
33
29
16
35
35
31
18
35
18
17
26
33
19
19
31
36
16
