15
9
11
36
18
21
8
21
0
8
9
17
11
10
1
1
1
1
1
1
2
2
2
25
2
3
3
2
3
3
4
4
4
4
1
5
5
5
4
15
6
6
6
16
7
7
17
7
35
8
8
8
7
9
19
9
9
10
7
10
21
29
10
11
11
9
12
12
10
12
13
12
13
13
14
13
13
14
11
15
15
14
12
16
25
26
16
31
17
12
27
17
32
18
18
19
18
33
19
17
34
14
34
20
21
22
21
21
21
35
21
35
23
36
24
23
36
19
13
36
24
2
25
25
20
21
26
3
3
27
35
27
36
36
36
23
19
29
7
36
23
6
36
35
35
26
33
35
35
8
27
28
9
35
35
32
35
35
35
35
36
36
36
36
36
36
36
36
36
35
36
35
36
36
35
35
36
36
18
33
14
36
36
25
36
36
35
36
30
32
17
32
36
18
19
36
19
19
18
