20
19
19
8
10
7
35
8
22
10
31
9
10
16
1
1
1
1
1
1
2
2
2
2
2
3
2
3
3
3
4
4
14
4
4
5
15
5
5
6
16
6
6
6
31
7
7
17
6
8
8
8
5
9
7
9
9
9
10
10
31
10
21
11
11
11
7
12
12
27
8
13
13
5
13
14
14
14
15
30
15
25
16
15
11
31
15
31
17
13
13
17
18
18
32
19
18
33
19
20
19
19
15
34
18
35
35
22
36
22
22
21
23
18
36
24
36
23
18
25
24
14
24
2
3
20
16
26
26
20
27
28
36
36
5
36
36
36
9
24
35
6
35
31
24
31
2
35
35
32
30
19
35
33
35
35
35
35
36
35
35
36
35
36
35
36
36
36
36
36
36
28
36
36
36
36
36
15
33
35
25
35
15
35
35
36
35
36
33
29
36
36
35
19
35
35
35
35
33
