20
34
20
7
7
7
13
21
21
9
22
10
36
10
1
1
1
1
1
1
2
2
2
2
2
3
3
3
3
2
2
4
4
4
4
5
4
5
5
15
6
6
6
6
6
7
18
7
18
8
8
19
8
9
9
9
20
10
25
9
10
10
11
11
11
22
12
12
12
11
23
12
13
13
13
14
13
14
24
14
15
25
26
16
16
16
27
16
17
17
17
17
18
18
29
18
34
19
34
20
34
20
20
20
21
21
21
21
21
22
22
36
22
23
23
36
23
23
24
24
23
2
25
24
24
26
15
26
26
25
21
27
16
28
36
36
36
36
29
22
6
35
31
31
35
35
7
0
31
8
35
33
31
36
35
36
36
36
36
35
35
35
35
35
35
35
12
35
35
33
35
13
36
13
35
35
36
35
35
35
36
35
16
35
36
26
35
36
35
35
4
36
36
36
36
35
19
16
35
