20
19
20
16
35
13
12
22
8
21
11
22
11
10
1
1
1
1
1
24
2
2
2
2
2
3
3
3
3
2
13
4
4
4
4
5
5
5
5
6
5
6
6
6
17
7
7
7
18
8
7
8
19
9
9
20
20
20
10
10
29
10
11
11
11
11
22
12
12
23
13
29
13
14
13
9
14
14
13
25
14
15
35
16
15
2
31
17
17
17
17
17
18
18
18
0
19
19
19
20
19
34
34
35
21
17
22
21
21
36
22
36
22
23
17
1
18
24
24
24
24
2
25
26
0
25
26
3
22
20
23
4
36
36
36
5
29
29
36
35
36
17
31
25
35
35
25
35
31
25
24
35
33
33
35
35
35
35
35
35
35
35
35
35
36
36
36
36
36
36
36
36
14
35
35
35
35
28
31
14
15
35
35
15
2
36
17
36
36
35
35
18
36
33
30
19
33
19
20
