20
10
20
30
21
13
35
21
21
8
8
10
22
14
1
1
1
1
1
2
10
2
2
2
2
3
26
3
3
3
4
4
4
4
4
5
15
5
5
6
16
6
6
6
7
7
17
18
24
8
18
8
8
8
6
9
9
10
21
10
10
11
10
11
22
21
11
12
9
12
23
13
13
24
14
14
25
24
36
15
15
15
14
26
16
16
16
15
27
13
18
4
18
28
17
29
17
19
19
18
20
20
20
21
16
35
21
21
21
22
22
36
22
23
14
23
22
24
23
10
25
24
21
25
25
26
26
26
36
4
36
36
27
27
17
28
27
35
36
36
6
35
6
7
7
35
31
30
8
35
33
35
35
6
36
35
36
35
35
36
35
35
35
35
36
36
36
36
35
35
35
36
35
36
36
36
35
36
36
36
31
35
30
15
35
36
35
27
36
18
3
33
2
17
19
36
20
33
6
