16
7
9
27
11
15
18
8
13
15
29
19
31
19
13
0
20
26
9
1
19
1
18
24
32
20
11
20
28
2
27
11
30
20
19
3
28
32
18
0
3
4
1
4
26
19
14
5
5
26
5
23
29
15
6
20
6
24
27
26
7
17
31
24
24
17
23
8
18
7
31
18
32
25
9
32
30
31
10
1
20
1
10
11
4
30
11
32
5
3
27
22
6
12
4
3
13
23
13
0
2
1
4
14
24
1
32
2
5
8
25
8
25
32
16
26
32
26
16
16
8
9
27
32
27
18
8
13
4
28
19
19
19
8
29
20
20
9
8
20
21
10
30
21
3
11
12
15
2
31
11
12
16
17
23
32
22
17
32
3
24
13
16
16
15
24
3
18
4
2
0
26
16
8
20
13
2
18
26
31
31
31
31
0
31
22
31
30
32
30
28
32
25
9
24
32
15
29
32
20
4
31
31
2
21
32
32
26
31
7
30
6
31
20
26
24
31
6
0
31
31
31
31
6
26
32
9
2
29
32
8
25
32
16
6
31
31
29
