31
27
17
18
18
7
13
28
26
14
20
9
10
1
21
24
2
2
1
18
2
17
3
12
3
24
14
4
13
1
26
5
23
15
29
6
22
16
17
7
29
1
26
8
31
18
24
9
19
19
31
10
21
21
20
11
27
30
5
12
22
32
31
23
23
14
0
7
24
2
15
16
25
16
10
26
31
27
17
27
18
18
29
28
14
14
10
10
20
1
21
30
7
2
21
31
2
3
16
32
5
24
17
15
13
24
26
5
18
17
11
6
0
27
7
32
29
32
19
8
31
19
29
31
19
24
31
10
31
29
18
31
28
30
31
16
31
2
31
10
32
29
31
29
27
31
30
16
31
16
7
32
