12
12
31
27
8
6
28
19
18
14
25
17
29
1
9
9
11
1
2
26
25
32
12
3
23
20
13
4
3
14
5
5
5
15
2
6
16
6
17
7
30
17
8
8
8
19
9
19
9
19
10
20
10
21
11
2
21
4
12
22
22
13
24
23
13
23
14
30
15
3
25
15
25
16
26
26
17
27
16
27
32
29
28
19
18
14
29
10
19
30
31
30
16
21
19
31
18
32
5
14
32
22
23
6
3
15
7
5
6
25
2
6
16
16
25
31
30
32
8
32
32
0
31
30
28
31
27
27
32
20
31
2
31
21
32
22
32
13
32
21
32
2
31
30
15
31
0
15
32
30
31
31
