9
5
17
27
16
7
7
25
29
16
13
16
1
9
1
31
17
10
1
2
24
12
3
3
3
1
1
4
31
27
5
5
15
5
6
6
6
26
27
16
7
1
18
8
4
18
19
9
25
3
5
21
20
6
11
11
12
21
12
22
12
2
13
23
23
24
14
24
24
25
32
15
25
31
26
17
27
17
8
27
28
18
18
28
10
19
12
29
11
20
21
30
15
21
32
31
13
32
3
10
16
32
0
24
9
25
5
25
9
13
6
27
6
28
27
32
32
1
31
5
32
32
19
31
27
28
31
21
21
31
26
32
12
31
12
29
31
2
32
23
32
23
32
19
31
31
31
15
17
31
14
17
