24
13
7
28
27
16
12
11
28
18
8
9
29
1
19
16
10
1
2
31
11
2
3
3
3
32
4
4
4
2
14
5
14
4
5
6
3
2
16
7
16
23
24
7
8
18
18
29
19
7
10
20
29
20
5
11
2
12
0
12
22
23
13
13
29
23
14
24
6
4
14
25
16
26
16
30
26
13
32
28
27
17
19
18
28
12
29
19
29
30
20
1
30
1
31
14
31
2
23
32
14
32
24
5
10
2
22
23
5
5
26
6
8
27
3
30
31
7
32
29
32
14
32
29
15
32
9
20
32
27
31
31
22
31
0
12
32
30
31
13
29
31
29
24
32
8
32
26
32
32
32
32
