# Results obtained using DQN. CPU time: 187.20441389083862
0.01617758  38.00000000  0.01617758  40.00000000  1688.02887643  0.00000000
0.01271615  38.00000000  0.01271615  40.00000000  1257.14599824  0.00000000
0.00007384  32.00000000  0.00000638  40.00000000  1151.65793122  0.00000000
0.00030406  38.00000000  0.00030406  40.00000000  1201.03024128  0.00000000
0.00024347  38.00000000  0.00024347  40.00000000  1183.88232673  0.00000000
0.00040790  37.00000000  0.00039241  40.00000000  1025.31620790  0.00000000
0.00865450  38.00000000  0.00865450  40.00000000  1199.33668268  0.00000000
0.00387968  38.00000000  0.00387968  40.00000000  1332.01695159  0.00000000
0.07277271  38.00000000  0.07277271  40.00000000  1258.23525660  0.00000000
0.00963158  38.00000000  0.00963158  40.00000000  1497.40176156  0.00000000
0.00045105  38.00000000  0.00045105  40.00000000  933.60846059  0.00000000
0.00557065  37.00000000  0.00402587  40.00000000  1708.50919110  0.00000000
0.00542800  35.00000000  0.00284711  40.00000000  1608.05356871  0.00448502
0.00352137  37.00000000  0.00350608  40.00000000  1118.85000839  0.01644509
0.00526876  38.00000000  0.00526876  40.00000000  1120.80424145  0.02840515
0.05676024  38.00000000  0.05676024  40.00000000  1466.06180820  0.04036522
0.00716140  30.00000000  0.00074527  40.00000000  1612.92540246  0.05232529
0.00102083  38.00000000  0.00102083  40.00000000  1428.85939820  0.06428535
0.00037760  38.00000000  0.00037760  40.00000000  1228.10179551  0.07624542
0.00295698  31.00000000  0.00151590  40.00000000  2334.94655695  0.08820548
0.00172895  37.00000000  0.00168586  40.00000000  879.28704574  0.10016555
0.00307910  36.00000000  0.00252479  40.00000000  1309.73038533  0.11212561
0.02001298  38.00000000  0.02001298  40.00000000  1403.86342776  0.12408568
0.01080743  38.00000000  0.01080743  40.00000000  1125.28763236  0.13604574
0.00119035  31.00000000  0.00114900  40.00000000  1432.30397406  0.14800581
0.00416053  36.00000000  0.00242873  40.00000000  1734.56988497  0.15996587
0.01557065  38.00000000  0.01557065  40.00000000  1041.67886393  0.17192594
0.00092260  35.00000000  0.00049014  40.00000000  963.43149485  0.18388600
0.00322918  38.00000000  0.00322918  40.00000000  837.44685181  0.19584607
0.00695349  38.00000000  0.00695349  40.00000000  1744.32561824  0.20780613
0.00048183  38.00000000  0.00048183  40.00000000  1490.60673003  0.21976620
0.00056896  30.00000000  0.00003552  40.00000000  1021.61941021  0.23172626
0.00371746  33.00000000  0.00215591  40.00000000  1125.16031870  0.24368633
0.01885988  38.00000000  0.01885988  40.00000000  1143.13748547  0.25564639
0.00137625  37.00000000  0.00136965  40.00000000  1589.42563912  0.26760646
0.00057351  32.00000000  0.00013007  40.00000000  1350.24720016  0.27956653
0.00712025  30.00000000  0.00410079  40.00000000  1767.37533175  0.29152659
0.00018105  38.00000000  0.00018105  40.00000000  880.37693263  0.30348666
0.01472276  38.00000000  0.01472276  40.00000000  1664.46715006  0.31544672
0.00071242  38.00000000  0.00071242  40.00000000  1164.52035521  0.32740679
0.00088626  38.00000000  0.00088626  40.00000000  977.52311587  0.33936685
0.01200852  32.00000000  0.00264967  40.00000000  1157.98022724  0.35132692
0.00297357  32.00000000  0.00089135  40.00000000  970.64025803  0.36328698
0.00364913  36.00000000  0.00325799  40.00000000  1025.46786702  0.37524705
0.00087047  38.00000000  0.00087047  40.00000000  1003.78951092  0.38720711
0.22930399  34.00000000  0.07761289  40.00000000  2267.69254776  0.39916718
0.00754686  31.00000000  0.00109756  40.00000000  1627.07794391  0.41112724
0.00036673  38.00000000  0.00036673  40.00000000  1755.06408441  0.42308731
0.00289403  38.00000000  0.00289403  40.00000000  1882.99756196  0.43504737
0.00223088  36.00000000  0.00188368  40.00000000  1281.36592320  0.44700744
0.02387707  33.00000000  0.00344434  40.00000000  2190.81406046  0.45896750
0.01807093  38.00000000  0.01807093  40.00000000  1279.72266268  0.47092757
0.01308788  37.00000000  0.01282110  40.00000000  1113.30030015  0.48288763
0.00072699  37.00000000  0.00070269  40.00000000  1257.43404582  0.49484770
0.00396437  38.00000000  0.00396437  40.00000000  1270.72122887  0.50680777
0.01573965  38.00000000  0.01573965  40.00000000  2178.69953954  0.51876783
0.01164100  31.00000000  0.00541840  40.00000000  1097.81563567  0.53072790
0.01693759  31.00000000  0.01672242  40.00000000  1770.28240860  0.54268796
0.00016016  30.00000000  0.00006597  40.00000000  1797.62708275  0.55464803
0.00019760  38.00000000  0.00019760  40.00000000  1648.77475390  0.56660809
0.00344138  28.00000000  0.00079936  40.00000000  1752.84066302  0.57856816
0.00227954  32.00000000  0.00124903  40.00000000  1509.16108336  0.59052822
0.00084334  31.00000000  0.00020146  40.00000000  927.17785278  0.60248829
0.00037998  26.00000000  0.00032111  40.00000000  1568.42635436  0.61444835
0.00618791  38.00000000  0.00618791  40.00000000  1221.44872705  0.62640842
0.01107281  36.00000000  0.00714378  40.00000000  1678.79597542  0.63836848
0.01170409  38.00000000  0.01170409  40.00000000  2032.42232113  0.65032855
0.01135199  32.00000000  0.00649028  40.00000000  2098.82202235  0.66228861
0.00554952  38.00000000  0.00554952  40.00000000  1447.97788878  0.67424868
0.01686298  38.00000000  0.01686298  40.00000000  1903.18414032  0.68620874
0.00354189  38.00000000  0.00354189  40.00000000  1224.28906501  0.69816881
0.02049862  38.00000000  0.02049862  40.00000000  1669.32466067  0.71012887
0.00273239  35.00000000  0.00195070  40.00000000  2145.20090274  0.72208894
0.00004865  38.00000000  0.00004865  40.00000000  972.57135384  0.73404901
0.01338330  36.00000000  0.01185564  40.00000000  1449.04404729  0.74600907
0.02606785  38.00000000  0.02606785  40.00000000  1801.99079048  0.75796914
0.06978106  37.00000000  0.06476478  40.00000000  1408.12990029  0.76992920
0.00584698  27.00000000  0.00306814  40.00000000  1541.07052598  0.78188927
0.14034957  38.00000000  0.14034957  40.00000000  2015.46668159  0.79384933
0.03975207  38.00000000  0.03975207  40.00000000  2272.96321434  0.80580940
0.06367845  38.00000000  0.06367845  40.00000000  1780.81244959  0.81776946
0.01743087  38.00000000  0.01743087  40.00000000  1699.88400530  0.82972953
0.00001778  38.00000000  0.00001778  40.00000000  959.64781491  0.84168959
0.00053250  38.00000000  0.00053250  40.00000000  2237.95926672  0.85364966
0.02818970  38.00000000  0.02818970  40.00000000  2214.39036144  0.86560972
0.04892549  29.00000000  0.00525028  40.00000000  2279.41901889  0.87756979
0.00162014  38.00000000  0.00162014  40.00000000  2126.39831725  0.88952985
0.12074795  38.00000000  0.12074795  40.00000000  2279.97306713  0.90148992
0.00005230  38.00000000  0.00005230  40.00000000  985.19751437  0.91344998
0.03209170  28.00000000  0.02423426  40.00000000  2278.54059042  0.92541005
0.12898012  38.00000000  0.12898012  40.00000000  1378.08708321  0.93737011
0.02055671  28.00000000  0.00096055  40.00000000  1903.65028646  0.94933018
0.00016772  29.00000000  0.00005919  40.00000000  2281.32093117  0.96129025
0.03259324  28.00000000  0.01929710  40.00000000  2278.55748374  0.97325031
0.03108973  28.00000000  0.01328516  40.00000000  2278.43950314  0.98521038
0.03259324  28.00000000  0.01929710  40.00000000  2278.55748374  0.99000000
0.03259324  28.00000000  0.01929710  40.00000000  2278.55748374  0.99000000
0.03259324  28.00000000  0.01929710  40.00000000  2278.55748374  0.99000000
0.02118488  26.00000000  0.00550169  40.00000000  1875.99275845  0.99000000
0.03211742  38.00000000  0.03211742  40.00000000  2278.60562840  0.99000000
0.08049162  38.00000000  0.08049162  40.00000000  2280.40301670  0.99000000
0.03259324  28.00000000  0.01929710  40.00000000  2278.55748374  0.99000000
0.03259324  28.00000000  0.01929710  40.00000000  2278.55748374  0.99000000
0.03259324  28.00000000  0.01929710  40.00000000  2278.55748374  0.99000000
0.03259324  28.00000000  0.01929710  40.00000000  2278.55748374  0.99000000
0.03258499  28.00000000  0.01930114  40.00000000  2278.61016460  0.99000000
0.03259324  28.00000000  0.01929710  40.00000000  2278.55748374  0.99000000
0.03259324  28.00000000  0.01929710  40.00000000  2278.55748374  0.99000000
0.03259324  28.00000000  0.01929710  40.00000000  2278.55748374  0.99000000
0.04941610  38.00000000  0.04941610  40.00000000  1833.61118707  0.99000000
0.00074760  38.00000000  0.00074760  40.00000000  2125.47331907  0.99000000
0.03259324  28.00000000  0.01929710  40.00000000  2278.55748374  0.99000000
0.02263864  38.00000000  0.02263864  40.00000000  2267.39845882  0.99000000
0.03259324  28.00000000  0.01929710  40.00000000  2278.55748374  0.99000000
0.03259324  28.00000000  0.01929710  40.00000000  2278.55748374  0.99000000
0.03259324  28.00000000  0.01929710  40.00000000  2278.55748374  0.99000000
0.03287273  29.00000000  0.01212586  40.00000000  2278.63538010  0.99000000
0.03259324  28.00000000  0.01929710  40.00000000  2278.55748374  0.99000000
0.03259324  28.00000000  0.01929710  40.00000000  2278.55748374  0.99000000
0.03259324  28.00000000  0.01929710  40.00000000  2278.55748374  0.99000000
0.03259324  28.00000000  0.01929710  40.00000000  2278.55748374  0.99000000
0.03259324  28.00000000  0.01929710  40.00000000  2278.55748374  0.99000000
0.03259324  28.00000000  0.01929710  40.00000000  2278.55748374  0.99000000
0.03259324  28.00000000  0.01929710  40.00000000  2278.55748374  0.99000000
0.02054940  25.00000000  0.01440680  40.00000000  2277.79020983  0.99000000
0.03259324  28.00000000  0.01929710  40.00000000  2278.55748374  0.99000000
0.03259324  28.00000000  0.01929710  40.00000000  2278.55748374  0.99000000
0.03259324  28.00000000  0.01929710  40.00000000  2278.55748374  0.99000000
0.03259324  28.00000000  0.01929710  40.00000000  2278.55748374  0.99000000
0.02597063  29.00000000  0.01801905  40.00000000  2238.47529033  0.99000000
0.05848136  38.00000000  0.05848136  40.00000000  2278.82140385  0.99000000
0.03259324  28.00000000  0.01929710  40.00000000  2278.55748374  0.99000000
0.03259324  28.00000000  0.01929710  40.00000000  2278.55748374  0.99000000
0.02507275  38.00000000  0.02507275  40.00000000  2245.11123773  0.99000000
0.00048070  29.00000000  0.00022351  40.00000000  2117.98302717  0.99000000
0.03259324  28.00000000  0.01929710  40.00000000  2278.55748374  0.99000000
0.03259324  28.00000000  0.01929710  40.00000000  2278.55748374  0.99000000
0.03259324  28.00000000  0.01929710  40.00000000  2278.55748374  0.99000000
0.03259324  28.00000000  0.01929710  40.00000000  2278.55748374  0.99000000
0.49673599  38.00000000  0.49673599  40.00000000  2331.79017508  0.99000000
0.03259324  28.00000000  0.01929710  40.00000000  2278.55748374  0.99000000
0.03259324  28.00000000  0.01929710  40.00000000  2278.55748374  0.99000000
0.03259324  28.00000000  0.01929710  40.00000000  2278.55748374  0.99000000
0.03830588  36.00000000  0.03373658  40.00000000  2186.03699767  0.99000000
0.00055597  36.00000000  0.00054334  40.00000000  2022.29811557  0.99000000
0.09618975  38.00000000  0.09618975  40.00000000  2253.31621269  0.99000000
0.03259324  28.00000000  0.01929710  40.00000000  2278.55748374  0.99000000
0.03259324  28.00000000  0.01929710  40.00000000  2278.55748374  0.99000000
0.00029470  38.00000000  0.00029470  40.00000000  2203.67454327  0.99000000
0.03259324  28.00000000  0.01929710  40.00000000  2278.55748374  0.99000000
0.01584572  26.00000000  0.00095767  40.00000000  2112.17112678  0.99000000
0.03259324  28.00000000  0.01929710  40.00000000  2278.55748374  0.99000000
0.03259324  28.00000000  0.01929710  40.00000000  2278.55748374  0.99000000
0.03259324  28.00000000  0.01929710  40.00000000  2278.55748374  0.99000000
0.03259324  28.00000000  0.01929710  40.00000000  2278.55748374  0.99000000
0.03259324  28.00000000  0.01929710  40.00000000  2278.55748374  0.99000000
0.03259324  28.00000000  0.01929710  40.00000000  2278.55748374  0.99000000
0.03259324  28.00000000  0.01929710  40.00000000  2278.55748374  0.99000000
0.03259324  28.00000000  0.01929710  40.00000000  2278.55748374  0.99000000
0.03259324  28.00000000  0.01929710  40.00000000  2278.55748374  0.99000000
0.03259324  28.00000000  0.01929710  40.00000000  2278.55748374  0.99000000
0.23761420  38.00000000  0.23761420  40.00000000  2278.26798321  0.99000000
0.03259324  28.00000000  0.01929710  40.00000000  2278.55748374  0.99000000
0.03259324  28.00000000  0.01929710  40.00000000  2278.55748374  0.99000000
0.03259324  28.00000000  0.01929710  40.00000000  2278.55748374  0.99000000
0.03259324  28.00000000  0.01929710  40.00000000  2278.55748374  0.99000000
0.03259324  28.00000000  0.01929710  40.00000000  2278.55748374  0.99000000
0.03259324  28.00000000  0.01929710  40.00000000  2278.55748374  0.99000000
0.03259324  28.00000000  0.01038145  40.00000000  2278.53793517  0.99000000
0.03259324  28.00000000  0.01929710  40.00000000  2278.55748374  0.99000000
0.03259324  28.00000000  0.01929710  40.00000000  2278.55748374  0.99000000
0.03259324  28.00000000  0.01929710  40.00000000  2278.55748374  0.99000000
0.03259324  28.00000000  0.01929710  40.00000000  2278.55748374  0.99000000
0.00549769  38.00000000  0.00549769  40.00000000  1482.43645550  0.99000000
0.03259324  28.00000000  0.01929710  40.00000000  2278.55748374  0.99000000
0.03259324  28.00000000  0.01929710  40.00000000  2278.55748374  0.99000000
0.03259324  28.00000000  0.01929710  40.00000000  2278.55748374  0.99000000
0.03259324  28.00000000  0.01929710  40.00000000  2278.55748374  0.99000000
0.03259324  28.00000000  0.01929710  40.00000000  2278.55748374  0.99000000
0.03259324  28.00000000  0.01929710  40.00000000  2278.55748374  0.99000000
0.02243864  29.00000000  0.01722736  40.00000000  2272.83970464  0.99000000
0.03259324  28.00000000  0.01929710  40.00000000  2278.55748374  0.99000000
0.06270170  38.00000000  0.06270170  40.00000000  2287.49077329  0.99000000
0.03259324  28.00000000  0.01929710  40.00000000  2278.55748374  0.99000000
0.03259324  28.00000000  0.01929710  40.00000000  2278.55748374  0.99000000
0.03259324  28.00000000  0.01929710  40.00000000  2278.55748374  0.99000000
0.03259324  28.00000000  0.03066148  40.00000000  2278.67270329  0.99000000
0.03259324  28.00000000  0.01929710  40.00000000  2278.55748374  0.99000000
0.03259324  28.00000000  0.01929710  40.00000000  2278.55748374  0.99000000
0.03259324  28.00000000  0.01929710  40.00000000  2278.55748374  0.99000000
0.03259324  28.00000000  0.01929710  40.00000000  2278.55748374  0.99000000
0.01985511  28.00000000  0.01655603  40.00000000  2271.72714706  0.99000000
0.03195653  28.00000000  0.00403420  40.00000000  2278.48712438  0.99000000
0.03259324  28.00000000  0.01929710  40.00000000  2278.55748374  0.99000000
0.03259324  28.00000000  0.01929710  40.00000000  2278.55748374  0.99000000
0.03259324  28.00000000  0.01929710  40.00000000  2278.55748374  0.99000000
0.02881099  37.00000000  0.02829481  40.00000000  1026.29517289  0.99000000
0.03259324  28.00000000  0.01929710  40.00000000  2278.55748374  0.99000000
0.03259324  28.00000000  0.01929710  40.00000000  2278.55748374  0.99000000
0.03259324  28.00000000  0.01929710  40.00000000  2278.55748374  0.99000000
0.04566887  30.00000000  0.00654807  40.00000000  2279.45349153  0.99000000
0.03259324  28.00000000  0.01929710  40.00000000  2278.55748374  0.99000000
0.03259324  28.00000000  0.01929710  40.00000000  2278.55748374  0.99000000
0.03259324  28.00000000  0.01929710  40.00000000  2278.55748374  0.99000000
0.03259324  28.00000000  0.01929710  40.00000000  2278.55748374  0.99000000
0.03259324  28.00000000  0.01929710  40.00000000  2278.55748374  0.99000000
0.03259324  28.00000000  0.01929710  40.00000000  2278.55748374  0.99000000
0.03259324  28.00000000  0.01929710  40.00000000  2278.55748374  0.99000000
0.04175874  38.00000000  0.04175874  40.00000000  2278.08400153  0.99000000
0.03259324  28.00000000  0.01929710  40.00000000  2278.55748374  0.99000000
0.03259324  28.00000000  0.01929710  40.00000000  2278.55748374  0.99000000
0.02870569  26.00000000  0.00838735  40.00000000  2278.10293101  0.99000000
0.03259324  28.00000000  0.01929710  40.00000000  2278.55748374  0.99000000
0.03259324  28.00000000  0.01929710  40.00000000  2278.55748374  0.99000000
0.03259324  28.00000000  0.01038145  40.00000000  2278.53793517  0.99000000
0.03259324  28.00000000  0.01929710  40.00000000  2278.55748374  0.99000000
0.03259324  28.00000000  0.01929710  40.00000000  2278.55748374  0.99000000
0.03259324  28.00000000  0.01929710  40.00000000  2278.55748374  0.99000000
0.25297798  33.00000000  0.13015748  40.00000000  2031.16808047  0.99000000
0.03259324  28.00000000  0.01929710  40.00000000  2278.55748374  0.99000000
0.03259324  28.00000000  0.01929710  40.00000000  2278.55748374  0.99000000
0.03259324  28.00000000  0.01929710  40.00000000  2278.55748374  0.99000000
0.03259324  28.00000000  0.01929710  40.00000000  2278.55748374  0.99000000
0.03259324  28.00000000  0.01929710  40.00000000  2278.55748374  0.99000000
0.03259324  28.00000000  0.01929710  40.00000000  2278.55748374  0.99000000
0.00035781  35.00000000  0.00029473  40.00000000  1678.18874852  0.99000000
0.03259324  28.00000000  0.01929710  40.00000000  2278.55748374  0.99000000
0.06655940  38.00000000  0.06655940  40.00000000  2280.01390674  0.99000000
0.03259324  28.00000000  0.01929710  40.00000000  2278.55748374  0.99000000
0.03259324  28.00000000  0.01929710  40.00000000  2278.55748374  0.99000000
0.03259324  28.00000000  0.01929710  40.00000000  2278.55748374  0.99000000
0.03259324  28.00000000  0.01929710  40.00000000  2278.55748374  0.99000000
0.03259324  28.00000000  0.01929710  40.00000000  2278.55748374  0.99000000
0.03259324  28.00000000  0.01929710  40.00000000  2278.55748374  0.99000000
0.02972203  33.00000000  0.00687972  40.00000000  2152.24159155  0.99000000
0.03259324  28.00000000  0.01929710  40.00000000  2278.55748374  0.99000000
0.05355347  38.00000000  0.05355347  40.00000000  2279.19661270  0.99000000
0.03259324  28.00000000  0.01929710  40.00000000  2278.55748374  0.99000000
0.03259324  28.00000000  0.01929710  40.00000000  2278.55748374  0.99000000
0.03259324  28.00000000  0.01929710  40.00000000  2278.55748374  0.99000000
0.03259324  28.00000000  0.01929710  40.00000000  2278.55748374  0.99000000
0.03259324  28.00000000  0.01929710  40.00000000  2278.55748374  0.99000000
0.03259324  28.00000000  0.01929710  40.00000000  2278.55748374  0.99000000
0.03259324  28.00000000  0.01929710  40.00000000  2278.55748374  0.99000000
0.03259324  28.00000000  0.00352382  40.00000000  2278.50296572  0.99000000
0.03259324  28.00000000  0.01929710  40.00000000  2278.55748374  0.99000000
0.03259324  28.00000000  0.01929710  40.00000000  2278.55748374  0.99000000
0.03259324  28.00000000  0.01929710  40.00000000  2278.55748374  0.99000000
0.03259324  28.00000000  0.01929710  40.00000000  2278.55748374  0.99000000
0.08601378  38.00000000  0.08601378  40.00000000  2279.76327539  0.99000000
0.03259324  28.00000000  0.01929710  40.00000000  2278.55748374  0.99000000
0.03259324  28.00000000  0.01811801  40.00000000  2278.55746665  0.99000000
0.03259324  28.00000000  0.01929710  40.00000000  2278.55748374  0.99000000
0.03259324  28.00000000  0.01349644  40.00000000  2278.55484416  0.99000000
0.01706281  38.00000000  0.01706281  40.00000000  2270.06097217  0.99000000
0.03259324  28.00000000  0.01929710  40.00000000  2278.55748374  0.99000000
0.03267885  28.00000000  0.01925227  40.00000000  2278.59276627  0.99000000
0.03259324  28.00000000  0.01929710  40.00000000  2278.55748374  0.99000000
0.00964921  25.00000000  0.00184600  40.00000000  1865.82096725  0.99000000
0.03259324  28.00000000  0.01929710  40.00000000  2278.55748374  0.99000000
0.03259324  28.00000000  0.01929710  40.00000000  2278.55748374  0.99000000
0.03259324  28.00000000  0.01929710  40.00000000  2278.55748374  0.99000000
0.05355347  38.00000000  0.05355347  40.00000000  2279.19661270  0.99000000
0.03259324  28.00000000  0.01929710  40.00000000  2278.55748374  0.99000000
0.00028164  38.00000000  0.00028164  40.00000000  2180.39268090  0.99000000
0.03259324  28.00000000  0.01929710  40.00000000  2278.55748374  0.99000000
0.03259324  28.00000000  0.01929710  40.00000000  2278.55748374  0.99000000
0.03259324  28.00000000  0.00430009  40.00000000  2278.40183810  0.99000000
0.03259324  28.00000000  0.01929710  40.00000000  2278.55748374  0.99000000
0.03259324  28.00000000  0.02697981  40.00000000  2278.69905757  0.99000000
0.03259324  28.00000000  0.01929710  40.00000000  2278.55748374  0.99000000
0.03259324  28.00000000  0.01929710  40.00000000  2278.55748374  0.99000000
0.03259324  28.00000000  0.01929710  40.00000000  2278.55748374  0.99000000
0.02520413  26.00000000  0.02393053  40.00000000  2278.05404661  0.99000000
0.03259324  28.00000000  0.01929710  40.00000000  2278.55748374  0.99000000
0.02395044  38.00000000  0.02395044  40.00000000  2169.64091050  0.99000000
0.03259324  28.00000000  0.01929710  40.00000000  2278.55748374  0.99000000
0.00059140  38.00000000  0.00059140  40.00000000  2179.58123512  0.99000000
0.00043553  36.00000000  0.00041122  40.00000000  2144.56371691  0.99000000
0.03259324  28.00000000  0.01929710  40.00000000  2278.55748374  0.99000000
0.03259324  28.00000000  0.01929710  40.00000000  2278.55748374  0.99000000
0.03259324  28.00000000  0.01929710  40.00000000  2278.55748374  0.99000000
0.03206359  28.00000000  0.00253797  40.00000000  2278.47390214  0.99000000
0.04091083  36.00000000  0.03727074  40.00000000  2278.02616819  0.99000000
0.03259324  28.00000000  0.01929710  40.00000000  2278.55748374  0.99000000
0.03259324  28.00000000  0.01929710  40.00000000  2278.55748374  0.99000000
0.03267181  28.00000000  0.01924781  40.00000000  2278.58824462  0.99000000
0.03259324  28.00000000  0.01929710  40.00000000  2278.55748374  0.99000000
0.03259324  28.00000000  0.01929710  40.00000000  2278.55748374  0.99000000
0.03259324  28.00000000  0.01929710  40.00000000  2278.55748374  0.99000000
0.03259324  28.00000000  0.01929710  40.00000000  2278.55748374  0.99000000
0.03259324  28.00000000  0.01929710  40.00000000  2278.55748374  0.99000000
0.03259324  28.00000000  0.01929710  40.00000000  2278.55748374  0.99000000
0.03259324  28.00000000  0.01929710  40.00000000  2278.55748374  0.99000000
0.03259324  28.00000000  0.01929710  40.00000000  2278.55748374  0.99000000
0.03259324  28.00000000  0.00256741  40.00000000  2278.39733331  0.99000000
0.03259324  28.00000000  0.01929710  40.00000000  2278.55748374  0.99000000
0.03259324  28.00000000  0.01929710  40.00000000  2278.55748374  0.99000000
0.03259324  28.00000000  0.01929710  40.00000000  2278.55748374  0.99000000
0.03259324  28.00000000  0.01929710  40.00000000  2278.55748374  0.99000000
0.03259324  28.00000000  0.01929710  40.00000000  2278.55751848  0.99000000
0.03259324  28.00000000  0.01929710  40.00000000  2278.55748374  0.99000000
0.03259324  28.00000000  0.01929710  40.00000000  2278.55748374  0.99000000
0.03259324  28.00000000  0.01929710  40.00000000  2278.55748374  0.99000000
0.00462567  38.00000000  0.00462567  40.00000000  2047.77749968  0.99000000
0.03259324  28.00000000  0.01929710  40.00000000  2278.55748374  0.99000000
0.04141583  38.00000000  0.04141583  40.00000000  2278.81729654  0.99000000
0.03259324  28.00000000  0.01929710  40.00000000  2278.55748374  0.99000000
0.03259324  28.00000000  0.01929710  40.00000000  2278.55748374  0.99000000
0.05974775  28.00000000  0.01486125  40.00000000  2284.04534175  0.99000000
0.03259324  28.00000000  0.01929710  40.00000000  2278.55748374  0.99000000
0.03259324  28.00000000  0.01929710  40.00000000  2278.55748374  0.99000000
0.03259324  28.00000000  0.01929710  40.00000000  2278.55748374  0.99000000
0.03259324  28.00000000  0.01929710  40.00000000  2278.55748374  0.99000000
0.03259324  28.00000000  0.01929710  40.00000000  2278.55748374  0.99000000
0.03259324  28.00000000  0.01929710  40.00000000  2278.55748374  0.99000000
0.04766424  30.00000000  0.02489580  40.00000000  2279.42193519  0.99000000
0.03259324  28.00000000  0.01929710  40.00000000  2278.55748374  0.99000000
0.02870569  26.00000000  0.00838735  40.00000000  2278.10293101  0.99000000
0.03259324  28.00000000  0.01929710  40.00000000  2278.55748374  0.99000000
0.02263864  38.00000000  0.02263864  40.00000000  2267.39845882  0.99000000
0.03259324  28.00000000  0.01929710  40.00000000  2278.55748374  0.99000000
0.03338987  28.00000000  0.01900735  40.00000000  2278.83763771  0.99000000
0.03259324  28.00000000  0.01929710  40.00000000  2278.55748374  0.99000000
0.03259324  28.00000000  0.01929710  40.00000000  2278.55748374  0.99000000
0.03259324  28.00000000  0.01929710  40.00000000  2278.55748374  0.99000000
0.03259324  28.00000000  0.01929710  40.00000000  2278.55748374  0.99000000
0.03259324  28.00000000  0.01929710  40.00000000  2278.55748374  0.99000000
0.03115283  28.00000000  0.00960537  40.00000000  2255.73080304  0.99000000
0.03259324  28.00000000  0.01929710  40.00000000  2278.55748374  0.99000000
0.03259324  28.00000000  0.01929710  40.00000000  2278.55748374  0.99000000
0.00001212  36.00000000  0.00001080  40.00000000  1066.17292532  0.99000000
0.03218477  38.00000000  0.03218477  40.00000000  2260.98080127  0.99000000
0.03259324  28.00000000  0.01929710  40.00000000  2278.55748374  0.99000000
0.03259324  28.00000000  0.01929710  40.00000000  2278.55748374  0.99000000
0.03259324  28.00000000  0.01929710  40.00000000  2278.55748374  0.99000000
0.03259324  28.00000000  0.01929710  40.00000000  2278.55748374  0.99000000
0.03259324  28.00000000  0.01929710  40.00000000  2278.55748374  0.99000000
0.03259324  28.00000000  0.01929710  40.00000000  2278.55748374  0.99000000
0.02549975  38.00000000  0.02549975  40.00000000  1853.47260363  0.99000000
0.03259324  28.00000000  0.01929710  40.00000000  2278.55748374  0.99000000
0.03259324  28.00000000  0.01929710  40.00000000  2278.55748374  0.99000000
0.03259324  28.00000000  0.01929710  40.00000000  2278.55748374  0.99000000
0.03259324  28.00000000  0.01929710  40.00000000  2278.55748374  0.99000000
0.03259324  28.00000000  0.01929710  40.00000000  2278.55748374  0.99000000
0.03259324  28.00000000  0.01929710  40.00000000  2278.55748374  0.99000000
0.03259324  28.00000000  0.01794420  40.00000000  2278.66960244  0.99000000
0.03259324  28.00000000  0.01929710  40.00000000  2278.55748374  0.99000000
0.03259324  28.00000000  0.01929710  40.00000000  2278.55748374  0.99000000
0.03259324  28.00000000  0.01929710  40.00000000  2278.55748374  0.99000000
0.05632875  38.00000000  0.05632875  40.00000000  2280.10855077  0.99000000
0.00495304  29.00000000  0.00261403  40.00000000  2248.28487247  0.99000000
0.03259324  28.00000000  0.01929710  40.00000000  2278.55748374  0.99000000
0.03259324  28.00000000  0.01929710  40.00000000  2278.55748374  0.99000000
0.03259324  28.00000000  0.01929710  40.00000000  2278.55748374  0.99000000
0.03259324  28.00000000  0.01929710  40.00000000  2278.55748374  0.99000000
0.03259324  28.00000000  0.01929710  40.00000000  2278.55748374  0.99000000
0.03271934  38.00000000  0.03271934  40.00000000  2278.63734588  0.99000000
0.03707938  38.00000000  0.03707938  40.00000000  1986.82530324  0.99000000
0.01389858  29.00000000  0.00356013  40.00000000  2026.82869179  0.99000000
0.04125031  38.00000000  0.04125031  40.00000000  2278.82589838  0.99000000
0.03259324  28.00000000  0.01929710  40.00000000  2278.55748374  0.99000000
0.01255592  27.00000000  0.00111412  40.00000000  2242.21501814  0.99000000
0.03259324  28.00000000  0.01929710  40.00000000  2278.55748374  0.99000000
0.03259324  28.00000000  0.01929710  40.00000000  2278.55748374  0.99000000
0.03334201  28.00000000  0.01892624  40.00000000  2278.77168614  0.99000000
0.03259324  28.00000000  0.01929710  40.00000000  2278.55748374  0.99000000
0.03259324  28.00000000  0.01929710  40.00000000  2278.55748374  0.99000000
0.02099615  29.00000000  0.01712447  40.00000000  2272.09046758  0.99000000
0.03259324  28.00000000  0.01929710  40.00000000  2278.55748374  0.99000000
0.03259324  28.00000000  0.01929710  40.00000000  2278.55748374  0.99000000
0.01991397  27.00000000  0.00026259  40.00000000  2277.35554073  0.99000000
0.03259324  28.00000000  0.01929710  40.00000000  2278.55748374  0.99000000
0.03259324  28.00000000  0.01929710  40.00000000  2278.55748374  0.99000000
0.03259324  28.00000000  0.01929710  40.00000000  2278.55748374  0.99000000
0.03259324  28.00000000  0.01929710  40.00000000  2278.55748374  0.99000000
0.06235362  29.00000000  0.01699497  40.00000000  2279.64961972  0.99000000
0.03259324  28.00000000  0.01929710  40.00000000  2278.55748374  0.99000000
0.03259324  28.00000000  0.01929710  40.00000000  2278.55748374  0.99000000
0.03259324  28.00000000  0.01929710  40.00000000  2278.55748374  0.99000000
0.03259324  28.00000000  0.01929710  40.00000000  2278.55748374  0.99000000
0.03259324  28.00000000  0.01929710  40.00000000  2278.55748374  0.99000000
0.03259324  28.00000000  0.01929710  40.00000000  2278.55748374  0.99000000
0.03259324  28.00000000  0.01929710  40.00000000  2278.55748374  0.99000000
0.02229195  28.00000000  0.01865597  40.00000000  2276.57407732  0.99000000
0.03259324  28.00000000  0.01349644  40.00000000  2278.55484416  0.99000000
0.03704221  37.00000000  0.03570712  40.00000000  2278.02356633  0.99000000
0.03259324  28.00000000  0.01929710  40.00000000  2278.55748374  0.99000000
0.03259324  28.00000000  0.01929710  40.00000000  2278.55748374  0.99000000
0.03259324  28.00000000  0.01929710  40.00000000  2278.55748374  0.99000000
0.01659048  38.00000000  0.01659048  40.00000000  2263.21911340  0.99000000
0.03259324  28.00000000  0.01929710  40.00000000  2278.55748374  0.99000000
0.03259324  28.00000000  0.01929710  40.00000000  2278.55748374  0.99000000
0.03259324  28.00000000  0.01929710  40.00000000  2278.55748374  0.99000000
0.03259324  28.00000000  0.01928433  40.00000000  2278.55740706  0.99000000
0.03259324  28.00000000  0.01929710  40.00000000  2278.55748374  0.99000000
0.00340788  38.00000000  0.00340788  40.00000000  2039.10479745  0.99000000
0.04144618  33.00000000  0.02022485  40.00000000  2279.30400455  0.99000000
0.03133386  27.00000000  0.00219011  40.00000000  2278.27974996  0.99000000
0.08049162  38.00000000  0.08049162  40.00000000  2280.40301670  0.99000000
0.03259324  28.00000000  0.01499013  40.00000000  2278.57193289  0.99000000
0.03259324  28.00000000  0.01910467  40.00000000  2278.55671207  0.99000000
0.03259324  28.00000000  0.01811801  40.00000000  2278.55746665  0.99000000
0.02380927  38.00000000  0.02380927  40.00000000  2191.99833609  0.99000000
0.02380927  38.00000000  0.02380927  40.00000000  2191.99833609  0.99000000
0.03259324  28.00000000  0.01929710  40.00000000  2278.55748374  0.99000000
0.03247772  28.00000000  0.01935858  40.00000000  2278.51503862  0.99000000
0.03259324  28.00000000  0.01929710  40.00000000  2278.55748374  0.99000000
0.03259324  28.00000000  0.01929710  40.00000000  2278.55748374  0.99000000
0.03259324  28.00000000  0.01929710  40.00000000  2278.55748374  0.99000000
0.03259324  28.00000000  0.01929710  40.00000000  2278.55748374  0.99000000
0.03259324  28.00000000  0.01929710  40.00000000  2278.55748374  0.99000000
0.03259324  28.00000000  0.01929710  40.00000000  2278.55748374  0.99000000
0.03259324  28.00000000  0.01929710  40.00000000  2278.55748374  0.99000000
0.00016616  38.00000000  0.00016616  40.00000000  2065.29970437  0.99000000
0.02380927  38.00000000  0.02380927  40.00000000  2191.99833609  0.99000000
0.03259324  28.00000000  0.01929710  40.00000000  2278.55748374  0.99000000
0.03830588  36.00000000  0.03373658  40.00000000  2186.03699767  0.99000000
0.03259324  28.00000000  0.01929710  40.00000000  2278.55748374  0.99000000
0.03259324  28.00000000  0.01929710  40.00000000  2278.55748374  0.99000000
0.03259324  28.00000000  0.01929710  40.00000000  2278.55748374  0.99000000
0.03259324  28.00000000  0.01929710  40.00000000  2278.55748374  0.99000000
0.03259324  28.00000000  0.01929710  40.00000000  2278.55748374  0.99000000
0.07090744  38.00000000  0.07090744  40.00000000  2279.05971165  0.99000000
0.03259324  28.00000000  0.01929710  40.00000000  2278.55748374  0.99000000
0.03259324  28.00000000  0.01929710  40.00000000  2278.55748374  0.99000000
0.03259324  28.00000000  0.01929710  40.00000000  2278.55748374  0.99000000
0.03259324  28.00000000  0.01929710  40.00000000  2278.55748374  0.99000000
0.03259324  28.00000000  0.01929710  40.00000000  2278.55748374  0.99000000
0.03259324  28.00000000  0.01929710  40.00000000  2278.55748374  0.99000000
0.03259324  28.00000000  0.01929710  40.00000000  2278.55748374  0.99000000
0.03259324  28.00000000  0.01929710  40.00000000  2278.55748374  0.99000000
0.03259324  28.00000000  0.01929710  40.00000000  2278.55748374  0.99000000
0.03259324  28.00000000  0.01929710  40.00000000  2278.55748374  0.99000000
0.03259324  28.00000000  0.01929710  40.00000000  2278.55748374  0.99000000
0.03259324  28.00000000  0.01929710  40.00000000  2278.55748374  0.99000000
0.04941638  38.00000000  0.04941638  40.00000000  1833.61372184  0.99000000
0.03259324  28.00000000  0.01929710  40.00000000  2278.55748374  0.99000000
0.00043910  36.00000000  0.00041123  40.00000000  2144.55533000  0.99000000
0.03259324  28.00000000  0.01929710  40.00000000  2278.55748374  0.99000000
0.03923932  38.00000000  0.03923932  40.00000000  1725.74064086  0.99000000
0.03261031  28.00000000  0.01366951  40.00000000  2268.55679588  0.99000000
0.03259324  28.00000000  0.01929710  40.00000000  2278.55748374  0.99000000
0.03259324  28.00000000  0.01929710  40.00000000  2278.55748374  0.99000000
0.03259324  28.00000000  0.01929710  40.00000000  2278.55748374  0.99000000
0.03259324  28.00000000  0.01929710  40.00000000  2278.55748374  0.99000000
0.03259324  28.00000000  0.01929710  40.00000000  2278.55748374  0.99000000
0.03259324  28.00000000  0.00256741  40.00000000  2278.39733331  0.99000000
0.03259324  28.00000000  0.01929710  40.00000000  2278.55748374  0.99000000
0.03259324  28.00000000  0.01929710  40.00000000  2278.55748374  0.99000000
0.03259324  28.00000000  0.01929710  40.00000000  2278.55748374  0.99000000
0.03259324  28.00000000  0.01929710  40.00000000  2278.55748374  0.99000000
0.03259324  28.00000000  0.01929710  40.00000000  2278.55748374  0.99000000
0.03259324  28.00000000  0.01929710  40.00000000  2278.55748374  0.99000000
0.05974775  28.00000000  0.01486125  40.00000000  2284.04534175  0.99000000
0.03259324  28.00000000  0.01929710  40.00000000  2278.55748374  0.99000000
0.03259324  28.00000000  0.01929710  40.00000000  2278.55748374  0.99000000
0.03259324  28.00000000  0.01929710  40.00000000  2278.55748374  0.99000000
0.03259324  28.00000000  0.01929710  40.00000000  2278.55748374  0.99000000
0.03259324  28.00000000  0.01929710  40.00000000  2278.55748374  0.99000000
0.03259324  28.00000000  0.01929710  40.00000000  2278.55748374  0.99000000
0.03913942  31.00000000  0.03753809  40.00000000  2281.48907713  0.99000000
0.04091083  36.00000000  0.03727074  40.00000000  2278.02616819  0.99000000
0.27512612  34.00000000  0.17221133  40.00000000  1904.16212103  0.99000000
0.03259324  28.00000000  0.01929710  40.00000000  2278.55748374  0.99000000
0.03241166  28.00000000  0.01930813  40.00000000  2278.52075436  0.99000000
0.00016616  38.00000000  0.00016616  40.00000000  2065.29970437  0.99000000
0.03259324  28.00000000  0.01929710  40.00000000  2278.55748374  0.99000000
0.03259324  28.00000000  0.01929710  40.00000000  2278.55748374  0.99000000
0.03259324  28.00000000  0.01929710  40.00000000  2278.55748374  0.99000000
0.03259324  28.00000000  0.01929710  40.00000000  2278.55748374  0.99000000
0.03761448  29.00000000  0.00304301  40.00000000  2278.78616740  0.99000000
0.03259324  28.00000000  0.01929710  40.00000000  2278.55748374  0.99000000
0.03259324  28.00000000  0.01929710  40.00000000  2278.55748374  0.99000000
0.03259324  28.00000000  0.01929710  40.00000000  2278.55748374  0.99000000
0.03259324  28.00000000  0.01929710  40.00000000  2278.55748374  0.99000000
0.03259324  28.00000000  0.01929710  40.00000000  2278.55748374  0.99000000
0.03259404  28.00000000  0.01929731  40.00000000  2278.55783410  0.99000000
0.03108973  28.00000000  0.02570000  40.00000000  2278.50494258  0.99000000
0.03259324  28.00000000  0.01929710  40.00000000  2278.55748374  0.99000000
0.03413592  29.00000000  0.01048214  40.00000000  2269.97124253  0.99000000
0.03259324  28.00000000  0.01929710  40.00000000  2278.55748374  0.99000000
0.03259324  28.00000000  0.01929710  40.00000000  2278.55748374  0.99000000
0.06655940  38.00000000  0.06655940  40.00000000  2280.01390674  0.99000000
0.03259324  28.00000000  0.01929710  40.00000000  2278.55748374  0.99000000
0.03259324  28.00000000  0.01929710  40.00000000  2278.55748374  0.99000000
0.03259324  28.00000000  0.01929710  40.00000000  2278.55748374  0.99000000
0.03259324  28.00000000  0.01929710  40.00000000  2278.55748374  0.99000000
0.06623949  38.00000000  0.06623949  40.00000000  2280.04398277  0.99000000
0.03259324  28.00000000  0.01929710  40.00000000  2278.55748374  0.99000000
0.03259324  28.00000000  0.01929710  40.00000000  2278.55748374  0.99000000
0.03259324  28.00000000  0.01929710  40.00000000  2278.55748374  0.99000000
0.03259324  28.00000000  0.01929710  40.00000000  2278.55748374  0.99000000
0.03259324  28.00000000  0.01929710  40.00000000  2278.55748374  0.99000000
0.00549769  38.00000000  0.00549769  40.00000000  1482.43645550  0.99000000
0.00006723  38.00000000  0.00006723  40.00000000  994.95112315  0.99000000
0.03259324  28.00000000  0.01929710  40.00000000  2278.55748374  0.99000000
0.03110652  28.00000000  0.01928844  40.00000000  2277.90823449  0.99000000
0.03259382  28.00000000  0.01929678  40.00000000  2278.55769694  0.99000000
0.03259324  28.00000000  0.01929710  40.00000000  2278.55748374  0.99000000
0.03259324  28.00000000  0.01929710  40.00000000  2278.55748374  0.99000000
0.03259324  28.00000000  0.01929710  40.00000000  2278.55748374  0.99000000
0.03259324  28.00000000  0.01929710  40.00000000  2278.55748374  0.99000000
0.03259324  28.00000000  0.01929710  40.00000000  2278.55748374  0.99000000
0.03211742  38.00000000  0.03211742  40.00000000  2278.60562840  0.99000000
0.03259324  28.00000000  0.01929710  40.00000000  2278.55748374  0.99000000
0.03259324  28.00000000  0.03066148  40.00000000  2278.67270329  0.99000000
0.03168344  38.00000000  0.03168344  40.00000000  2071.71445424  0.99000000
0.03259324  28.00000000  0.01929710  40.00000000  2278.55748374  0.99000000
0.03259324  28.00000000  0.01929710  40.00000000  2278.55748374  0.99000000
0.05974775  28.00000000  0.01486125  40.00000000  2284.04534175  0.99000000
0.03259324  28.00000000  0.01929710  40.00000000  2278.55748374  0.99000000
0.03259324  28.00000000  0.01929710  40.00000000  2278.55748374  0.99000000
0.02229100  28.00000000  0.00957506  40.00000000  2276.78724948  0.99000000
0.03259324  28.00000000  0.01929710  40.00000000  2278.55748374  0.99000000
0.03259324  28.00000000  0.01929710  40.00000000  2278.55748374  0.99000000
0.03259324  28.00000000  0.01929710  40.00000000  2278.55748374  0.99000000
0.03259324  28.00000000  0.01929710  40.00000000  2278.55748374  0.99000000
0.03259324  28.00000000  0.01929710  40.00000000  2278.55748374  0.99000000
0.03259324  28.00000000  0.01929710  40.00000000  2278.55748374  0.99000000
0.03259324  28.00000000  0.01929710  40.00000000  2278.55748374  0.99000000
0.03259324  28.00000000  0.01929710  40.00000000  2278.55748374  0.99000000
0.03259324  28.00000000  0.01929710  40.00000000  2278.55748374  0.99000000
0.00767599  22.00000000  0.00503118  40.00000000  1995.43164832  0.99000000
0.24689971  38.00000000  0.24689971  40.00000000  1688.22035855  0.99000000
0.03259324  28.00000000  0.01929710  40.00000000  2278.55748374  0.99000000
0.03259324  28.00000000  0.01929710  40.00000000  2278.55748374  0.99000000
0.03259324  28.00000000  0.01929710  40.00000000  2278.55748374  0.99000000
0.03259324  28.00000000  0.01929710  40.00000000  2278.55748374  0.99000000
0.03259324  28.00000000  0.01929710  40.00000000  2278.55748374  0.99000000
0.03259324  28.00000000  0.01929710  40.00000000  2278.55748374  0.99000000
0.03259324  28.00000000  0.01929710  40.00000000  2278.55748374  0.99000000
0.02036433  38.00000000  0.02036433  40.00000000  2271.79862323  0.99000000
0.03162133  28.00000000  0.01942899  40.00000000  2279.58215080  0.99000000
0.03259324  28.00000000  0.01929710  40.00000000  2278.55748374  0.99000000
0.03259324  28.00000000  0.01929710  40.00000000  2278.55748374  0.99000000
0.03259324  28.00000000  0.01929710  40.00000000  2278.55748374  0.99000000
0.03259324  28.00000000  0.01929710  40.00000000  2278.55748374  0.99000000
0.00070829  38.00000000  0.00070829  40.00000000  1681.37699548  0.99000000
0.09977234  38.00000000  0.09977234  40.00000000  2250.46608874  0.99000000
0.04379312  38.00000000  0.04379312  40.00000000  2337.24514265  0.99000000
0.03259324  28.00000000  0.01929710  40.00000000  2278.55748374  0.99000000
0.03259324  28.00000000  0.01929710  40.00000000  2278.55748374  0.99000000
0.03259324  28.00000000  0.01929710  40.00000000  2278.55748374  0.99000000
0.03259324  28.00000000  0.01929710  40.00000000  2278.55748374  0.99000000
0.03259324  28.00000000  0.01929710  40.00000000  2278.55748374  0.99000000
0.03259324  28.00000000  0.01929710  40.00000000  2278.55748374  0.99000000
0.03259324  28.00000000  0.01929710  40.00000000  2278.55748374  0.99000000
0.02365070  26.00000000  0.01241114  40.00000000  2277.95595382  0.99000000
0.03255865  28.00000000  0.01929959  40.00000000  2278.72123239  0.99000000
0.02229100  28.00000000  0.00957506  40.00000000  2276.78724948  0.99000000
0.03259324  28.00000000  0.01929710  40.00000000  2278.55748374  0.99000000
0.00043553  36.00000000  0.00041122  40.00000000  2144.56371691  0.99000000
0.05632875  38.00000000  0.05632875  40.00000000  2280.10855077  0.99000000
0.00032001  38.00000000  0.00032001  40.00000000  2117.77620294  0.99000000
0.03259324  28.00000000  0.01929710  40.00000000  2278.55748374  0.99000000
0.03259324  28.00000000  0.01929710  40.00000000  2278.55748374  0.99000000
0.02972203  33.00000000  0.00687972  40.00000000  2152.24159155  0.99000000
0.03259324  28.00000000  0.01929710  40.00000000  2278.55748374  0.99000000
0.03259324  28.00000000  0.01929710  40.00000000  2278.55748374  0.99000000
0.03225730  28.00000000  0.01929636  40.00000000  2278.62079166  0.99000000
0.03259324  28.00000000  0.01929713  40.00000000  2278.55737827  0.99000000
0.03259324  28.00000000  0.01929710  40.00000000  2278.55748374  0.99000000
0.03259324  28.00000000  0.01929710  40.00000000  2278.55748374  0.99000000
0.01442906  30.00000000  0.00694111  40.00000000  2258.36811522  0.99000000
0.03259324  28.00000000  0.01929710  40.00000000  2278.55748374  0.99000000
0.03259324  28.00000000  0.01929710  40.00000000  2278.55748374  0.99000000
0.03259324  28.00000000  0.01929710  40.00000000  2278.55748374  0.99000000
0.03259324  28.00000000  0.01929710  40.00000000  2278.55748374  0.99000000
0.03259434  28.00000000  0.01929735  40.00000000  2278.55795864  0.99000000
0.03259324  28.00000000  0.01929710  40.00000000  2278.55748374  0.99000000
0.03259324  28.00000000  0.01929710  40.00000000  2278.55748374  0.99000000
0.03334855  28.00000000  0.01892530  40.00000000  2278.77136221  0.99000000
0.04379312  38.00000000  0.04379312  40.00000000  2337.24514265  0.99000000
0.03241166  28.00000000  0.01930813  40.00000000  2278.52075436  0.99000000
0.03259324  28.00000000  0.01929710  40.00000000  2278.55748374  0.99000000
0.03259324  28.00000000  0.01929710  40.00000000  2278.55748374  0.99000000
0.03259324  28.00000000  0.01929710  40.00000000  2278.55748374  0.99000000
0.03259324  28.00000000  0.01929710  40.00000000  2278.55748374  0.99000000
0.03267181  28.00000000  0.01924781  40.00000000  2278.58824462  0.99000000
0.03259324  28.00000000  0.01929710  40.00000000  2278.55748374  0.99000000
0.03259324  28.00000000  0.01929710  40.00000000  2278.55748374  0.99000000
0.03259324  28.00000000  0.01929710  40.00000000  2278.55748374  0.99000000
0.06235362  29.00000000  0.01699497  40.00000000  2279.64961972  0.99000000
0.02263864  38.00000000  0.02263864  40.00000000  2267.39845882  0.99000000
0.03259324  28.00000000  0.01929710  40.00000000  2278.55748374  0.99000000
0.03259324  28.00000000  0.01929710  40.00000000  2278.55748374  0.99000000
0.03259324  28.00000000  0.01929710  40.00000000  2278.55748374  0.99000000
0.03259324  28.00000000  0.01929710  40.00000000  2278.55748374  0.99000000
0.03195653  28.00000000  0.00403420  40.00000000  2278.48712438  0.99000000
0.03259324  28.00000000  0.01929710  40.00000000  2278.55748374  0.99000000
0.00109417  38.00000000  0.00109417  40.00000000  2123.52816120  0.99000000
0.01106770  26.00000000  0.00061903  40.00000000  1788.19496495  0.99000000
0.01490458  38.00000000  0.01490458  40.00000000  2026.89054672  0.99000000
0.03259382  28.00000000  0.01929677  40.00000000  2278.55769721  0.99000000
0.00864139  38.00000000  0.00864139  40.00000000  2222.70076382  0.99000000
0.03259324  28.00000000  0.01929710  40.00000000  2278.55748374  0.99000000
0.03259324  28.00000000  0.01929710  40.00000000  2278.55748374  0.99000000
0.24089388  30.00000000  0.10302958  40.00000000  2284.09785263  0.99000000
0.00501951  38.00000000  0.00501951  40.00000000  2111.45130305  0.99000000
0.03259324  28.00000000  0.01929710  40.00000000  2278.55748374  0.99000000
0.03259324  28.00000000  0.01929710  40.00000000  2278.55748374  0.99000000
0.03259324  28.00000000  0.01929710  40.00000000  2278.55748374  0.99000000
0.03259324  28.00000000  0.01929710  40.00000000  2278.55748374  0.99000000
0.27512612  34.00000000  0.17221133  40.00000000  1904.16212103  0.99000000
0.03259324  28.00000000  0.01929710  40.00000000  2278.55748374  0.99000000
0.03259324  28.00000000  0.01929710  40.00000000  2278.55748374  0.99000000
0.03259324  28.00000000  0.01929710  40.00000000  2278.55748374  0.99000000
0.03259324  28.00000000  0.01929710  40.00000000  2278.55748374  0.99000000
0.00885125  34.00000000  0.00696098  40.00000000  1525.31794785  0.99000000
0.03259324  28.00000000  0.01929710  40.00000000  2278.55748374  0.99000000
0.03108973  28.00000000  0.02570000  40.00000000  2278.50494258  0.99000000
0.03761448  29.00000000  0.00304301  40.00000000  2278.78616740  0.99000000
0.00120361  38.00000000  0.00120361  40.00000000  998.10100197  0.99000000
0.03259324  28.00000000  0.01929710  40.00000000  2278.55748374  0.99000000
0.03259324  28.00000000  0.01929710  40.00000000  2278.55748374  0.99000000
0.12885561  38.00000000  0.12885561  40.00000000  2271.93878535  0.99000000
0.03803933  38.00000000  0.03803933  40.00000000  1536.71294873  0.99000000
0.23761420  38.00000000  0.23761420  40.00000000  2278.26798321  0.99000000
0.03259324  28.00000000  0.01929710  40.00000000  2278.55748374  0.99000000
0.03259324  28.00000000  0.01929710  40.00000000  2278.55748374  0.99000000
0.03259324  28.00000000  0.01929710  40.00000000  2278.55748374  0.99000000
0.04941634  38.00000000  0.04941634  40.00000000  1833.61370451  0.99000000
0.28789284  38.00000000  0.28789284  40.00000000  1808.39315431  0.99000000
0.03259324  28.00000000  0.01929710  40.00000000  2278.55748374  0.99000000
0.03259324  28.00000000  0.01929710  40.00000000  2278.55748374  0.99000000
0.03259324  28.00000000  0.01929710  40.00000000  2278.55748374  0.99000000
0.06482477  38.00000000  0.06482477  40.00000000  2289.20595790  0.99000000
0.07520609  38.00000000  0.07520609  40.00000000  2285.19369163  0.99000000
0.06270170  38.00000000  0.06270170  40.00000000  2287.49077329  0.99000000
0.03132136  38.00000000  0.03132136  40.00000000  2278.77022200  0.99000000
0.03259324  28.00000000  0.01929710  40.00000000  2278.55748374  0.99000000
0.03259324  28.00000000  0.01929710  40.00000000  2278.55748374  0.99000000
0.03259324  28.00000000  0.01929710  40.00000000  2278.55748374  0.99000000
0.03259324  28.00000000  0.01929710  40.00000000  2278.55748374  0.99000000
0.03259324  28.00000000  0.01929710  40.00000000  2278.55748374  0.99000000
0.00070829  38.00000000  0.00070829  40.00000000  1681.37699548  0.99000000
0.03259324  28.00000000  0.01929710  40.00000000  2278.55748374  0.99000000
0.03259324  28.00000000  0.01929710  40.00000000  2278.55748374  0.99000000
0.03259324  28.00000000  0.01929710  40.00000000  2278.55748374  0.99000000
0.03259324  28.00000000  0.01929710  40.00000000  2278.55748374  0.99000000
0.03259324  28.00000000  0.01929710  40.00000000  2278.55748374  0.99000000
0.03115842  28.00000000  0.00720237  40.00000000  2266.36460510  0.99000000
0.03259324  28.00000000  0.00101470  40.00000000  2278.41243934  0.99000000
0.02566768  31.00000000  0.01261765  40.00000000  2152.15527036  0.99000000
0.03259324  28.00000000  0.01929710  40.00000000  2278.55748374  0.99000000
0.03259324  28.00000000  0.01929710  40.00000000  2278.55748374  0.99000000
0.12388969  38.00000000  0.12388969  40.00000000  2233.32400637  0.99000000
0.04541423  23.00000000  0.04290629  40.00000000  2335.64975099  0.99000000
0.04091083  36.00000000  0.03727074  40.00000000  2278.02616819  0.99000000
0.03259324  28.00000000  0.01929710  40.00000000  2278.55748374  0.99000000
0.03259324  28.00000000  0.01929710  40.00000000  2278.55748374  0.99000000
0.03259324  28.00000000  0.01929710  40.00000000  2278.55748374  0.99000000
0.03259324  28.00000000  0.01929710  40.00000000  2278.55748374  0.99000000
0.02507275  38.00000000  0.02507275  40.00000000  2245.11123773  0.99000000
0.03259324  28.00000000  0.01929710  40.00000000  2278.55748374  0.99000000
0.03259324  28.00000000  0.01929710  40.00000000  2278.55748374  0.99000000
0.03259324  28.00000000  0.01929710  40.00000000  2278.55748374  0.99000000
0.03259324  28.00000000  0.01929710  40.00000000  2278.55748374  0.99000000
0.00032001  38.00000000  0.00032001  40.00000000  2117.77620294  0.99000000
0.03259324  28.00000000  0.01929710  40.00000000  2278.55748374  0.99000000
0.03259324  28.00000000  0.01929710  40.00000000  2278.55748374  0.99000000
0.02138312  29.00000000  0.01952820  40.00000000  2273.81818700  0.99000000
0.03259324  28.00000000  0.01929710  40.00000000  2278.55748374  0.99000000
0.03531784  38.00000000  0.03531784  40.00000000  2278.69654547  0.99000000
0.11768540  38.00000000  0.11768540  40.00000000  2141.95426641  0.99000000
0.03259324  28.00000000  0.01929710  40.00000000  2278.55748374  0.99000000
0.03259324  28.00000000  0.01929710  40.00000000  2278.55748374  0.99000000
0.05593013  38.00000000  0.05593013  40.00000000  2278.84352108  0.99000000
0.03259324  28.00000000  0.01929710  40.00000000  2278.55748374  0.99000000
0.00753315  38.00000000  0.00753315  40.00000000  2216.88303427  0.99000000
0.03259324  28.00000000  0.01929710  40.00000000  2278.55748374  0.99000000
0.03259324  28.00000000  0.01929710  40.00000000  2278.55748374  0.99000000
0.03259324  28.00000000  0.01929710  40.00000000  2278.55748374  0.99000000
0.00043553  36.00000000  0.00041122  40.00000000  2144.56371691  0.99000000
0.03061922  38.00000000  0.03061922  40.00000000  2267.24251689  0.99000000
0.03259324  28.00000000  0.01929710  40.00000000  2278.55748374  0.99000000
0.03259324  28.00000000  0.01929710  40.00000000  2278.55748374  0.99000000
0.03259324  28.00000000  0.01929710  40.00000000  2278.55748374  0.99000000
0.03259324  28.00000000  0.01929710  40.00000000  2278.55748374  0.99000000
0.03259324  28.00000000  0.01929710  40.00000000  2278.55748374  0.99000000
0.03259324  28.00000000  0.01929710  40.00000000  2278.55748374  0.99000000
0.02118488  26.00000000  0.00216001  40.00000000  1875.99105171  0.99000000
0.03259324  28.00000000  0.01929710  40.00000000  2278.55748374  0.99000000
0.00340788  38.00000000  0.00340788  40.00000000  2039.10479745  0.99000000
0.03259324  28.00000000  0.01929710  40.00000000  2278.55748374  0.99000000
0.03259324  28.00000000  0.01929710  40.00000000  2278.55748374  0.99000000
0.03259324  28.00000000  0.01929710  40.00000000  2278.55748374  0.99000000
0.03259324  28.00000000  0.01929710  40.00000000  2278.55748374  0.99000000
0.03263945  28.00000000  0.02648300  40.00000000  2236.43349420  0.99000000
0.03259324  28.00000000  0.01929710  40.00000000  2278.55748374  0.99000000
0.03259324  28.00000000  0.01929710  40.00000000  2278.55748374  0.99000000
0.03259324  28.00000000  0.01929710  40.00000000  2278.55748374  0.99000000
0.03259324  28.00000000  0.01929710  40.00000000  2278.55748374  0.99000000
0.03259324  28.00000000  0.01929710  40.00000000  2278.55748374  0.99000000
0.03259324  28.00000000  0.01929710  40.00000000  2278.55748374  0.99000000
0.03259324  28.00000000  0.01929710  40.00000000  2278.55748374  0.99000000
0.02980351  31.00000000  0.00954118  40.00000000  1789.34135723  0.99000000
0.03259324  28.00000000  0.01929710  40.00000000  2278.55748374  0.99000000
0.03259324  28.00000000  0.01929710  40.00000000  2278.55748374  0.99000000
0.03259324  28.00000000  0.01929710  40.00000000  2278.55748374  0.99000000
0.01795913  38.00000000  0.01795913  40.00000000  2272.82376692  0.99000000
0.03259324  28.00000000  0.01929710  40.00000000  2278.55748374  0.99000000
0.03259324  28.00000000  0.01929710  40.00000000  2278.55748374  0.99000000
0.00048597  38.00000000  0.00048597  40.00000000  1732.42122128  0.99000000
0.03259324  28.00000000  0.01929710  40.00000000  2278.55748374  0.99000000
0.03259324  28.00000000  0.01929710  40.00000000  2278.55748374  0.99000000
0.03259324  28.00000000  0.01929710  40.00000000  2278.55748374  0.99000000
0.03259324  28.00000000  0.01349644  40.00000000  2278.55484416  0.99000000
0.03259324  28.00000000  0.01929710  40.00000000  2278.55748374  0.99000000
0.03259324  28.00000000  0.01929710  40.00000000  2278.55748374  0.99000000
0.03259324  28.00000000  0.01929710  40.00000000  2278.55748374  0.99000000
0.03259324  28.00000000  0.01929710  40.00000000  2278.55748374  0.99000000
0.03259324  28.00000000  0.01929710  40.00000000  2278.55748374  0.99000000
0.03259324  28.00000000  0.01929710  40.00000000  2278.55748374  0.99000000
0.03259324  28.00000000  0.01929710  40.00000000  2278.55748374  0.99000000
0.03259324  28.00000000  0.01929710  40.00000000  2278.55748374  0.99000000
0.03259324  28.00000000  0.01929710  40.00000000  2278.55748374  0.99000000
0.03259324  28.00000000  0.01929710  40.00000000  2278.55748374  0.99000000
0.03259324  28.00000000  0.01929710  40.00000000  2278.55748374  0.99000000
0.03259324  28.00000000  0.01929710  40.00000000  2278.55748374  0.99000000
0.03259324  28.00000000  0.01929710  40.00000000  2278.55748374  0.99000000
0.03259324  28.00000000  0.01929710  40.00000000  2278.55748374  0.99000000
0.03259324  28.00000000  0.01929710  40.00000000  2278.55748374  0.99000000
0.03259324  28.00000000  0.01929710  40.00000000  2278.55748374  0.99000000
0.03259324  28.00000000  0.00352509  40.00000000  2278.50331193  0.99000000
0.03259324  28.00000000  0.01929710  40.00000000  2278.55748374  0.99000000
0.03259324  28.00000000  0.01929710  40.00000000  2278.55748374  0.99000000
0.03259324  28.00000000  0.01356450  40.00000000  2278.54375501  0.99000000
0.03259324  28.00000000  0.01929710  40.00000000  2278.55748374  0.99000000
0.02906941  38.00000000  0.02906941  40.00000000  1596.22039717  0.99000000
0.00767599  22.00000000  0.00503118  40.00000000  1995.43164832  0.99000000
0.03259324  28.00000000  0.01929710  40.00000000  2278.55748374  0.99000000
0.03259324  28.00000000  0.01929710  40.00000000  2278.55748374  0.99000000
0.00039856  38.00000000  0.00039856  40.00000000  2144.69932097  0.99000000
0.03259324  28.00000000  0.01929710  40.00000000  2278.55748374  0.99000000
0.03259324  28.00000000  0.01929710  40.00000000  2278.55748374  0.99000000
0.04063028  38.00000000  0.04063028  40.00000000  2278.63654843  0.99000000
0.03259324  28.00000000  0.01929710  40.00000000  2278.55748374  0.99000000
0.03259324  28.00000000  0.01929710  40.00000000  2278.55748374  0.99000000
0.03259324  28.00000000  0.01929710  40.00000000  2278.55748374  0.99000000
0.03259324  28.00000000  0.01929710  40.00000000  2278.55748374  0.99000000
0.03259324  28.00000000  0.01929710  40.00000000  2278.55748374  0.99000000
0.03259324  28.00000000  0.01929710  40.00000000  2278.55748374  0.99000000
0.00021207  36.00000000  0.00018359  40.00000000  1027.33345229  0.99000000
0.03259324  28.00000000  0.01929710  40.00000000  2278.55748374  0.99000000
0.03259324  28.00000000  0.01929710  40.00000000  2278.55748374  0.99000000
0.03259324  28.00000000  0.01929710  40.00000000  2278.55748374  0.99000000
0.03259324  28.00000000  0.01929710  40.00000000  2278.55748374  0.99000000
0.03259324  28.00000000  0.01929710  40.00000000  2278.55748374  0.99000000
0.03259324  28.00000000  0.01929710  40.00000000  2278.55748374  0.99000000
0.00070829  38.00000000  0.00070829  40.00000000  1681.37699548  0.99000000
0.03259324  28.00000000  0.01929710  40.00000000  2278.55748374  0.99000000
0.03259324  28.00000000  0.01929710  40.00000000  2278.55748374  0.99000000
0.03259324  28.00000000  0.01349644  40.00000000  2278.55484416  0.99000000
0.03259324  28.00000000  0.01929710  40.00000000  2278.55748374  0.99000000
0.03259324  28.00000000  0.01929710  40.00000000  2278.55748374  0.99000000
0.02520413  26.00000000  0.02393053  40.00000000  2278.05404661  0.99000000
0.03259324  28.00000000  0.01929710  40.00000000  2278.55748374  0.99000000
0.03259324  28.00000000  0.01929710  40.00000000  2278.55748374  0.99000000
0.03259324  28.00000000  0.01929710  40.00000000  2278.55748374  0.99000000
0.03259324  28.00000000  0.01929710  40.00000000  2278.55748374  0.99000000
0.03259324  28.00000000  0.01929710  40.00000000  2278.55748374  0.99000000
0.03259324  28.00000000  0.01929710  40.00000000  2278.55748374  0.99000000
0.04419398  36.00000000  0.04095031  40.00000000  2279.06980540  0.99000000
0.03259324  28.00000000  0.01929710  40.00000000  2278.55748374  0.99000000
0.03259324  28.00000000  0.01929710  40.00000000  2278.55748374  0.99000000
0.03259324  28.00000000  0.00430009  40.00000000  2278.40183810  0.99000000
0.03259324  28.00000000  0.01929710  40.00000000  2278.55748374  0.99000000
0.03259324  28.00000000  0.01929710  40.00000000  2278.55748374  0.99000000
0.03259324  28.00000000  0.01929710  40.00000000  2278.55748374  0.99000000
0.03259324  28.00000000  0.01929710  40.00000000  2278.55748374  0.99000000
0.03259324  28.00000000  0.01705092  40.00000000  2278.78862763  0.99000000
0.03259324  28.00000000  0.01929710  40.00000000  2278.55748374  0.99000000
0.03259324  28.00000000  0.01929710  40.00000000  2278.55748374  0.99000000
0.03259324  28.00000000  0.01929710  40.00000000  2278.55748374  0.99000000
0.03259324  28.00000000  0.01929710  40.00000000  2278.55748374  0.99000000
0.03259324  28.00000000  0.02697981  40.00000000  2278.69905757  0.99000000
0.03259324  28.00000000  0.01929710  40.00000000  2278.55748374  0.99000000
0.03259324  28.00000000  0.01929710  40.00000000  2278.55748374  0.99000000
0.03259324  28.00000000  0.01929710  40.00000000  2278.55748374  0.99000000
0.01795913  38.00000000  0.01795913  40.00000000  2272.82376692  0.99000000
0.03259324  28.00000000  0.01929710  40.00000000  2278.55748374  0.99000000
0.01991397  27.00000000  0.00026259  40.00000000  2277.35554073  0.99000000
0.00034320  38.00000000  0.00034320  40.00000000  1461.97106997  0.99000000
0.03259324  28.00000000  0.01929710  40.00000000  2278.55748374  0.99000000
0.01084685  38.00000000  0.01084685  40.00000000  2216.63717375  0.99000000
0.01914242  38.00000000  0.01914242  40.00000000  2026.90696619  0.99000000
0.03259324  28.00000000  0.01536839  40.00000000  2278.54515851  0.99000000
0.03259324  28.00000000  0.01929710  40.00000000  2278.55748374  0.99000000
0.03259324  28.00000000  0.01929710  40.00000000  2278.55748374  0.99000000
0.03259324  28.00000000  0.01929710  40.00000000  2278.55748374  0.99000000
0.03259324  28.00000000  0.01929710  40.00000000  2278.55748374  0.99000000
0.03259324  28.00000000  0.01929710  40.00000000  2278.55748374  0.99000000
0.03259324  28.00000000  0.01929710  40.00000000  2278.55748374  0.99000000
0.03259324  28.00000000  0.01929710  40.00000000  2278.55748374  0.99000000
0.03259324  28.00000000  0.01929710  40.00000000  2278.55748374  0.99000000
0.03259324  28.00000000  0.01929710  40.00000000  2278.55748374  0.99000000
0.03259324  28.00000000  0.01929710  40.00000000  2278.55748374  0.99000000
0.04336367  38.00000000  0.04336367  40.00000000  2278.83689495  0.99000000
0.03259324  28.00000000  0.01929710  40.00000000  2278.55748374  0.99000000
0.03259324  28.00000000  0.01929710  40.00000000  2278.55748374  0.99000000
0.03259324  28.00000000  0.01929710  40.00000000  2278.55748374  0.99000000
0.03259324  28.00000000  0.01929710  40.00000000  2278.55748374  0.99000000
0.03259324  28.00000000  0.01929710  40.00000000  2278.55748374  0.99000000
0.03259324  28.00000000  0.01929710  40.00000000  2278.55748374  0.99000000
0.02935795  30.00000000  0.00322174  40.00000000  2277.78253811  0.99000000
0.03259324  28.00000000  0.01929710  40.00000000  2278.55748374  0.99000000
0.03259324  28.00000000  0.01929710  40.00000000  2278.55748374  0.99000000
0.03259324  28.00000000  0.01929710  40.00000000  2278.55748374  0.99000000
0.03259324  28.00000000  0.01929710  40.00000000  2278.55748374  0.99000000
0.03259324  28.00000000  0.01929710  40.00000000  2278.55748374  0.99000000
0.03259324  28.00000000  0.01929710  40.00000000  2278.55748374  0.99000000
0.03259324  28.00000000  0.01929710  40.00000000  2278.55748374  0.99000000
0.03259324  28.00000000  0.01929710  40.00000000  2278.55748374  0.99000000
0.00462567  38.00000000  0.00462567  40.00000000  2047.77749968  0.99000000
0.03259324  28.00000000  0.01929710  40.00000000  2278.55748374  0.99000000
0.03259324  28.00000000  0.01929710  40.00000000  2278.55748374  0.99000000
0.03259324  28.00000000  0.01929710  40.00000000  2278.55748374  0.99000000
0.03259324  28.00000000  0.00303025  40.00000000  2278.50082320  0.99000000
0.03238565  28.00000000  0.01926736  40.00000000  2278.48997305  0.99000000
0.03259324  28.00000000  0.01929710  40.00000000  2278.55748374  0.99000000
0.12388969  38.00000000  0.12388969  40.00000000  2233.32400637  0.99000000
0.06377826  38.00000000  0.06377826  40.00000000  2280.39076918  0.99000000
0.12388969  38.00000000  0.12388969  40.00000000  2233.32400637  0.99000000
0.03259324  28.00000000  0.01929710  40.00000000  2278.55748374  0.99000000
0.04944643  38.00000000  0.04944643  40.00000000  1833.62167655  0.99000000
0.03259324  28.00000000  0.01929710  40.00000000  2278.55748374  0.99000000
0.01655195  38.00000000  0.01655195  40.00000000  2281.51455108  0.99000000
0.03108973  28.00000000  0.02570000  40.00000000  2278.50494258  0.99000000
0.03172871  28.00000000  0.01911059  40.00000000  2271.77947691  0.99000000
0.03259324  28.00000000  0.01929710  40.00000000  2278.55748374  0.99000000
0.03259324  28.00000000  0.01929710  40.00000000  2278.55748374  0.99000000
0.03259324  28.00000000  0.01929710  40.00000000  2278.55748374  0.99000000
0.03259324  28.00000000  0.01929710  40.00000000  2278.55748374  0.99000000
0.03259324  28.00000000  0.01929710  40.00000000  2278.55748374  0.99000000
0.03259324  28.00000000  0.01929710  40.00000000  2278.55748374  0.99000000
0.03259324  28.00000000  0.01929710  40.00000000  2278.55748374  0.99000000
0.03259324  28.00000000  0.01929710  40.00000000  2278.55748374  0.99000000
0.03259324  28.00000000  0.01929710  40.00000000  2278.55748374  0.99000000
0.02925782  28.00000000  0.01939750  40.00000000  2278.48141718  0.99000000
0.03208947  28.00000000  0.00216448  40.00000000  2278.45669677  0.99000000
0.03259324  28.00000000  0.01929710  40.00000000  2278.55748374  0.99000000
0.03261031  28.00000000  0.01366951  40.00000000  2268.55679588  0.99000000
0.00055597  36.00000000  0.00054334  40.00000000  2022.29811557  0.99000000
0.03259324  28.00000000  0.01929710  40.00000000  2278.55748374  0.99000000
0.03259324  28.00000000  0.01929710  40.00000000  2278.55748374  0.99000000
0.03259324  28.00000000  0.01929710  40.00000000  2278.55748374  0.99000000
0.02447751  38.00000000  0.02447751  40.00000000  2249.36853876  0.99000000
0.03259324  28.00000000  0.01929710  40.00000000  2278.55748374  0.99000000
0.03259324  28.00000000  0.01031578  40.00000000  2278.68099690  0.99000000
0.03259324  28.00000000  0.01929710  40.00000000  2278.55748374  0.99000000
0.03259324  28.00000000  0.01929710  40.00000000  2278.55748374  0.99000000
0.03259324  28.00000000  0.01910467  40.00000000  2278.55671207  0.99000000
0.06224386  29.00000000  0.05444820  40.00000000  2288.55299639  0.99000000
0.12582231  38.00000000  0.12582231  40.00000000  2281.27486039  0.99000000
0.03259324  28.00000000  0.01929710  40.00000000  2278.55748374  0.99000000
0.03259324  28.00000000  0.01929710  40.00000000  2278.55748374  0.99000000
0.03259324  28.00000000  0.01929710  40.00000000  2278.55748374  0.99000000
0.03259324  28.00000000  0.01929710  40.00000000  2278.55748374  0.99000000
0.03259324  28.00000000  0.01929710  40.00000000  2278.55748374  0.99000000
0.03259324  28.00000000  0.01929710  40.00000000  2278.55748374  0.99000000
0.04063028  38.00000000  0.04063028  40.00000000  2278.63654843  0.99000000
0.07094211  38.00000000  0.07094211  40.00000000  2279.04979383  0.99000000
0.03259324  28.00000000  0.01929710  40.00000000  2278.55748374  0.99000000
0.03259324  28.00000000  0.01929710  40.00000000  2278.55748374  0.99000000
0.06482477  38.00000000  0.06482477  40.00000000  2289.20595790  0.99000000
0.03259324  28.00000000  0.01929710  40.00000000  2278.55748374  0.99000000
0.03211742  38.00000000  0.03211742  40.00000000  2278.60562840  0.99000000
0.03259324  28.00000000  0.01929710  40.00000000  2278.55748374  0.99000000
0.00850428  38.00000000  0.00850428  40.00000000  2111.61797665  0.99000000
0.03259324  28.00000000  0.00352383  40.00000000  2278.50305409  0.99000000
0.07827289  38.00000000  0.07827289  40.00000000  1374.59956210  0.99000000
0.03259324  28.00000000  0.01929710  40.00000000  2278.55748374  0.99000000
0.03259324  28.00000000  0.01486293  40.00000000  2278.54815834  0.99000000
0.03259324  28.00000000  0.01929710  40.00000000  2278.55748374  0.99000000
0.03259324  28.00000000  0.01929710  40.00000000  2278.55748374  0.99000000
0.03230334  28.00000000  0.02656933  40.00000000  2236.95430461  0.99000000
0.07094843  38.00000000  0.07094843  40.00000000  2279.05084418  0.99000000
0.07868063  38.00000000  0.07868063  40.00000000  2279.88198128  0.99000000
0.03195653  28.00000000  0.00403420  40.00000000  2278.48712438  0.99000000
0.03259324  28.00000000  0.01929710  40.00000000  2278.55748374  0.99000000
0.03259324  28.00000000  0.01929710  40.00000000  2278.55748374  0.99000000
0.03259324  28.00000000  0.00256741  40.00000000  2278.39733331  0.99000000
0.03259324  28.00000000  0.01929710  40.00000000  2278.55748374  0.99000000
0.01255592  27.00000000  0.00673378  40.00000000  2242.25537156  0.99000000
0.03259324  28.00000000  0.01929710  40.00000000  2278.55748374  0.99000000
0.04048811  38.00000000  0.04048811  40.00000000  2278.66642172  0.99000000
0.03259324  28.00000000  0.01929710  40.00000000  2278.55748374  0.99000000
0.03259324  28.00000000  0.01929710  40.00000000  2278.55748374  0.99000000
0.03259324  28.00000000  0.01929710  40.00000000  2278.55748374  0.99000000
0.03259324  28.00000000  0.01929710  40.00000000  2278.55748374  0.99000000
0.03259324  28.00000000  0.01929710  40.00000000  2278.55748374  0.99000000
0.03259324  28.00000000  0.01929710  40.00000000  2278.55748374  0.99000000
0.03259324  28.00000000  0.01929710  40.00000000  2278.55748374  0.99000000
0.01706281  38.00000000  0.01706281  40.00000000  2270.06097217  0.99000000
0.03259324  28.00000000  0.01929710  40.00000000  2278.55748374  0.99000000
0.03259324  28.00000000  0.01929710  40.00000000  2278.55748374  0.99000000
0.12336981  38.00000000  0.12336981  40.00000000  2281.14558169  0.99000000
0.00411039  38.00000000  0.00411039  40.00000000  2110.26726393  0.99000000
0.03259324  28.00000000  0.01929710  40.00000000  2278.55748374  0.99000000
0.03259324  28.00000000  0.01929710  40.00000000  2278.55748374  0.99000000
0.03259324  28.00000000  0.01929710  40.00000000  2278.55748374  0.99000000
0.02517346  26.00000000  0.01320621  40.00000000  2277.93827423  0.99000000
0.03259324  28.00000000  0.01929710  40.00000000  2278.55748374  0.99000000
0.08614664  38.00000000  0.08614664  40.00000000  1904.45722668  0.99000000
0.03259324  28.00000000  0.01929710  40.00000000  2278.55748374  0.99000000
0.03259324  28.00000000  0.01929710  40.00000000  2278.55748374  0.99000000
0.00070829  38.00000000  0.00070829  40.00000000  1681.37699548  0.99000000
0.03259324  28.00000000  0.01929710  40.00000000  2278.55748374  0.99000000
0.03259324  28.00000000  0.01929710  40.00000000  2278.55748374  0.99000000
0.03259324  28.00000000  0.01929710  40.00000000  2278.55748374  0.99000000
0.03259324  28.00000000  0.01929710  40.00000000  2278.55748374  0.99000000
0.00043553  36.00000000  0.00041122  40.00000000  2144.56371691  0.99000000
0.03259324  28.00000000  0.02069785  40.00000000  2278.70700824  0.99000000
0.03259324  28.00000000  0.01929710  40.00000000  2278.55790703  0.99000000
0.03259324  28.00000000  0.01536839  40.00000000  2278.54515851  0.99000000
0.03259324  28.00000000  0.01929710  40.00000000  2278.55748374  0.99000000
0.03259324  28.00000000  0.01929710  40.00000000  2278.55748374  0.99000000
0.03259324  28.00000000  0.01929710  40.00000000  2278.55748374  0.99000000
0.03259324  28.00000000  0.01929710  40.00000000  2278.55748374  0.99000000
0.03259324  28.00000000  0.01929710  40.00000000  2278.55748374  0.99000000
0.02507275  38.00000000  0.02507275  40.00000000  2245.11123773  0.99000000
0.03259324  28.00000000  0.01929710  40.00000000  2278.55748374  0.99000000
0.03259324  28.00000000  0.01929710  40.00000000  2278.55748374  0.99000000
0.03259324  28.00000000  0.01929710  40.00000000  2278.55748374  0.99000000
0.00039854  38.00000000  0.00039854  40.00000000  2144.69932209  0.99000000
0.03259324  28.00000000  0.01929710  40.00000000  2278.55748374  0.99000000
0.03259324  28.00000000  0.01929710  40.00000000  2278.55748374  0.99000000
0.03259324  28.00000000  0.01929710  40.00000000  2278.55748374  0.99000000
0.00753315  38.00000000  0.00753315  40.00000000  2216.88303427  0.99000000
0.03259324  28.00000000  0.01929710  40.00000000  2278.55748374  0.99000000
0.03259324  28.00000000  0.01929710  40.00000000  2278.55748374  0.99000000
0.03259324  28.00000000  0.01929710  40.00000000  2278.55748374  0.99000000
0.07078753  38.00000000  0.07078753  40.00000000  2279.07540116  0.99000000
0.03259324  28.00000000  0.01929710  40.00000000  2278.55748374  0.99000000
0.03259324  28.00000000  0.01929710  40.00000000  2278.55748374  0.99000000
0.03259324  28.00000000  0.01929710  40.00000000  2278.55748374  0.99000000
0.03259324  28.00000000  0.01929710  40.00000000  2278.55748374  0.99000000
0.03259324  28.00000000  0.01929710  40.00000000  2278.55748374  0.99000000
0.03259324  28.00000000  0.01929710  40.00000000  2278.55748374  0.99000000
0.03259324  28.00000000  0.01929710  40.00000000  2278.55748374  0.99000000
0.03259324  28.00000000  0.01929710  40.00000000  2278.55748374  0.99000000
0.03259324  28.00000000  0.01929710  40.00000000  2278.55748374  0.99000000
0.03259324  28.00000000  0.01929710  40.00000000  2278.55748374  0.99000000
0.00036413  38.00000000  0.00036413  40.00000000  2146.86862532  0.99000000
0.02055671  28.00000000  0.00023588  40.00000000  1903.65023430  0.99000000
0.03259324  28.00000000  0.01929710  40.00000000  2278.55748374  0.99000000
0.03259324  28.00000000  0.01929710  40.00000000  2278.55748374  0.99000000
0.03474179  31.00000000  0.03472792  40.00000000  2273.48325106  0.99000000
0.02723568  38.00000000  0.02723568  40.00000000  2249.10163180  0.99000000
0.01706281  38.00000000  0.01706281  40.00000000  2270.06097217  0.99000000
0.08293422  38.00000000  0.08293422  40.00000000  2230.36820431  0.99000000
0.03259324  28.00000000  0.01929710  40.00000000  2278.55748374  0.99000000
0.03259324  28.00000000  0.01929710  40.00000000  2278.55748374  0.99000000
0.05976811  28.00000000  0.01484603  40.00000000  2282.46864124  0.99000000
0.03259324  28.00000000  0.01929710  40.00000000  2278.55748374  0.99000000
0.03259324  28.00000000  0.01929710  40.00000000  2278.55748374  0.99000000
0.03259324  28.00000000  0.01813435  40.00000000  2278.55361070  0.99000000
0.03259324  28.00000000  0.01929710  40.00000000  2278.55748374  0.99000000
0.03259324  28.00000000  0.01929710  40.00000000  2278.55748374  0.99000000
0.00495304  29.00000000  0.00261403  40.00000000  2248.28487247  0.99000000
0.06655940  38.00000000  0.06655940  40.00000000  2280.01390674  0.99000000
0.03259324  28.00000000  0.01929710  40.00000000  2278.55748374  0.99000000
0.03259324  28.00000000  0.01929710  40.00000000  2278.55748374  0.99000000
0.26109498  34.00000000  0.17989995  40.00000000  1884.60991694  0.99000000
0.03225730  28.00000000  0.01929636  40.00000000  2278.62079166  0.99000000
0.00125405  38.00000000  0.00125405  40.00000000  998.59386870  0.99000000
0.03259324  28.00000000  0.01929710  40.00000000  2278.55748374  0.99000000
0.03259324  28.00000000  0.01929710  40.00000000  2278.55748374  0.99000000
0.11930021  38.00000000  0.11930021  40.00000000  2351.16379074  0.99000000
0.00059140  38.00000000  0.00059140  40.00000000  2179.58123512  0.99000000
0.03263945  28.00000000  0.02648300  40.00000000  2236.43349420  0.99000000
0.01573631  28.00000000  0.00001181  40.00000000  2129.81120292  0.99000000
0.03259324  28.00000000  0.01929710  40.00000000  2278.55748374  0.99000000
0.07520609  38.00000000  0.07520609  40.00000000  2285.19369163  0.99000000
0.03259324  28.00000000  0.01929710  40.00000000  2278.55748374  0.99000000
0.02243864  29.00000000  0.01722736  40.00000000  2272.83970464  0.99000000
0.07090744  38.00000000  0.07090744  40.00000000  2279.05971165  0.99000000
0.03259324  28.00000000  0.01929710  40.00000000  2278.55748374  0.99000000
0.03259324  28.00000000  0.01929710  40.00000000  2278.55748374  0.99000000
0.03259324  28.00000000  0.01929710  40.00000000  2278.55748374  0.99000000
0.00003766  38.00000000  0.00003766  40.00000000  959.64781505  0.99000000
0.03259324  28.00000000  0.01545090  40.00000000  2278.54522667  0.99000000
0.03259324  28.00000000  0.01929710  40.00000000  2278.55748374  0.99000000
0.06377826  38.00000000  0.06377826  40.00000000  2280.39076918  0.99000000
0.03259324  28.00000000  0.01929710  40.00000000  2278.55748374  0.99000000
0.03259324  28.00000000  0.01929710  40.00000000  2278.55748374  0.99000000
0.03259324  28.00000000  0.01929710  40.00000000  2278.55748374  0.99000000
0.03259324  28.00000000  0.01929710  40.00000000  2278.55748374  0.99000000
0.03259324  28.00000000  0.01929710  40.00000000  2278.55748374  0.99000000
0.03259324  28.00000000  0.01929710  40.00000000  2278.55748374  0.99000000
0.03259324  28.00000000  0.01929710  40.00000000  2278.55748374  0.99000000
0.03168344  38.00000000  0.03168344  40.00000000  2071.71445424  0.99000000
0.03259324  28.00000000  0.01929710  40.00000000  2278.55748374  0.99000000
0.03259324  28.00000000  0.01929710  40.00000000  2278.55748374  0.99000000
0.03259324  28.00000000  0.01929710  40.00000000  2278.55748374  0.99000000
0.03259324  28.00000000  0.01929710  40.00000000  2278.55748374  0.99000000
0.03259324  28.00000000  0.01929710  40.00000000  2278.55748374  0.99000000
0.00043910  36.00000000  0.00041123  40.00000000  2144.55533000  0.99000000
0.14900416  34.00000000  0.13921630  40.00000000  2258.17855967  0.99000000
0.71589306  34.00000000  0.49906295  40.00000000  2635.26188993  0.99000000
0.40639865  38.00000000  0.40639865  40.00000000  1840.44080543  0.99000000
0.00011653  32.00000000  0.00010100  40.00000000  2883.83262896  0.99000000
0.00804349  29.00000000  0.00020422  40.00000000  1625.59245386  0.99000000
0.19490009  38.00000000  0.19490009  40.00000000  2788.23115579  0.99000000
0.09123411  30.00000000  0.01866975  40.00000000  1932.62848706  0.99000000
0.12995686  33.00000000  0.07927626  40.00000000  2017.45505415  0.99000000
0.07813075  38.00000000  0.07813075  40.00000000  811.90880788  0.99000000
0.06392655  38.00000000  0.06392655  40.00000000  2387.72571238  0.99000000
0.02069356  36.00000000  0.01702325  40.00000000  2553.03931711  0.99000000
0.00008850  30.00000000  0.00000828  40.00000000  2935.88963363  0.99000000
0.04237482  38.00000000  0.04237482  40.00000000  2664.35031156  0.99000000
0.08497203  38.00000000  0.08497203  40.00000000  1219.29323581  0.99000000
0.00049223  37.00000000  0.00048716  40.00000000  3003.39189300  0.99000000
0.00047826  37.00000000  0.00047282  40.00000000  2998.39143228  0.99000000
0.33708602  37.00000000  0.33520849  40.00000000  2746.85789111  0.99000000
0.06498521  38.00000000  0.06498521  40.00000000  2205.97328273  0.99000000
0.00605613  38.00000000  0.00605613  40.00000000  1846.85618296  0.99000000
0.19735225  36.00000000  0.16977025  40.00000000  1623.11700916  0.99000000
0.04595518  38.00000000  0.04595518  40.00000000  2847.10200437  0.99000000
0.00008234  17.00000000  0.00001824  40.00000000  1567.20784342  0.99000000
0.00005555  29.00000000  0.00002850  40.00000000  1548.87734669  0.99000000
0.00497057  38.00000000  0.00497057  40.00000000  1478.56139629  0.99000000
0.03321070  38.00000000  0.03321070  40.00000000  1534.54741520  0.99000000
0.00153356  30.00000000  0.00075293  40.00000000  2519.10351278  0.99000000
0.00017655  25.00000000  0.00000084  40.00000000  1470.66502883  0.99000000
0.02424037  35.00000000  0.01793956  40.00000000  1638.82402510  0.99000000
0.65214207  36.00000000  0.59114697  40.00000000  2229.11273413  0.99000000
0.00008126  38.00000000  0.00008126  40.00000000  1743.63636566  0.99000000
0.20403445  37.00000000  0.20165207  40.00000000  2509.15497679  0.99000000
0.01034768  38.00000000  0.01034768  40.00000000  1742.92285593  0.99000000
0.25862524  32.00000000  0.11351709  40.00000000  1983.13831217  0.99000000
0.37416310  38.00000000  0.37416310  40.00000000  2958.13276791  0.99000000
0.06178266  38.00000000  0.06178266  40.00000000  2658.39933702  0.99000000
0.65142378  38.00000000  0.65142378  40.00000000  2069.44071325  0.99000000
0.23004909  38.00000000  0.23004909  40.00000000  1435.99252781  0.99000000
0.16833469  37.00000000  0.16219562  40.00000000  2680.85496478  0.99000000
0.38660778  38.00000000  0.38660778  40.00000000  3049.48390149  0.99000000
0.36452370  38.00000000  0.36452370  40.00000000  3044.01933510  0.99000000
0.30696451  38.00000000  0.30696451  40.00000000  2043.28660061  0.99000000
0.08613518  36.00000000  0.08198166  40.00000000  1010.88344081  0.99000000
0.00036618  38.00000000  0.00036618  40.00000000  1308.35681537  0.99000000
0.01488728  32.00000000  0.01416452  40.00000000  902.96748064  0.99000000
0.04254415  38.00000000  0.04254415  40.00000000  2197.57108271  0.99000000
0.89853356  33.00000000  0.52404456  40.00000000  3158.77260511  0.99000000
0.07837181  38.00000000  0.07837181  40.00000000  1557.71683267  0.99000000
0.00036501  33.00000000  0.00024825  40.00000000  789.40122042  0.99000000
0.00009668  34.00000000  0.00003404  40.00000000  1014.17075527  0.99000000
0.19304426  38.00000000  0.19304426  40.00000000  1312.13748007  0.99000000
0.02447320  38.00000000  0.02447320  40.00000000  918.90827451  0.99000000
0.06095616  36.00000000  0.05266422  40.00000000  1753.77789052  0.99000000
0.29214405  31.00000000  0.10798890  40.00000000  3057.66139127  0.99000000
0.73790726  36.00000000  0.62822663  40.00000000  3122.10475564  0.99000000
0.02077877  38.00000000  0.02077877  40.00000000  1848.10327169  0.99000000
0.55496768  31.00000000  0.08235210  40.00000000  3120.79839661  0.99000000
0.42266575  38.00000000  0.42266575  40.00000000  2691.19792315  0.99000000
0.04757482  27.00000000  0.01328415  40.00000000  2342.77310475  0.99000000
0.33594977  36.00000000  0.31194455  40.00000000  1981.16952314  0.99000000
0.76059051  35.00000000  0.63823342  40.00000000  2409.70853136  0.99000000
0.01362045  38.00000000  0.01362045  40.00000000  2178.36639840  0.99000000
0.02427742  34.00000000  0.02332527  40.00000000  1145.85836429  0.99000000
0.02679232  38.00000000  0.02679232  40.00000000  1679.85474479  0.99000000
0.00814493  38.00000000  0.00814493  40.00000000  1507.90183654  0.99000000
0.03618630  38.00000000  0.03618630  40.00000000  1656.49665517  0.99000000
0.90093439  33.00000000  0.50979695  40.00000000  3192.75838691  0.99000000
0.59039470  33.00000000  0.30081624  40.00000000  2798.19452112  0.99000000
0.07968179  38.00000000  0.07968179  40.00000000  1764.75340491  0.99000000
0.87962459  34.00000000  0.56171162  40.00000000  3117.92570187  0.99000000
0.01448134  38.00000000  0.01448134  40.00000000  1573.57400884  0.99000000
0.00026911  32.00000000  0.00014793  40.00000000  2188.04103030  0.99000000
0.00006278  37.00000000  0.00006232  40.00000000  2196.45961637  0.99000000
0.01332842  38.00000000  0.01332842  40.00000000  2776.32563280  0.99000000
0.64380874  35.00000000  0.54261954  40.00000000  3165.40605712  0.99000000
0.10825323  36.00000000  0.09868019  40.00000000  2580.51711730  0.99000000
0.22030283  27.00000000  0.16439583  40.00000000  3014.29830049  0.99000000
0.25570399  38.00000000  0.25570399  40.00000000  1733.17965478  0.99000000
0.24617691  31.00000000  0.00658689  40.00000000  3031.86244344  0.99000000
0.04020734  37.00000000  0.03713956  40.00000000  2602.95893224  0.99000000
0.00294499  38.00000000  0.00294499  40.00000000  2379.42953528  0.99000000
0.83172443  35.00000000  0.59810877  40.00000000  3156.99707227  0.99000000
0.81661921  32.00000000  0.29308844  40.00000000  3197.87109963  0.99000000
0.28236943  38.00000000  0.28236943  40.00000000  957.93509953  0.99000000
0.91503927  34.00000000  0.63335475  40.00000000  3153.39453063  0.99000000
0.81978847  33.00000000  0.41055535  40.00000000  3091.22670048  0.99000000
0.89883212  34.00000000  0.64168572  40.00000000  3102.50957673  0.99000000
0.23144347  38.00000000  0.23144347  40.00000000  2672.58318467  0.99000000
0.54740095  33.00000000  0.29236126  40.00000000  3038.80326006  0.99000000
0.77405537  33.00000000  0.38976214  40.00000000  3208.20928348  0.99000000
0.70301243  38.00000000  0.70301243  40.00000000  1687.69761589  0.99000000
0.00008253  38.00000000  0.00008253  40.00000000  2188.09152790  0.99000000
0.00067451  24.00000000  0.00039745  40.00000000  2462.77505044  0.99000000
0.00342968  38.00000000  0.00342968  40.00000000  2202.91976452  0.99000000
0.01955146  38.00000000  0.01955146  40.00000000  2276.12855838  0.99000000
0.21226521  38.00000000  0.21226521  40.00000000  2219.17945715  0.99000000
0.78799198  34.00000000  0.55831595  40.00000000  2979.94441910  0.99000000
0.63530697  38.00000000  0.63530697  40.00000000  2078.47751172  0.99000000
0.63323843  34.00000000  0.38798983  40.00000000  2249.17515098  0.99000000
0.45418866  32.00000000  0.11730120  40.00000000  2968.58278830  0.99000000
0.77929299  32.00000000  0.32072495  40.00000000  3229.11170911  0.99000000
0.63126499  30.00000000  0.06096543  40.00000000  3034.66471775  0.99000000
