5
0
10
21
11
20
21
13
0
21
7
8
0
13
24
15
0
1
1
11
16
10
1
2
2
2
17
2
11
3
3
12
3
18
12
4
4
23
4
13
19
1
5
1
24
15
4
6
15
4
15
22
7
3
21
23
17
8
22
17
17
17
9
24
18
9
8
24
19
1
19
24
11
20
24
11
20
4
24
21
2
21
21
13
0
9
7
22
7
6
14
5
9
23
1
10
8
13
24
16
1
11
11
12
17
3
16
12
6
7
13
3
0
1
18
18
10
1
18
24
24
21
24
24
24
24
22
24
24
17
23
23
17
23
23
22
23
22
23
12
23
23
24
24
24
24
24
24
24
20
24
24
4
