6
7
12
11
21
23
7
13
22
12
24
22
0
14
8
20
12
1
1
15
10
1
17
10
2
21
2
11
1
12
3
18
3
17
12
4
4
4
13
15
4
20
14
5
14
21
23
6
23
23
15
22
7
16
7
16
2
8
4
17
8
23
9
23
18
9
24
24
10
24
19
7
11
11
1
20
22
11
12
22
21
5
24
12
22
13
24
22
3
14
14
14
23
15
15
3
10
8
24
16
24
1
3
16
1
3
3
18
3
18
18
4
4
4
0
0
4
20
24
23
23
20
23
23
23
23
23
6
23
21
23
22
23
8
23
19
23
23
22
23
23
9
24
24
24
23
24
24
9
11
24
24
8
