51
9
27
39
23
53
27
17
54
55
1
1
43
2
2
2
34
3
3
14
4
4
43
5
5
62
6
6
2
7
7
20
8
8
40
4
9
5
10
10
11
23
11
7
12
25
13
26
13
14
14
0
13
15
16
10
30
17
17
30
10
18
31
19
55
20
3
34
62
34
22
34
22
15
36
24
23
52
24
25
7
55
13
39
40
28
1
28
11
28
22
2
30
43
10
63
44
31
32
33
1
33
46
34
27
61
35
48
27
49
37
37
50
24
28
51
24
32
11
31
53
18
40
54
61
55
34
43
2
34
44
57
44
41
43
58
47
31
61
27
60
38
49
6
7
62
20
38
8
47
43
9
23
64
10
30
51
46
44
12
25
40
26
64
4
63
15
61
33
63
38
64
63
44
64
63
63
63
64
55
64
63
64
56
63
64
64
63
63
63
64
55
47
63
63
8
39
63
58
57
63
63
7
55
28
22
63
63
59
59
63
13
31
63
33
64
33
49
61
63
61
61
48
27
63
59
37
24
24
13
