47
51
7
21
25
33
53
59
0
60
0
29
1
19
50
0
2
42
40
3
43
57
14
4
57
36
5
1
54
33
6
50
32
41
2
3
40
8
30
50
32
9
10
54
22
11
39
5
12
36
12
34
3
13
50
9
14
26
15
9
1
44
16
3
6
44
37
58
59
18
31
19
58
20
47
40
33
41
55
47
53
63
23
16
62
36
49
5
25
7
5
54
9
10
55
27
16
40
52
48
41
23
61
30
5
43
18
25
12
55
63
14
63
62
46
34
61
53
12
62
48
55
29
28
49
49
64
50
4
38
51
17
40
33
53
59
0
60
54
24
10
29
55
17
0
56
56
57
62
57
38
47
58
46
23
48
22
33
60
49
28
63
49
42
62
8
30
50
32
50
54
54
22
38
27
0
26
17
57
55
54
48
14
55
11
64
50
9
1
63
32
62
6
44
33
63
59
57
61
63
61
17
64
38
63
5
49
43
53
63
58
53
62
39
49
63
59
62
5
8
54
63
25
60
61
14
8
63
56
20
56
12
59
43
63
59
9
31
63
59
63
62
46
34
63
50
57
30
57
11
36
63
22
61
5
50
43
