6
5
54
19
34
46
42
55
9
55
11
1
30
17
29
56
2
57
63
13
3
38
50
4
1
27
5
28
61
50
6
3
61
7
49
26
7
8
20
9
5
57
10
10
49
35
11
5
24
12
41
3
13
50
4
14
27
2
45
15
5
55
28
16
30
17
50
18
54
2
57
19
37
54
20
56
21
63
34
22
34
13
62
36
51
37
24
57
25
37
46
57
26
51
39
39
28
44
41
52
21
0
49
29
42
9
31
10
26
54
47
52
25
46
33
46
47
35
17
64
36
30
56
49
49
51
20
36
58
37
52
19
40
53
28
1
54
55
41
38
30
17
56
56
2
57
63
36
44
58
63
59
62
43
35
60
61
21
6
43
28
33
33
30
7
23
37
8
49
12
49
10
49
35
11
30
24
0
41
41
5
23
4
14
60
2
62
59
64
37
28
16
61
29
63
58
62
63
43
61
63
46
61
63
21
63
63
33
63
62
60
63
51
37
63
60
62
37
63
57
31
63
56
58
64
64
63
10
48
64
51
60
48
63
6
18
9
57
63
55
62
63
33
46
18
64
61
56
36
41
64
49
36
15
8
64
28
