7
50
7
13
8
10
22
14
19
39
54
1
0
11
13
18
2
42
13
3
31
3
4
4
4
1
5
64
32
42
38
32
7
38
7
34
6
1
8
20
9
62
4
10
21
21
11
44
3
24
12
54
44
13
14
55
14
37
44
35
54
28
60
51
16
29
18
17
31
45
47
19
2
5
59
14
20
63
16
42
22
56
36
60
23
36
56
4
38
19
49
26
14
39
27
8
40
28
48
41
11
48
30
30
30
5
60
44
62
44
44
45
33
61
3
2
10
48
35
23
16
48
49
3
30
38
11
0
7
38
7
13
24
61
53
62
19
42
54
55
56
22
21
18
62
36
23
31
31
3
4
59
64
47
21
64
32
26
27
32
48
38
36
36
28
1
37
20
9
41
4
43
44
21
11
44
46
55
10
24
49
48
3
58
60
19
62
35
64
58
60
51
2
62
63
17
60
64
24
64
64
61
63
55
62
63
54
44
63
56
63
60
63
37
56
4
63
60
49
26
62
60
63
3
48
11
18
63
62
48
62
63
59
2
60
63
62
60
44
4
62
64
62
2
10
59
63
23
16
64
60
61
64
38
21
64
15
