64
46
59
11
55
18
39
63
21
63
26
1
22
19
20
2
34
2
12
3
30
56
27
4
3
47
5
40
34
6
6
6
45
7
25
8
8
29
8
9
58
21
39
10
58
7
11
23
3
12
24
7
24
6
13
11
0
14
15
12
36
27
60
16
29
17
58
59
18
52
51
45
20
20
44
49
21
33
60
46
3
41
23
12
13
24
43
19
37
15
38
26
0
21
27
4
23
40
3
27
14
28
24
2
49
63
31
43
7
44
26
1
32
51
52
58
53
34
28
47
58
48
17
37
5
63
21
50
60
51
51
51
41
41
57
25
23
53
54
41
22
60
11
24
44
56
12
57
30
17
32
36
35
47
59
40
60
19
6
6
12
1
50
62
37
43
18
28
40
22
14
32
64
32
11
45
38
55
24
19
49
0
43
17
3
14
3
63
62
8
60
64
29
60
58
59
64
47
56
63
60
63
63
6
63
33
64
63
3
63
64
44
63
60
62
63
40
51
63
62
44
21
62
64
23
58
60
27
63
54
61
30
64
8
52
61
63
32
26
2
64
63
60
63
11
34
64
1
64
48
62
37
1
63
29
51
54
