18
24
24
58
17
21
40
53
47
60
1
63
31
1
57
2
57
39
39
2
3
16
46
4
52
35
60
5
31
6
6
18
7
7
7
26
8
39
28
64
37
9
10
5
2
36
42
11
25
12
8
43
25
13
5
14
27
7
15
57
2
16
51
4
17
13
6
41
31
19
55
57
19
63
40
20
10
21
22
22
10
57
35
55
55
0
37
23
25
24
63
38
3
22
27
51
18
56
41
29
57
58
15
26
10
14
30
63
56
32
45
23
59
61
46
47
34
35
13
7
5
36
9
49
37
50
8
28
18
0
39
52
0
58
40
53
54
58
61
62
31
55
43
12
64
57
3
2
28
58
46
4
59
35
4
60
1
6
34
61
49
7
7
26
38
39
17
64
37
52
39
42
31
0
5
52
31
44
34
43
54
13
5
60
4
63
58
15
61
17
63
59
19
64
61
64
15
19
63
63
19
63
63
59
64
60
63
63
64
64
13
63
55
58
37
63
25
24
63
53
62
63
27
64
64
33
12
63
28
11
61
56
63
47
62
63
56
63
3
64
59
23
64
47
34
12
13
63
37
62
26
49
22
2
51
14
29
