14
18
51
36
24
36
27
14
53
57
54
1
10
29
26
2
56
23
15
3
52
3
4
4
4
51
3
5
6
6
33
49
4
7
34
20
8
45
48
9
2
1
53
46
10
39
11
2
41
12
38
37
48
25
14
13
14
62
27
15
61
16
34
60
34
2
58
64
47
2
19
37
18
32
62
32
32
8
33
22
55
3
4
15
24
58
24
36
59
37
46
26
52
12
61
50
40
53
5
46
3
41
30
30
30
62
43
60
2
60
4
0
45
55
33
34
51
3
47
1
48
35
25
60
63
49
34
50
63
18
51
39
24
52
9
9
53
57
54
31
10
55
26
43
56
23
15
57
24
3
4
20
4
47
3
5
6
40
40
49
63
50
24
20
64
3
20
9
22
51
5
18
26
27
39
11
56
12
32
14
37
31
24
60
63
62
20
64
61
17
34
60
38
63
62
63
63
63
55
64
50
64
62
63
18
13
60
63
51
3
62
45
63
54
36
55
59
63
23
48
18
63
59
61
62
63
54
46
0
64
57
56
61
64
43
60
2
44
55
9
59
55
62
64
60
8
29
62
48
33
20
58
63
51
63
50
55
