25
39
64
12
32
9
58
11
24
56
41
1
60
43
56
2
17
2
20
3
0
16
3
4
0
30
5
3
34
45
6
19
5
1
3
7
8
22
31
9
9
42
10
22
48
11
11
48
3
12
11
8
13
5
5
3
14
27
56
56
61
16
40
57
31
2
38
44
11
31
19
18
2
33
20
47
21
43
34
4
64
22
23
63
37
16
37
25
56
3
8
26
57
39
27
41
27
10
28
23
7
42
43
43
54
31
45
64
60
32
32
33
46
33
57
17
3
55
6
2
5
49
19
49
13
57
38
38
52
39
38
7
40
19
64
54
55
56
41
55
10
43
56
64
18
2
11
27
24
59
63
59
22
30
5
62
61
45
49
48
23
29
50
50
44
42
42
9
50
36
49
26
43
52
14
33
3
12
41
13
59
58
60
37
62
16
64
56
61
16
47
62
56
63
59
61
48
64
62
63
55
63
59
63
21
63
59
64
6
22
63
16
62
64
37
2
64
54
51
58
63
57
61
17
27
62
64
61
12
60
52
64
55
57
52
64
60
7
32
63
62
59
48
17
61
49
60
2
62
64
58
27
13
5
38
38
14
