31
16
24
36
40
48
53
40
50
31
61
30
1
11
49
2
36
29
3
3
3
64
4
16
4
42
5
29
18
29
6
62
34
7
47
35
8
49
26
3
9
21
10
52
5
32
36
11
3
12
6
51
56
13
57
4
14
46
15
9
39
64
11
51
42
17
18
30
18
12
19
14
32
20
4
14
2
21
54
22
57
35
52
50
24
4
24
0
37
18
45
0
20
63
60
27
5
60
22
29
50
54
29
42
57
52
31
24
63
46
10
60
46
47
27
46
27
35
34
36
36
36
62
50
36
50
52
58
15
51
29
29
40
32
17
6
34
31
61
62
2
11
15
62
36
29
35
59
45
64
36
35
4
1
0
29
18
29
26
62
62
0
63
23
64
1
43
51
9
9
14
52
5
49
54
24
48
52
6
51
56
64
57
64
48
35
58
63
61
63
60
58
42
62
63
37
8
64
58
64
64
64
64
38
63
55
19
63
57
59
64
44
57
64
3
20
63
18
58
64
20
63
63
64
45
9
3
63
28
57
16
37
55
9
61
58
63
57
4
60
58
33
27
47
64
10
34
36
61
62
64
2
62
42
63
63
38
