32
26
31
6
33
60
56
36
23
48
42
12
55
1
10
2
25
58
55
14
3
62
0
4
55
25
39
5
33
6
64
58
29
3
28
56
8
3
4
9
9
2
21
10
48
45
11
6
32
12
24
32
13
53
49
14
55
9
15
38
53
44
62
0
11
17
29
6
18
3
19
8
45
20
2
38
21
15
9
61
34
42
23
35
53
12
63
43
37
12
13
26
2
52
27
50
40
46
28
12
22
41
16
15
0
52
43
31
49
44
49
32
45
17
34
46
57
27
59
35
23
48
56
49
23
60
50
9
51
8
52
58
38
60
33
39
15
39
42
54
55
56
2
64
25
25
37
58
57
64
32
3
64
59
62
45
21
27
64
61
2
47
28
37
28
63
7
9
9
2
3
10
39
45
56
6
7
12
10
22
13
47
54
14
60
63
61
63
63
31
62
0
64
59
5
23
18
32
63
45
63
61
47
63
21
31
5
64
13
63
23
35
63
24
54
11
37
63
61
10
62
64
27
64
40
16
63
60
51
41
64
62
63
48
62
64
56
22
61
64
59
63
62
64
50
4
64
62
23
64
56
61
23
64
60
19
63
