13
24
24
52
0
53
25
24
54
10
1
17
1
53
22
2
59
2
14
3
2
15
4
4
4
32
5
4
5
6
46
64
7
40
7
6
8
19
19
33
9
2
10
10
23
4
32
11
12
12
24
32
13
45
54
26
43
42
15
2
28
16
42
40
17
5
53
5
18
6
58
10
61
32
8
14
20
21
15
22
7
45
9
35
36
24
57
4
6
12
25
26
16
8
39
56
1
57
22
19
29
4
18
54
43
56
16
64
57
45
32
33
1
46
6
12
28
47
28
62
48
36
59
49
37
3
50
51
64
24
24
52
0
53
24
3
54
10
18
18
31
55
22
14
56
14
63
57
2
46
58
59
64
63
47
48
41
60
9
64
49
32
27
39
8
14
35
6
9
2
10
1
23
55
32
11
12
12
38
44
45
59
60
57
62
9
64
2
61
60
63
62
23
64
53
20
31
62
58
63
61
1
9
60
64
58
8
63
11
63
9
64
36
55
64
62
17
63
60
56
63
62
53
56
63
50
17
58
64
49
39
54
64
56
14
64
53
55
61
42
21
63
61
12
19
54
29
62
64
36
23
63
3
43
0
63
4
