59
12
25
38
57
39
59
45
61
61
56
52
46
24
38
59
46
14
1
12
1
1
1
16
1
1
2
2
2
2
2
1
2
3
3
3
3
3
1
3
4
4
3
4
4
16
5
5
5
5
18
5
6
6
5
6
6
18
7
6
7
7
7
7
8
20
8
8
8
8
8
9
9
9
22
9
10
10
10
23
24
10
6
11
11
11
23
12
11
12
12
12
24
57
13
13
13
13
3
14
14
27
14
14
14
46
15
28
15
13
16
16
16
28
29
15
17
17
1
3
30
18
17
18
18
18
19
31
18
18
19
19
20
20
38
3
21
34
52
21
43
10
22
22
22
22
19
22
19
23
23
23
23
23
22
24
24
37
23
25
25
25
25
14
44
38
7
26
26
10
27
26
16
27
45
28
28
28
47
28
27
46
29
27
29
30
29
59
20
51
5
50
31
31
12
32
50
50
28
32
32
32
33
21
33
51
32
64
33
34
32
32
63
27
35
34
25
35
36
53
58
37
54
53
26
26
57
55
54
38
38
59
38
59
56
39
38
57
39
59
40
56
40
40
21
58
41
40
60
58
42
61
40
59
5
43
31
43
43
61
60
44
19
60
60
45
32
60
45
45
44
27
46
63
45
46
46
62
36
46
45
63
46
45
5
49
48
63
63
34
64
50
48
50
64
37
43
50
50
44
48
41
6
38
43
28
52
53
53
10
46
54
51
63
54
64
64
49
36
64
53
64
64
53
63
51
57
2
13
13
63
47
63
58
59
59
54
63
59
56
56
60
63
63
63
22
61
29
63
63
63
63
63
54
63
63
63
63
63
64
57
63
60
52
58
64
42
62
64
50
62
64
7
55
64
11
51
49
64
58
22
64
23
60
64
64
63
63
42
24
34
63
47
41
27
25
50
63
55
58
60
63
61
55
50
63
27
45
63
57
49
61
57
57
64
26
27
57
1
18
64
4
64
58
58
51
63
63
14
58
27
19
2
32
56
6
34
63
50
32
12
4
36
10
1
60
27
35
21
4
35
36
53
5
37
63
53
26
52
61
55
54
38
41
39
55
63
