8 10 10 10 10 10 10 10 10 10 10 10 10 10 10 0 0 0 0 0 0 0 13 13 13 13 13 13 13 5 5 5 5 5 5 5 5 5 5 5 5 4 4 4 4 4 4 4 4 4 4 4 4 10 10 10 1 1 10 10 10 10 10 4 4 4 4 4 4 4 4 4 4 4 10 10 1 1 1 1
8 8 10 10 10 10 10 10 10 10 10 10 10 10 10 10 10 10 10 13 13 13 13 13 13 13 13 13 13 5 5 5 5 5 5 5 5 5 5 5 5 5 5 5 5 5 8 8 8 6 6 6 6 10 10 10 10 10 10 10 10 10 10 10 4 10 4 4 4 4 4 4 4 4 4 4 4 4 16 16
8 10 10 10 10 10 10 10 10 10 10 5 10 10 10 10 10 10 10 10 0 13 13 13 13 13 13 13 13 5 5 5 5 5 5 5 5 5 5 5 5 5 5 15 15 15 15 15 15 15 15 10 3 6 6 6 6 6 6 2 10 10 10 10 10 10 15 10 10 0 10 10 10 3 3 3 3 3 3 3
8 8 8 10 10 10 10 10 10 10 10 10 10 10 0 0 0 0 0 0 0 0 0 0 0 0 0 0 0 0 5 5 5 5 5 5 5 5 5 5 5 5 5 4 4 4 4 4 4 5 1 16 7 1 1 1 16 7 7 7 1 1 1 1 1 1 4 4 4 4 5 4 4 4 1 1 4 4 4 4
8 8 8 10 10 10 10 10 10 10 10 10 10 10 0 0 0 0 0 0 0 0 0 0 0 0 10 10 10 10 5 5 5 5 5 5 5 5 5 5 5 4 4 4 4 4 4 4 4 4 4 4 4 1 10 1 5 5 5 10 10 5 5 10 10 10 5 5 4 3 3 3 3 3 3 3 3 14 2 7
8 10 10 10 10 10 10 10 10 10 10 10 10 10 10 0 0 0 0 0 0 0 0 0 0 0 0 0 0 0 0 0 3 5 0 4 5 5 5 5 5 5 5 5 5 4 4 4 4 4 4 4 4 4 4 4 4 4 4 16 4 4 11 11 11 4 4 4 4 4 10 4 4 4 15 15 12 11 11 11
8 10 10 10 10 10 10 10 10 10 10 10 10 10 1 10 10 0 0 0 0 0 13 13 13 13 13 13 5 5 5 5 5 5 5 5 5 5 5 5 5 5 10 10 4 4 4 4 4 4 10 10 10 10 10 10 10 10 3 3 3 3 15 15 15 15 15 15 15 15 15 15 15 10 15 10 10 10 12 12
8 8 8 10 10 10 10 10 10 10 10 10 10 10 10 0 13 13 13 13 13 13 13 13 13 0 0 0 0 0 5 5 5 5 5 5 5 5 5 5 5 5 5 5 5 5 5 5 5 5 16 7 5 6 5 16 7 7 14 7 7 14 16 7 7 7 7 7 14 16 6 7 7 14 7 7 14 14 14 14
8 8 8 10 10 10 10 10 10 10 10 10 10 10 10 10 13 13 13 13 13 13 13 13 10 10 10 10 10 10 10 5 5 5 5 5 5 5 5 5 5 5 14 14 14 14 14 14 2 2 2 4 4 16 16 16 16 16 16 16 16 16 14 14 15 14 14 14 14 14 14 11 11 11 11 11 11 14 14 14
8 10 10 10 10 10 10 10 5 10 10 10 10 10 10 10 10 10 0 0 0 13 13 13 13 13 13 13 5 5 5 5 5 5 5 5 5 5 5 5 5 5 10 10 4 4 4 4 4 10 10 6 10 10 10 10 10 10 3 3 1 3 3 15 15 0 15 15 4 6 10 10 10 15 10 15 6 6 6 10
