# Results obtained using DQN. CPU time: 125.10748720169067
0.01337746  74.00000000  0.01307308  80.00000000  2746.68260665  0.00000000
0.00071615  67.00000000  0.00067482  80.00000000  2885.79407532  0.00000000
0.00286759  75.00000000  0.00260084  80.00000000  1909.25749839  0.00000000
0.00051667  53.00000000  0.00004717  80.00000000  1766.61534147  0.00000000
0.00025572  78.00000000  0.00025572  80.00000000  1809.48389704  0.00000000
0.23150028  69.00000000  0.17386463  80.00000000  2485.08495737  0.00000000
0.01484301  70.00000000  0.00797137  80.00000000  2592.30429194  0.10973220
0.00019101  73.00000000  0.00014324  80.00000000  1608.68614716  0.26934267
0.01229164  74.00000000  0.01163928  80.00000000  2795.28878471  0.42895315
0.00417258  63.00000000  0.00148789  80.00000000  2000.38476829  0.58856362
0.02475403  75.00000000  0.02018200  80.00000000  1651.66744492  0.74817409
0.07369115  67.00000000  0.04794542  80.00000000  2515.96669825  0.90778457
0.07743341  69.00000000  0.01185573  80.00000000  3098.88360810  0.99000000
0.03490176  74.00000000  0.02186399  80.00000000  3091.68753663  0.99000000
0.12560382  73.00000000  0.05733069  80.00000000  3092.38529212  0.99000000
0.12560382  73.00000000  0.05733069  80.00000000  3092.38529212  0.99000000
0.12560382  73.00000000  0.05733069  80.00000000  3092.38529212  0.99000000
0.12560382  73.00000000  0.05733069  80.00000000  3092.38529212  0.99000000
0.06184599  78.00000000  0.06184599  80.00000000  3091.68637131  0.99000000
0.12560382  73.00000000  0.05733069  80.00000000  3092.38529212  0.99000000
0.12560382  73.00000000  0.05459303  80.00000000  3092.38339879  0.99000000
0.12560401  73.00000000  0.05733061  80.00000000  3092.38530820  0.99000000
0.12560382  73.00000000  0.05733069  80.00000000  3092.38529212  0.99000000
0.05245899  77.00000000  0.04818150  80.00000000  3091.72911818  0.99000000
0.12587319  73.00000000  0.05594635  80.00000000  3092.39053427  0.99000000
0.12560382  73.00000000  0.05733069  80.00000000  3092.38529212  0.99000000
0.00183413  78.00000000  0.00183413  80.00000000  3090.48285034  0.99000000
0.12560382  73.00000000  0.05733069  80.00000000  3092.38529212  0.99000000
0.12545363  73.00000000  0.05734448  80.00000000  3092.34845277  0.99000000
0.00634663  61.00000000  0.00281409  80.00000000  3485.78092490  0.99000000
0.00978633  78.00000000  0.00978633  80.00000000  3090.44907486  0.99000000
0.12560382  73.00000000  0.05733069  80.00000000  3092.38529212  0.99000000
0.04479014  78.00000000  0.04479014  80.00000000  3108.78191536  0.99000000
0.12560382  73.00000000  0.05733069  80.00000000  3092.38529212  0.99000000
0.12560382  73.00000000  0.05733069  80.00000000  3092.38529212  0.99000000
0.12560382  73.00000000  0.05733069  80.00000000  3092.38529212  0.99000000
0.12560382  73.00000000  0.05733069  80.00000000  3092.38529212  0.99000000
0.10960923  70.00000000  0.02854046  80.00000000  3101.39759332  0.99000000
0.12560382  73.00000000  0.05733069  80.00000000  3092.38529212  0.99000000
0.12560382  73.00000000  0.05733069  80.00000000  3092.38529212  0.99000000
0.12560382  73.00000000  0.05733069  80.00000000  3092.38529212  0.99000000
0.12560382  73.00000000  0.05733069  80.00000000  3092.38529212  0.99000000
0.09741806  70.00000000  0.07987381  80.00000000  3069.66700733  0.99000000
0.06904415  71.00000000  0.00114484  80.00000000  3095.52526157  0.99000000
0.12560382  73.00000000  0.05733069  80.00000000  3092.38529212  0.99000000
0.01994509  78.00000000  0.01994509  80.00000000  3090.91598627  0.99000000
0.12560401  73.00000000  0.05733061  80.00000000  3092.38530818  0.99000000
0.12560382  73.00000000  0.05733069  80.00000000  3092.38529212  0.99000000
0.12560382  73.00000000  0.05733069  80.00000000  3092.38529212  0.99000000
0.01574876  78.00000000  0.01574876  80.00000000  3083.50672342  0.99000000
0.12560382  73.00000000  0.05733069  80.00000000  3092.38529212  0.99000000
0.02713852  71.00000000  0.01101120  80.00000000  3092.29874148  0.99000000
0.12549015  73.00000000  0.05340180  80.00000000  3092.40569308  0.99000000
0.05812303  78.00000000  0.05812303  80.00000000  3091.83912507  0.99000000
0.12560382  73.00000000  0.05733069  80.00000000  3092.38529212  0.99000000
0.12563111  73.00000000  0.05441625  80.00000000  3092.37422007  0.99000000
0.00990758  75.00000000  0.00265591  80.00000000  3041.10144024  0.99000000
0.12560382  73.00000000  0.05733069  80.00000000  3092.38529212  0.99000000
0.07838845  71.00000000  0.03511987  80.00000000  3074.57249486  0.99000000
0.12560382  73.00000000  0.05733069  80.00000000  3092.38529212  0.99000000
0.12560382  73.00000000  0.07514637  80.00000000  3092.40465790  0.99000000
0.66840853  66.00000000  0.01068428  80.00000000  3680.92412311  0.99000000
0.12560382  73.00000000  0.05733069  80.00000000  3092.38529212  0.99000000
0.12560382  73.00000000  0.05733069  80.00000000  3092.38529212  0.99000000
0.01102530  66.00000000  0.00727335  80.00000000  2861.26182167  0.99000000
0.04964934  73.00000000  0.00753568  80.00000000  3093.79385344  0.99000000
0.12560382  73.00000000  0.05733069  80.00000000  3092.38525334  0.99000000
0.01091850  78.00000000  0.01091850  80.00000000  3082.91749697  0.99000000
0.12560382  73.00000000  0.05733069  80.00000000  3092.38529212  0.99000000
0.00551362  78.00000000  0.00551362  80.00000000  3089.88965950  0.99000000
0.12611887  73.00000000  0.05741183  80.00000000  3090.80838583  0.99000000
0.03755966  78.00000000  0.03755966  80.00000000  3095.02657011  0.99000000
0.12560382  73.00000000  0.05733069  80.00000000  3092.38529212  0.99000000
0.03660908  78.00000000  0.03660908  80.00000000  3089.17240081  0.99000000
0.12560382  73.00000000  0.05733069  80.00000000  3092.38529212  0.99000000
0.12560382  73.00000000  0.05733069  80.00000000  3092.38529212  0.99000000
0.12560382  73.00000000  0.05733069  80.00000000  3092.38529212  0.99000000
0.12560382  73.00000000  0.05733069  80.00000000  3092.38529212  0.99000000
0.12560382  73.00000000  0.05733069  80.00000000  3092.38529212  0.99000000
0.12560382  73.00000000  0.05733069  80.00000000  3092.38529212  0.99000000
0.12610893  73.00000000  0.05080073  80.00000000  3091.58546534  0.99000000
0.12537460  73.00000000  0.05284125  80.00000000  3092.37129786  0.99000000
0.11298192  74.00000000  0.06149025  80.00000000  3092.15543796  0.99000000
0.12560382  73.00000000  0.05733069  80.00000000  3092.38529212  0.99000000
0.12560382  73.00000000  0.05733069  80.00000000  3092.38529212  0.99000000
0.00382302  74.00000000  0.00103820  80.00000000  3109.88804219  0.99000000
0.07973865  75.00000000  0.05352469  80.00000000  3091.89383724  0.99000000
0.00382302  74.00000000  0.00103820  80.00000000  3109.88804219  0.99000000
0.12562498  73.00000000  0.05723723  80.00000000  3092.36410303  0.99000000
0.07838845  71.00000000  0.03511987  80.00000000  3074.57249486  0.99000000
0.12560382  73.00000000  0.05733069  80.00000000  3092.38529212  0.99000000
0.51612197  61.00000000  0.29141178  80.00000000  4076.17280204  0.99000000
0.12560401  73.00000000  0.05733061  80.00000000  3092.38530820  0.99000000
0.12560382  73.00000000  0.05733069  80.00000000  3092.38529212  0.99000000
0.12560382  73.00000000  0.05733069  80.00000000  3092.38529212  0.99000000
0.12560382  73.00000000  0.05733069  80.00000000  3092.38529212  0.99000000
0.12560382  73.00000000  0.05745309  80.00000000  3092.38549425  0.99000000
0.11562050  73.00000000  0.06871388  80.00000000  3093.05527046  0.99000000
0.12560382  73.00000000  0.05733069  80.00000000  3092.38529212  0.99000000
0.12560382  73.00000000  0.05733069  80.00000000  3092.38529212  0.99000000
0.09272323  75.00000000  0.06225473  80.00000000  3098.23279980  0.99000000
0.12560382  73.00000000  0.05733069  80.00000000  3092.38529212  0.99000000
0.12560382  73.00000000  0.05733069  80.00000000  3092.38529212  0.99000000
0.12560382  73.00000000  0.05733069  80.00000000  3092.38529212  0.99000000
0.45739521  74.00000000  0.30375051  80.00000000  4137.42592715  0.99000000
0.13314121  70.00000000  0.04277451  80.00000000  3092.00686228  0.99000000
0.12560382  73.00000000  0.05733069  80.00000000  3092.38529212  0.99000000
0.12560382  73.00000000  0.05733069  80.00000000  3092.38529212  0.99000000
0.12560382  73.00000000  0.05733069  80.00000000  3092.38529212  0.99000000
0.11590130  73.00000000  0.05567040  80.00000000  3092.26567510  0.99000000
0.12559768  73.00000000  0.05733580  80.00000000  3092.38506777  0.99000000
0.12560382  73.00000000  0.05733069  80.00000000  3092.38529212  0.99000000
0.12560382  73.00000000  0.05766132  80.00000000  3092.38558421  0.99000000
0.12560382  73.00000000  0.05733069  80.00000000  3092.38529212  0.99000000
0.12560382  73.00000000  0.05733069  80.00000000  3092.38529212  0.99000000
0.12560382  73.00000000  0.05733069  80.00000000  3092.38529212  0.99000000
0.12560382  73.00000000  0.05733069  80.00000000  3092.38529212  0.99000000
0.12560382  73.00000000  0.05733069  80.00000000  3092.38529212  0.99000000
0.12559738  73.00000000  0.05399727  80.00000000  3092.37368918  0.99000000
0.00216976  78.00000000  0.00216976  80.00000000  3109.75378750  0.99000000
0.12560382  73.00000000  0.05733069  80.00000000  3092.38529212  0.99000000
0.12560382  73.00000000  0.05733069  80.00000000  3092.38529212  0.99000000
0.09798129  74.00000000  0.06378500  80.00000000  3092.06539635  0.99000000
0.12560382  73.00000000  0.05733069  80.00000000  3092.38529212  0.99000000
0.12560382  73.00000000  0.05733069  80.00000000  3092.38529212  0.99000000
0.12560382  73.00000000  0.05733069  80.00000000  3092.38529212  0.99000000
0.12560382  73.00000000  0.05733069  80.00000000  3092.38529212  0.99000000
0.12560382  73.00000000  0.05733069  80.00000000  3092.38529212  0.99000000
0.12560382  73.00000000  0.05733069  80.00000000  3092.38529212  0.99000000
0.12560382  73.00000000  0.05733069  80.00000000  3092.38529207  0.99000000
0.12560382  73.00000000  0.05733069  80.00000000  3092.38529212  0.99000000
0.12560382  73.00000000  0.05733069  80.00000000  3092.38529212  0.99000000
0.14710313  71.00000000  0.07142842  80.00000000  3092.80955154  0.99000000
0.01063423  64.00000000  0.00448775  80.00000000  3122.85350091  0.99000000
0.12560382  73.00000000  0.05733069  80.00000000  3092.38529212  0.99000000
0.07724890  73.00000000  0.03755510  80.00000000  3091.89081798  0.99000000
0.12560382  73.00000000  0.05733069  80.00000000  3092.38529212  0.99000000
0.12560382  73.00000000  0.05733069  80.00000000  3092.38529212  0.99000000
0.12560382  73.00000000  0.05733069  80.00000000  3092.38529212  0.99000000
0.00981808  78.00000000  0.00981808  80.00000000  3092.30686694  0.99000000
0.12560382  73.00000000  0.05733069  80.00000000  3092.38529212  0.99000000
0.12560382  73.00000000  0.05733069  80.00000000  3092.38549244  0.99000000
0.04571562  70.00000000  0.01537285  80.00000000  3333.21935546  0.99000000
0.12560572  73.00000000  0.05733310  80.00000000  3092.38630267  0.99000000
0.12560382  73.00000000  0.05733069  80.00000000  3092.38529212  0.99000000
0.12560382  73.00000000  0.05733069  80.00000000  3092.38529212  0.99000000
0.05875810  78.00000000  0.05875810  80.00000000  3091.66186064  0.99000000
0.12560382  73.00000000  0.05733069  80.00000000  3092.38529212  0.99000000
0.12560382  73.00000000  0.05733069  80.00000000  3092.38529212  0.99000000
0.12560382  73.00000000  0.05733069  80.00000000  3092.38529212  0.99000000
0.00437480  78.00000000  0.00437480  80.00000000  3092.15487938  0.99000000
0.11795464  73.00000000  0.05663288  80.00000000  3092.29670234  0.99000000
0.04186507  75.00000000  0.04069177  80.00000000  3090.77709427  0.99000000
0.12560382  73.00000000  0.05733069  80.00000000  3092.38529212  0.99000000
0.12560382  73.00000000  0.05733069  80.00000000  3092.38529212  0.99000000
0.12560531  73.00000000  0.07513640  80.00000000  3092.39558256  0.99000000
0.12560382  73.00000000  0.05733069  80.00000000  3092.38529212  0.99000000
0.08494419  63.00000000  0.03178873  80.00000000  3102.71354500  0.99000000
0.13003712  73.00000000  0.07830389  80.00000000  3083.87137669  0.99000000
0.12560382  73.00000000  0.05733069  80.00000000  3092.38529212  0.99000000
0.12560382  73.00000000  0.05733069  80.00000000  3092.38529212  0.99000000
0.12560382  73.00000000  0.05733069  80.00000000  3092.38529212  0.99000000
0.09773718  73.00000000  0.03535637  80.00000000  3091.33636294  0.99000000
0.07432914  78.00000000  0.07432914  80.00000000  3095.41900990  0.99000000
0.12560382  73.00000000  0.05733069  80.00000000  3092.38529212  0.99000000
0.02461119  72.00000000  0.00973565  80.00000000  3428.42378189  0.99000000
0.12560382  73.00000000  0.05733069  80.00000000  3092.38529212  0.99000000
0.12560382  73.00000000  0.05733069  80.00000000  3092.38529212  0.99000000
0.07207726  75.00000000  0.05780214  80.00000000  3084.18980369  0.99000000
0.07983739  72.00000000  0.03002380  80.00000000  3088.11133397  0.99000000
0.01652972  78.00000000  0.01652972  80.00000000  3091.11658136  0.99000000
0.12560382  73.00000000  0.05733069  80.00000000  3092.38529212  0.99000000
0.01049330  78.00000000  0.01049330  80.00000000  3091.60742059  0.99000000
0.12560382  73.00000000  0.10888414  80.00000000  3092.46867669  0.99000000
0.12560382  73.00000000  0.05733069  80.00000000  3092.38529212  0.99000000
0.09076042  75.00000000  0.06486817  80.00000000  3091.99781719  0.99000000
0.12560382  73.00000000  0.05733069  80.00000000  3092.38529212  0.99000000
0.12560382  73.00000000  0.05733069  80.00000000  3092.38529212  0.99000000
0.00213238  78.00000000  0.00213238  80.00000000  3093.13455071  0.99000000
0.13258020  73.00000000  0.12228103  80.00000000  3092.51952973  0.99000000
0.01499275  67.00000000  0.00461541  80.00000000  2721.66521274  0.99000000
0.12560382  73.00000000  0.05733069  80.00000000  3092.38529212  0.99000000
0.12560382  73.00000000  0.05733069  80.00000000  3092.38529212  0.99000000
0.12560382  73.00000000  0.05733069  80.00000000  3092.38529212  0.99000000
0.12560382  73.00000000  0.05733069  80.00000000  3092.38529212  0.99000000
0.09724289  65.00000000  0.00308320  80.00000000  3067.58107581  0.99000000
0.12626573  73.00000000  0.06043854  80.00000000  3092.39132391  0.99000000
0.11256303  74.00000000  0.06229507  80.00000000  3093.35626855  0.99000000
0.12560382  73.00000000  0.05733069  80.00000000  3092.38529212  0.99000000
0.12560382  73.00000000  0.05733069  80.00000000  3092.38529212  0.99000000
0.12560382  73.00000000  0.05733069  80.00000000  3092.38529212  0.99000000
0.12555626  73.00000000  0.05465764  80.00000000  3092.39571157  0.99000000
0.12560382  73.00000000  0.05733069  80.00000000  3092.38529212  0.99000000
0.10627312  73.00000000  0.05721162  80.00000000  3091.76238182  0.99000000
0.12291043  72.00000000  0.02535113  80.00000000  3093.21847903  0.99000000
0.01331207  63.00000000  0.00860265  80.00000000  3090.73425909  0.99000000
0.12560382  73.00000000  0.05733069  80.00000000  3092.38529212  0.99000000
0.12560382  73.00000000  0.05733069  80.00000000  3092.38529212  0.99000000
0.12549015  73.00000000  0.05340180  80.00000000  3092.40569308  0.99000000
0.12560382  73.00000000  0.05733069  80.00000000  3092.38529212  0.99000000
0.12028630  73.00000000  0.05910522  80.00000000  3092.24449143  0.99000000
0.12560382  73.00000000  0.05733138  80.00000000  3092.38530155  0.99000000
0.12560382  73.00000000  0.05733069  80.00000000  3092.38529212  0.99000000
0.02530282  70.00000000  0.00117186  80.00000000  3090.82848881  0.99000000
0.61403841  74.00000000  0.42410443  80.00000000  4295.27888492  0.99000000
0.11270393  73.00000000  0.02629752  80.00000000  3182.40155672  0.99000000
0.01699411  72.00000000  0.01255810  80.00000000  3081.86177242  0.99000000
0.12560382  73.00000000  0.05733069  80.00000000  3092.38529212  0.99000000
0.12560382  73.00000000  0.05733069  80.00000000  3092.38529212  0.99000000
0.12560382  73.00000000  0.05733069  80.00000000  3092.38529212  0.99000000
0.04630545  78.00000000  0.04630545  80.00000000  3091.64790490  0.99000000
0.12560382  73.00000000  0.05733069  80.00000000  3092.38529212  0.99000000
0.01528353  78.00000000  0.01528353  80.00000000  3090.75695962  0.99000000
0.00327723  75.00000000  0.00052421  80.00000000  3067.88887299  0.99000000
0.12085077  71.00000000  0.09481712  80.00000000  3093.27992868  0.99000000
0.12560382  73.00000000  0.05733069  80.00000000  3092.38529212  0.99000000
0.05119868  76.00000000  0.04889570  80.00000000  3090.66347462  0.99000000
0.00014732  51.00000000  0.00000812  80.00000000  3084.23965085  0.99000000
0.12587318  73.00000000  0.05594289  80.00000000  3092.38751105  0.99000000
0.12560382  73.00000000  0.05733069  80.00000000  3092.38529212  0.99000000
0.12560382  73.00000000  0.05733069  80.00000000  3092.38529212  0.99000000
0.08652539  71.00000000  0.00818154  80.00000000  3088.56831393  0.99000000
0.12560382  73.00000000  0.05733069  80.00000000  3092.38529212  0.99000000
0.01535791  72.00000000  0.00683819  80.00000000  3092.57407938  0.99000000
0.10653855  72.00000000  0.02733581  80.00000000  3092.20673563  0.99000000
0.11265586  73.00000000  0.05264057  80.00000000  3092.25093484  0.99000000
0.12560279  73.00000000  0.05733007  80.00000000  3092.38486670  0.99000000
0.07891631  75.00000000  0.06104022  80.00000000  3091.90198600  0.99000000
0.09590648  75.00000000  0.07155604  80.00000000  3092.01353376  0.99000000
0.10235848  75.00000000  0.08583874  80.00000000  3092.31162197  0.99000000
0.12560382  73.00000000  0.05733069  80.00000000  3092.38529212  0.99000000
0.12562498  73.00000000  0.05723723  80.00000000  3092.36410268  0.99000000
0.12560382  73.00000000  0.05733069  80.00000000  3092.38529212  0.99000000
0.16949011  73.00000000  0.09109266  80.00000000  3093.40183387  0.99000000
0.12560382  73.00000000  0.05733069  80.00000000  3092.38529212  0.99000000
0.12560382  73.00000000  0.05733069  80.00000000  3092.38529212  0.99000000
0.12559738  73.00000000  0.05399727  80.00000000  3092.37368918  0.99000000
0.03450484  76.00000000  0.02924321  80.00000000  3092.61953474  0.99000000
0.00990758  75.00000000  0.00265591  80.00000000  3041.10144024  0.99000000
0.12560382  73.00000000  0.05733069  80.00000000  3092.38529212  0.99000000
0.01336435  63.00000000  0.00802731  80.00000000  3091.38747257  0.99000000
0.12560382  73.00000000  0.05733069  80.00000000  3092.38529212  0.99000000
0.12564016  73.00000000  0.05735782  80.00000000  3092.42621344  0.99000000
0.12555766  73.00000000  0.05464703  80.00000000  3092.41456288  0.99000000
0.12560382  73.00000000  0.05733069  80.00000000  3092.38529212  0.99000000
0.12560382  73.00000000  0.05733069  80.00000000  3092.38529212  0.99000000
0.28325662  69.00000000  0.02335052  80.00000000  3764.26304253  0.99000000
0.12560382  73.00000000  0.05733069  80.00000000  3092.38529212  0.99000000
0.12560382  73.00000000  0.05733069  80.00000000  3092.38529212  0.99000000
0.12560382  73.00000000  0.05733069  80.00000000  3092.38529212  0.99000000
0.12560382  73.00000000  0.05733069  80.00000000  3092.38529212  0.99000000
0.03602485  73.00000000  0.01561349  80.00000000  3092.57587037  0.99000000
0.12560382  73.00000000  0.05733069  80.00000000  3092.38529212  0.99000000
0.12560382  73.00000000  0.05733069  80.00000000  3092.38529212  0.99000000
0.04132889  78.00000000  0.04132889  80.00000000  3091.65878755  0.99000000
0.12560382  73.00000000  0.05733069  80.00000000  3092.38529312  0.99000000
0.12560382  73.00000000  0.07514636  80.00000000  3092.39696698  0.99000000
0.06942202  71.00000000  0.01698299  80.00000000  3095.90332990  0.99000000
0.12560382  73.00000000  0.05733069  80.00000000  3092.38529212  0.99000000
0.12560382  73.00000000  0.05733069  80.00000000  3092.38529212  0.99000000
0.12560382  73.00000000  0.05733069  80.00000000  3092.38529212  0.99000000
0.12560382  73.00000000  0.05733069  80.00000000  3092.38529212  0.99000000
0.12560382  73.00000000  0.05733069  80.00000000  3092.38529212  0.99000000
0.12560382  73.00000000  0.05733069  80.00000000  3092.38529212  0.99000000
0.10876009  74.00000000  0.05777777  80.00000000  3092.16009208  0.99000000
0.04807784  76.00000000  0.04117151  80.00000000  3091.72375583  0.99000000
0.12560382  73.00000000  0.05733069  80.00000000  3092.38529212  0.99000000
0.00015635  68.00000000  0.00010882  80.00000000  3246.06267438  0.99000000
0.12560382  73.00000000  0.05733069  80.00000000  3092.38529212  0.99000000
0.12555920  73.00000000  0.05728984  80.00000000  3092.36412548  0.99000000
0.11160825  74.00000000  0.05785212  80.00000000  3092.21905412  0.99000000
0.03220607  77.00000000  0.03198857  80.00000000  2275.57481143  0.99000000
0.02854765  74.00000000  0.00935981  80.00000000  3090.98713485  0.99000000
0.12560382  73.00000000  0.05733079  80.00000000  3092.38703800  0.99000000
0.12587319  73.00000000  0.05845271  80.00000000  3092.36891397  0.99000000
0.12572713  73.00000000  0.05689912  80.00000000  3092.21658862  0.99000000
0.12560382  73.00000000  0.05733069  80.00000000  3092.38529212  0.99000000
0.12560382  73.00000000  0.05733069  80.00000000  3092.38529212  0.99000000
0.12560382  73.00000000  0.05733069  80.00000000  3092.38529212  0.99000000
0.12560382  73.00000000  0.05733069  80.00000000  3092.38529212  0.99000000
0.12560382  73.00000000  0.05733069  80.00000000  3092.38529212  0.99000000
0.01346398  71.00000000  0.00912359  80.00000000  3122.86423438  0.99000000
0.12560382  73.00000000  0.05733069  80.00000000  3092.38529212  0.99000000
0.12560382  73.00000000  0.05733069  80.00000000  3092.38529212  0.99000000
0.11431481  73.00000000  0.05702633  80.00000000  3092.30914938  0.99000000
0.12560382  73.00000000  0.05733069  80.00000000  3092.38529212  0.99000000
0.02117553  78.00000000  0.02117553  80.00000000  3091.60665588  0.99000000
0.12560382  73.00000000  0.05733069  80.00000000  3092.38529212  0.99000000
0.12637107  73.00000000  0.05838775  80.00000000  3092.87794415  0.99000000
0.12560382  73.00000000  0.05733069  80.00000000  3092.38529212  0.99000000
0.10361936  74.00000000  0.06535411  80.00000000  3092.14028994  0.99000000
0.02209667  72.00000000  0.00765724  80.00000000  3073.25583745  0.99000000
0.12560382  73.00000000  0.05733069  80.00000000  3092.38529212  0.99000000
0.11852198  73.00000000  0.05911666  80.00000000  3092.28889408  0.99000000
0.12560382  73.00000000  0.05733069  80.00000000  3092.38529212  0.99000000
0.12560382  73.00000000  0.05733069  80.00000000  3092.38529212  0.99000000
0.12560382  73.00000000  0.05733069  80.00000000  3092.38529212  0.99000000
0.09443074  69.00000000  0.01294328  80.00000000  3091.15153985  0.99000000
0.12560382  73.00000000  0.05733069  80.00000000  3092.38529212  0.99000000
0.12560382  73.00000000  0.05733069  80.00000000  3092.38529212  0.99000000
0.12560382  73.00000000  0.05733069  80.00000000  3092.38529212  0.99000000
0.12560382  73.00000000  0.05733069  80.00000000  3092.38529212  0.99000000
0.12560382  73.00000000  0.05733069  80.00000000  3092.38529212  0.99000000
0.12560382  73.00000000  0.05733069  80.00000000  3092.38529212  0.99000000
0.12560382  73.00000000  0.05733069  80.00000000  3092.38529212  0.99000000
0.12561148  73.00000000  0.05733554  80.00000000  3092.39698961  0.99000000
0.12560382  73.00000000  0.05733069  80.00000000  3092.38529212  0.99000000
0.12560321  73.00000000  0.05732963  80.00000000  3092.38312570  0.99000000
0.03966490  77.00000000  0.03893012  80.00000000  3091.45030243  0.99000000
0.12560382  73.00000000  0.05733069  80.00000000  3092.38529212  0.99000000
0.12560382  73.00000000  0.05733069  80.00000000  3092.38529212  0.99000000
0.12560382  73.00000000  0.05733069  80.00000000  3092.38529212  0.99000000
0.10869277  72.00000000  0.02148833  80.00000000  3092.19303194  0.99000000
0.12560382  73.00000000  0.05733069  80.00000000  3092.38529212  0.99000000
0.03141711  78.00000000  0.03141711  80.00000000  3091.66460872  0.99000000
0.12560382  73.00000000  0.05733069  80.00000000  3092.38529212  0.99000000
0.12560382  73.00000000  0.05733069  80.00000000  3092.38529212  0.99000000
0.08652539  71.00000000  0.00818154  80.00000000  3088.56831393  0.99000000
0.12560382  73.00000000  0.05733069  80.00000000  3092.38529212  0.99000000
0.12560382  73.00000000  0.05733079  80.00000000  3092.38435399  0.99000000
0.11233758  71.00000000  0.02200930  80.00000000  3083.68872538  0.99000000
0.12560382  73.00000000  0.05733069  80.00000000  3092.38529212  0.99000000
0.12560382  73.00000000  0.05733069  80.00000000  3092.38529212  0.99000000
0.02826878  70.00000000  0.00830330  80.00000000  3083.82130145  0.99000000
0.12388456  72.00000000  0.03695204  80.00000000  3093.04746922  0.99000000
0.12560382  73.00000000  0.05733069  80.00000000  3092.38529212  0.99000000
0.03033995  69.00000000  0.01456579  80.00000000  3099.97579358  0.99000000
0.12556172  73.00000000  0.05539189  80.00000000  3092.41134183  0.99000000
0.12560382  73.00000000  0.05733069  80.00000000  3092.38529212  0.99000000
0.12560382  73.00000000  0.05733069  80.00000000  3092.38529212  0.99000000
0.12560382  73.00000000  0.05733069  80.00000000  3092.38529212  0.99000000
0.12560382  73.00000000  0.05733069  80.00000000  3092.38529212  0.99000000
0.04605416  63.00000000  0.01044952  80.00000000  3165.67825379  0.99000000
0.12560382  73.00000000  0.05733069  80.00000000  3092.38529212  0.99000000
0.02368838  78.00000000  0.02368838  80.00000000  3092.31415512  0.99000000
0.12567218  73.00000000  0.07871769  80.00000000  3092.36124814  0.99000000
0.12822817  73.00000000  0.05946222  80.00000000  3093.56566619  0.99000000
0.12560572  73.00000000  0.05733310  80.00000000  3092.38630252  0.99000000
0.12560382  73.00000000  0.05739718  80.00000000  3092.38545546  0.99000000
0.04214041  78.00000000  0.04214041  80.00000000  3095.34482436  0.99000000
0.09741785  70.00000000  0.01427330  80.00000000  3069.54444988  0.99000000
0.12560382  73.00000000  0.05733069  80.00000000  3092.38529212  0.99000000
0.12560382  73.00000000  0.05733069  80.00000000  3092.38529212  0.99000000
0.12560382  73.00000000  0.05734758  80.00000000  3092.38531964  0.99000000
0.05412751  71.00000000  0.03068974  80.00000000  3089.95339623  0.99000000
0.01763232  57.00000000  0.00872907  80.00000000  3089.05279696  0.99000000
0.12560382  73.00000000  0.05733069  80.00000000  3092.38529212  0.99000000
0.12560382  73.00000000  0.05733069  80.00000000  3092.38529212  0.99000000
0.12560382  73.00000000  0.05733069  80.00000000  3092.38529212  0.99000000
0.12560382  73.00000000  0.05733069  80.00000000  3092.38529212  0.99000000
0.12560382  73.00000000  0.05733069  80.00000000  3092.38529212  0.99000000
0.07312971  71.00000000  0.06165198  80.00000000  3092.01876349  0.99000000
0.49886993  65.00000000  0.05383801  80.00000000  4072.77933552  0.99000000
0.20561089  73.00000000  0.10205369  80.00000000  3087.75856700  0.99000000
0.02419827  76.00000000  0.01952113  80.00000000  3091.63566608  0.99000000
0.12560382  73.00000000  0.05733069  80.00000000  3092.38529212  0.99000000
0.00700355  75.00000000  0.00423361  80.00000000  3092.29284126  0.99000000
0.12560382  73.00000000  0.05733069  80.00000000  3092.38529212  0.99000000
0.12560478  73.00000000  0.05733112  80.00000000  3092.38724181  0.99000000
0.12560382  73.00000000  0.05733069  80.00000000  3092.38529212  0.99000000
0.01787654  65.00000000  0.00096933  80.00000000  3199.67149311  0.99000000
0.25153387  78.00000000  0.25153387  80.00000000  3037.52250949  0.99000000
0.12560382  73.00000000  0.05733069  80.00000000  3092.38529212  0.99000000
0.12824739  73.00000000  0.05945802  80.00000000  3093.56669875  0.99000000
0.14980180  76.00000000  0.14782495  80.00000000  2582.13671173  0.99000000
0.12560382  73.00000000  0.05733069  80.00000000  3092.38529212  0.99000000
0.12554066  73.00000000  0.05433212  80.00000000  3092.38794240  0.99000000
0.04395230  67.00000000  0.01786606  80.00000000  3091.81568144  0.99000000
0.12560382  73.00000000  0.05733069  80.00000000  3092.38529212  0.99000000
0.12560382  73.00000000  0.05733069  80.00000000  3092.38529212  0.99000000
0.12560382  73.00000000  0.05733069  80.00000000  3092.38529212  0.99000000
0.12560382  73.00000000  0.05733069  80.00000000  3092.38529212  0.99000000
0.05740869  70.00000000  0.02104765  80.00000000  3091.80990785  0.99000000
0.12560382  73.00000000  0.05733069  80.00000000  3092.38529212  0.99000000
0.02409401  78.00000000  0.02409401  80.00000000  3091.61559925  0.99000000
0.06613393  78.00000000  0.06613393  80.00000000  3094.90198463  0.99000000
0.12560382  73.00000000  0.05733069  80.00000000  3092.38529212  0.99000000
0.12560382  73.00000000  0.05733069  80.00000000  3092.38534318  0.99000000
0.12560382  73.00000000  0.05733069  80.00000000  3092.38529212  0.99000000
0.12560382  73.00000000  0.05733069  80.00000000  3092.38529212  0.99000000
0.12560381  73.00000000  0.05733075  80.00000000  3092.38530371  0.99000000
0.12560382  73.00000000  0.05733069  80.00000000  3092.38529212  0.99000000
0.02974592  75.00000000  0.01950331  80.00000000  3092.53446151  0.99000000
0.04390705  64.00000000  0.01182332  80.00000000  3092.02012049  0.99000000
0.12560382  73.00000000  0.05733069  80.00000000  3092.38529212  0.99000000
0.07639443  73.00000000  0.01558615  80.00000000  3099.11700954  0.99000000
0.06606529  76.00000000  0.05387186  80.00000000  3091.76956682  0.99000000
0.00899333  76.00000000  0.00708240  80.00000000  3090.77643934  0.99000000
0.12560382  73.00000000  0.05733069  80.00000000  3092.38529212  0.99000000
0.10871176  72.00000000  0.02217883  80.00000000  3092.19195281  0.99000000
0.12560382  73.00000000  0.05733069  80.00000000  3092.38529212  0.99000000
0.12560382  73.00000000  0.05733069  80.00000000  3092.38529212  0.99000000
0.12560382  73.00000000  0.05733069  80.00000000  3092.38529212  0.99000000
0.12560382  73.00000000  0.05733069  80.00000000  3092.38529212  0.99000000
0.12560382  73.00000000  0.05733069  80.00000000  3092.38529212  0.99000000
0.10868323  73.00000000  0.03894752  80.00000000  3092.38843029  0.99000000
0.12560382  73.00000000  0.05733069  80.00000000  3092.38529212  0.99000000
0.12560382  73.00000000  0.05733069  80.00000000  3092.38529212  0.99000000
0.12560382  73.00000000  0.05733069  80.00000000  3092.38529212  0.99000000
0.02426730  56.00000000  0.02299318  80.00000000  3807.32037032  0.99000000
0.12560382  73.00000000  0.05733069  80.00000000  3092.38529212  0.99000000
0.04420866  72.00000000  0.02370613  80.00000000  3088.43532848  0.99000000
0.12560382  73.00000000  0.05733069  80.00000000  3092.38529212  0.99000000
0.12560382  73.00000000  0.05733069  80.00000000  3092.38529212  0.99000000
0.12560382  73.00000000  0.05733069  80.00000000  3092.38529212  0.99000000
0.04987451  78.00000000  0.04987451  80.00000000  3254.68804036  0.99000000
0.12560382  73.00000000  0.05733069  80.00000000  3092.38529212  0.99000000
0.01548996  72.00000000  0.00662873  80.00000000  3092.58267024  0.99000000
0.09914752  77.00000000  0.09785099  80.00000000  3092.89109851  0.99000000
0.12560382  73.00000000  0.05733069  80.00000000  3092.38529212  0.99000000
0.12560382  73.00000000  0.05733069  80.00000000  3092.38529212  0.99000000
0.12280534  72.00000000  0.03459648  80.00000000  3092.64370044  0.99000000
0.12560382  73.00000000  0.05733069  80.00000000  3092.38529212  0.99000000
0.12541939  73.00000000  0.05140584  80.00000000  3092.50595473  0.99000000
0.12560187  73.00000000  0.05732466  80.00000000  3092.38323013  0.99000000
0.12560382  73.00000000  0.05733069  80.00000000  3092.38529212  0.99000000
0.13737590  69.00000000  0.04177247  80.00000000  3101.18140492  0.99000000
0.12560382  73.00000000  0.05733069  80.00000000  3092.38529212  0.99000000
0.10905529  74.00000000  0.06177107  80.00000000  3092.15609451  0.99000000
0.12563254  73.00000000  0.05870881  80.00000000  3092.37495620  0.99000000
0.12560382  73.00000000  0.05733069  80.00000000  3092.38529212  0.99000000
0.14997724  78.00000000  0.14997724  80.00000000  2776.14760427  0.99000000
0.11541336  74.00000000  0.06473791  80.00000000  3092.21127477  0.99000000
0.12560382  73.00000000  0.05733069  80.00000000  3092.38529212  0.99000000
0.02768389  75.00000000  0.02153423  80.00000000  3091.64838092  0.99000000
0.12636690  73.00000000  0.05344748  80.00000000  3092.34716541  0.99000000
0.12560382  73.00000000  0.05733069  80.00000000  3092.38529212  0.99000000
0.12560382  73.00000000  0.05733069  80.00000000  3092.38529212  0.99000000
0.12763273  73.00000000  0.05740539  80.00000000  3092.46680011  0.99000000
0.12560382  73.00000000  0.05733069  80.00000000  3092.38529212  0.99000000
0.06789411  74.00000000  0.03886406  80.00000000  3091.36763557  0.99000000
0.01690633  78.00000000  0.01690633  80.00000000  3090.89125272  0.99000000
0.12560382  73.00000000  0.05733069  80.00000000  3092.38529212  0.99000000
0.03973003  65.00000000  0.01297223  80.00000000  3092.89539079  0.99000000
0.12560382  73.00000000  0.05733069  80.00000000  3092.38529212  0.99000000
0.11425417  73.00000000  0.04628929  80.00000000  3092.28097429  0.99000000
0.12560382  73.00000000  0.05733069  80.00000000  3092.38529212  0.99000000
0.12560382  73.00000000  0.05733069  80.00000000  3092.38529212  0.99000000
0.12560322  73.00000000  0.05732878  80.00000000  3092.39288641  0.99000000
0.05489595  72.00000000  0.01295198  80.00000000  3086.19373162  0.99000000
0.12560382  73.00000000  0.05733069  80.00000000  3092.38529212  0.99000000
0.12560382  73.00000000  0.05733069  80.00000000  3092.38529212  0.99000000
0.01363392  74.00000000  0.00857072  80.00000000  3055.50343892  0.99000000
0.12560382  73.00000000  0.05733069  80.00000000  3092.38529212  0.99000000
0.01690383  78.00000000  0.01690383  80.00000000  2782.85188403  0.99000000
0.12560382  73.00000000  0.05733069  80.00000000  3092.38529212  0.99000000
0.12560382  73.00000000  0.05733069  80.00000000  3092.38529212  0.99000000
0.12560382  73.00000000  0.05733069  80.00000000  3092.38529212  0.99000000
0.12560382  73.00000000  0.05733069  80.00000000  3092.38529212  0.99000000
0.12307687  73.00000000  0.12241557  80.00000000  3092.51150207  0.99000000
0.12560382  73.00000000  0.05733069  80.00000000  3092.38529212  0.99000000
0.00013531  78.00000000  0.00013531  80.00000000  3089.47388463  0.99000000
0.12560382  73.00000000  0.07514635  80.00000000  3092.39882785  0.99000000
0.05444805  74.00000000  0.04417989  80.00000000  2275.68555440  0.99000000
0.07798001  78.00000000  0.07798001  80.00000000  2305.67958409  0.99000000
0.12560382  73.00000000  0.05733069  80.00000000  3092.38529212  0.99000000
0.49903173  65.00000000  0.05381103  80.00000000  4072.90333826  0.99000000
0.10776391  73.00000000  0.10615173  80.00000000  3083.97572282  0.99000000
0.12559749  73.00000000  0.05403591  80.00000000  3092.38313930  0.99000000
0.12560337  73.00000000  0.05733243  80.00000000  3092.37961451  0.99000000
0.12560382  73.00000000  0.05733069  80.00000000  3092.38529212  0.99000000
0.12560381  73.00000000  0.05733066  80.00000000  3092.38528297  0.99000000
0.12560382  73.00000000  0.05733069  80.00000000  3092.38529212  0.99000000
0.12588120  73.00000000  0.07880701  80.00000000  3092.39864118  0.99000000
0.11563057  73.00000000  0.05869495  80.00000000  3092.25074317  0.99000000
0.12560382  73.00000000  0.05733069  80.00000000  3092.38529212  0.99000000
0.12560382  73.00000000  0.05733069  80.00000000  3092.38529212  0.99000000
0.12560382  73.00000000  0.05733069  80.00000000  3092.38529212  0.99000000
0.12560382  73.00000000  0.05733069  80.00000000  3092.38529212  0.99000000
0.12560382  73.00000000  0.05733069  80.00000000  3092.38529212  0.99000000
0.12560382  73.00000000  0.05733069  80.00000000  3092.38529212  0.99000000
0.12560382  73.00000000  0.05733069  80.00000000  3092.38529212  0.99000000
0.12560382  73.00000000  0.05733069  80.00000000  3092.38529212  0.99000000
0.12560382  73.00000000  0.05733069  80.00000000  3092.38529212  0.99000000
0.05930099  78.00000000  0.05930099  80.00000000  3091.74128041  0.99000000
0.12560382  73.00000000  0.05733069  80.00000000  3092.38529212  0.99000000
0.12560382  73.00000000  0.05733069  80.00000000  3092.38529212  0.99000000
0.02171061  78.00000000  0.02171061  80.00000000  3088.64000834  0.99000000
0.12560382  73.00000000  0.05733069  80.00000000  3092.38529212  0.99000000
0.12560382  73.00000000  0.05733069  80.00000000  3092.38529212  0.99000000
0.12561416  73.00000000  0.05462075  80.00000000  3092.38240249  0.99000000
0.12563111  73.00000000  0.05441625  80.00000000  3092.42195515  0.99000000
0.12560382  73.00000000  0.05733069  80.00000000  3092.38529212  0.99000000
0.12560382  73.00000000  0.05733069  80.00000000  3092.38529212  0.99000000
0.02003797  68.00000000  0.01621689  80.00000000  3253.78477763  0.99000000
0.07107737  72.00000000  0.04525692  80.00000000  3091.95717659  0.99000000
0.12560382  73.00000000  0.05733069  80.00000000  3092.38529212  0.99000000
0.12560382  73.00000000  0.05733069  80.00000000  3092.38529212  0.99000000
0.04138141  76.00000000  0.04102602  80.00000000  3091.50556966  0.99000000
0.12560382  73.00000000  0.05733069  80.00000000  3092.38529212  0.99000000
0.12560382  73.00000000  0.05733069  80.00000000  3092.38529212  0.99000000
0.12560382  73.00000000  0.05733069  80.00000000  3092.38529212  0.99000000
0.12560382  73.00000000  0.05733069  80.00000000  3092.38529212  0.99000000
0.12560382  73.00000000  0.05733069  80.00000000  3092.38529212  0.99000000
0.06168768  76.00000000  0.05050273  80.00000000  3091.76041132  0.99000000
0.00101254  78.00000000  0.00101254  80.00000000  3069.90808447  0.99000000
0.12560382  73.00000000  0.05733069  80.00000000  3092.38529212  0.99000000
0.12561202  73.00000000  0.05622267  80.00000000  3092.43267002  0.99000000
0.12560382  73.00000000  0.05733069  80.00000000  3092.38529212  0.99000000
0.12560382  73.00000000  0.05733069  80.00000000  3092.38529212  0.99000000
0.00012758  67.00000000  0.00001133  80.00000000  3992.36291506  0.99000000
0.14906119  78.00000000  0.14906119  80.00000000  3884.12708084  0.99000000
0.00046058  78.00000000  0.00046058  80.00000000  4000.74449406  0.99000000
0.00660463  66.00000000  0.00031249  80.00000000  3165.06181225  0.99000000
0.05405056  67.00000000  0.01360814  80.00000000  4057.99644724  0.99000000
0.02454073  65.00000000  0.00501839  80.00000000  3339.33730197  0.99000000
0.11139833  62.00000000  0.01451756  80.00000000  3174.84090506  0.99000000
0.03083256  78.00000000  0.03083256  80.00000000  3307.31574872  0.99000000
0.03816852  78.00000000  0.03816852  80.00000000  3180.10539586  0.99000000
0.06693321  56.00000000  0.04762401  80.00000000  3174.36390987  0.99000000
0.07270708  77.00000000  0.06975226  80.00000000  3205.77424341  0.99000000
0.00372731  52.00000000  0.00306617  80.00000000  3172.96451490  0.99000000
0.11981240  60.00000000  0.08071333  80.00000000  3135.22485806  0.99000000
0.02250237  72.00000000  0.00931806  80.00000000  3965.19790699  0.99000000
0.22237925  78.00000000  0.22237925  80.00000000  4079.21746866  0.99000000
0.33013567  65.00000000  0.09265619  80.00000000  4106.70759300  0.99000000
0.10781590  60.00000000  0.07424678  80.00000000  3902.31307969  0.99000000
0.10066966  78.00000000  0.10066966  80.00000000  3885.87705808  0.99000000
0.36354333  64.00000000  0.17097432  80.00000000  4115.60474495  0.99000000
0.00452839  69.00000000  0.00387241  80.00000000  3248.36901727  0.99000000
0.17480188  61.00000000  0.12118117  80.00000000  4080.13610120  0.99000000
0.10161163  57.00000000  0.08888680  80.00000000  4059.41169386  0.99000000
0.40036265  64.00000000  0.07619334  80.00000000  4100.36078195  0.99000000
0.31282473  78.00000000  0.31282473  80.00000000  4100.08574727  0.99000000
0.15617549  72.00000000  0.04771320  80.00000000  3945.78547952  0.99000000
0.75196844  62.00000000  0.00018840  80.00000000  4235.84084681  0.99000000
0.04449884  61.00000000  0.02022672  80.00000000  4026.03399049  0.99000000
0.08004614  70.00000000  0.00031484  80.00000000  4117.51374912  0.99000000
0.02266959  73.00000000  0.01175245  80.00000000  4063.42913161  0.99000000
0.07452749  74.00000000  0.07274094  80.00000000  4072.66225452  0.99000000
0.01059531  78.00000000  0.01059531  80.00000000  3985.87701552  0.99000000
0.03592426  78.00000000  0.03592426  80.00000000  4025.15702242  0.99000000
0.03149236  50.00000000  0.01214880  80.00000000  3953.62784012  0.99000000
0.01040400  56.00000000  0.00964043  80.00000000  4048.58492546  0.99000000
0.06045203  59.00000000  0.02798826  80.00000000  4062.58699106  0.99000000
0.05833772  78.00000000  0.05833772  80.00000000  3639.53603658  0.99000000
0.62003773  59.00000000  0.02384035  80.00000000  4216.47605866  0.99000000
0.11583731  75.00000000  0.09989579  80.00000000  4105.06647007  0.99000000
0.11673815  71.00000000  0.10505474  80.00000000  4082.60406937  0.99000000
0.01781618  63.00000000  0.00057775  80.00000000  4031.28894349  0.99000000
0.17969100  61.00000000  0.05320811  80.00000000  4097.60553746  0.99000000
0.15741058  78.00000000  0.15741058  80.00000000  4119.96723547  0.99000000
0.55691517  74.00000000  0.39704556  80.00000000  4106.55095186  0.99000000
0.29440886  71.00000000  0.02989750  80.00000000  4133.11175464  0.99000000
0.26181503  70.00000000  0.08727290  80.00000000  4105.40504146  0.99000000
0.05573958  77.00000000  0.05239290  80.00000000  3961.25576736  0.99000000
0.10765984  69.00000000  0.05048921  80.00000000  4115.51973186  0.99000000
0.19151012  69.00000000  0.00602498  80.00000000  4140.58550148  0.99000000
0.35731942  63.00000000  0.00672745  80.00000000  4144.32445040  0.99000000
0.18172723  72.00000000  0.09650986  80.00000000  4140.27584059  0.99000000
0.24370108  66.00000000  0.17900053  80.00000000  4153.66112611  0.99000000
0.19098072  52.00000000  0.05691796  80.00000000  4174.37119997  0.99000000
0.00234259  78.00000000  0.00234259  80.00000000  3762.03647569  0.99000000
0.02045707  78.00000000  0.02045707  80.00000000  4150.25142189  0.99000000
0.56646186  66.00000000  0.04223207  80.00000000  4196.16163983  0.99000000
0.74477319  62.00000000  0.00970306  80.00000000  4235.71771570  0.99000000
0.67790301  65.00000000  0.01230374  80.00000000  4136.22191128  0.99000000
0.42043673  60.00000000  0.00815626  80.00000000  4113.37213126  0.99000000
0.11125974  78.00000000  0.11125974  80.00000000  4087.15815634  0.99000000
0.22087447  56.00000000  0.04572251  80.00000000  4175.13501763  0.99000000
0.52483400  78.00000000  0.52483400  80.00000000  4181.73913121  0.99000000
0.04488434  75.00000000  0.03340589  80.00000000  3756.23912211  0.99000000
0.13057639  78.00000000  0.13057639  80.00000000  3804.59570170  0.99000000
0.13072078  62.00000000  0.07881046  80.00000000  4120.14864427  0.99000000
0.18796312  68.00000000  0.01297466  80.00000000  4172.47534248  0.99000000
0.19071603  61.00000000  0.03351847  80.00000000  3389.43325904  0.99000000
0.30516694  71.00000000  0.07669387  80.00000000  3836.77937200  0.99000000
0.09468495  65.00000000  0.00317833  80.00000000  3870.17846712  0.99000000
0.09749062  75.00000000  0.08502819  80.00000000  3839.92512801  0.99000000
0.00401401  78.00000000  0.00401401  80.00000000  4165.42076203  0.99000000
0.08525730  78.00000000  0.08525730  80.00000000  4160.04036974  0.99000000
0.12195275  59.00000000  0.04458796  80.00000000  4171.47769423  0.99000000
0.20048381  78.00000000  0.20048381  80.00000000  4180.22219992  0.99000000
0.48849726  71.00000000  0.10720915  80.00000000  4181.84169103  0.99000000
0.07154207  62.00000000  0.06748858  80.00000000  4167.17195916  0.99000000
0.18561441  64.00000000  0.02507416  80.00000000  4117.94818184  0.99000000
0.23120363  68.00000000  0.07871672  80.00000000  4121.97309919  0.99000000
0.03426995  78.00000000  0.03426995  80.00000000  4027.36686510  0.99000000
0.02936361  56.00000000  0.00892308  80.00000000  3658.20966866  0.99000000
0.10364573  71.00000000  0.04223416  80.00000000  4137.18469581  0.99000000
0.00617695  52.00000000  0.00295436  80.00000000  3992.16918585  0.99000000
0.02695754  74.00000000  0.01259287  80.00000000  4058.07821186  0.99000000
0.11813852  69.00000000  0.03390813  80.00000000  4159.39205041  0.99000000
0.03095775  78.00000000  0.03095775  80.00000000  4074.81227871  0.99000000
0.48088737  71.00000000  0.44772173  80.00000000  4132.66814064  0.99000000
0.03286356  78.00000000  0.03286356  80.00000000  3637.45425082  0.99000000
0.01126990  75.00000000  0.00888310  80.00000000  4077.93894298  0.99000000
0.00107378  76.00000000  0.00098478  80.00000000  4146.44531205  0.99000000
0.02348821  78.00000000  0.02348821  80.00000000  4069.53043453  0.99000000
0.09726488  71.00000000  0.06187355  80.00000000  3851.20224672  0.99000000
0.00708131  78.00000000  0.00708131  80.00000000  4170.72174564  0.99000000
0.00684262  78.00000000  0.00684262  80.00000000  4170.71135188  0.99000000
0.15220586  78.00000000  0.15220586  80.00000000  3382.00429905  0.99000000
0.01864166  78.00000000  0.01864166  80.00000000  3846.41795287  0.99000000
0.02735995  69.00000000  0.02378688  80.00000000  4102.06360210  0.99000000
0.10704825  72.00000000  0.05415262  80.00000000  3829.97293734  0.99000000
0.02663177  76.00000000  0.02450008  80.00000000  4066.76870955  0.99000000
0.07303800  59.00000000  0.00218954  80.00000000  4028.34786799  0.99000000
0.00830060  53.00000000  0.00060151  80.00000000  4120.13464863  0.99000000
0.03255101  78.00000000  0.03255101  80.00000000  4126.45099278  0.99000000
0.04850858  78.00000000  0.04850858  80.00000000  3195.51127315  0.99000000
