11
17
27
31
17
11
7
8
28
12
19
9
29
20
1
1
10
1
16
2
2
2
17
32
3
3
3
13
32
4
4
4
14
20
5
5
23
5
6
6
16
16
7
7
7
17
17
8
8
19
19
9
9
19
20
10
10
20
20
21
11
21
12
22
11
22
13
6
13
13
23
27
27
14
24
14
25
10
10
16
26
26
16
11
17
27
27
17
11
28
18
28
14
19
29
29
20
20
30
30
20
12
32
15
31
31
32
23
32
32
13
32
17
15
24
17
16
16
15
21
25
19
4
16
16
30
31
31
30
32
28
31
31
28
31
9
31
28
31
27
31
29
32
32
29
31
31
25
32
31
32
31
31
31
31
31
31
31
31
31
31
32
15
32
32
30
26
