10 10 4 4 10 6 6 6 6 6 6 6 6 6 6 6 3 8 8 8 10 10 10 10 10 10 6 6 10 6 6 6 10 10 10 10 10 3 3 3 0 3 3 3 3 4 6 6 6 6 10 7 10 10 10 10 3 10 10 10
11 10 4 4 10 6 6 6 12 12 6 6 4 6 9 6 6 9 11 3 8 8 10 3 10 6 6 3 5 5 9 3 10 10 10 12 6 6 6 6 6 6 6 6 6 2 11 11 11 11 11 11 11 11 10 12 12 12 8 5
10 10 4 4 10 6 6 6 6 6 6 6 6 5 11 11 11 11 11 11 8 8 8 8 8 8 10 10 10 10 10 10 6 6 6 6 6 10 6 6 6 10 10 10 3 3 3 3 3 3 3 3 3 3 3 3 4 4 6 6
10 10 4 4 10 6 6 6 6 6 6 4 6 6 6 6 6 6 3 8 8 8 10 10 8 8 12 12 6 6 6 6 6 6 3 8 11 11 11 11 11 11 11 11 11 11 8 8 8 8 8 11 3 8 5 3 3 3 10 10
10 10 4 4 10 6 6 6 6 4 6 6 6 6 7 6 6 3 8 8 8 8 10 10 12 12 12 6 6 6 6 6 6 6 10 11 11 11 11 11 3 3 4 12 12 12 12 12 10 11 10 10 3 10 10 4 4 4 4 4
10 10 4 4 10 6 6 6 6 6 6 4 6 6 6 6 6 6 3 8 8 8 10 10 8 8 12 12 6 6 6 6 6 6 3 8 11 11 11 11 11 11 12 11 11 11 8 8 8 8 8 8 6 11 11 11 11 11 11 11
10 10 4 2 4 4 10 10 10 10 10 10 5 6 6 11 11 11 11 6 6 8 8 6 6 6 4 12 12 12 12 12 12 6 6 10 10 4 10 4 10 10 10 6 5 3 6 6 6 6 6 8 10 6 6 6 6 9 11 3
9 10 5 4 10 6 6 12 5 6 11 8 0 8 1 6 2 12 2 12 8 3 10 2 8 11 2 7 12 10 10 5 8 10 10 10 10 10 10 10 10 3 4 12 12 12 3 5 11 3 10 6 6 6 4 11 6 8 7 9
1 10 10 3 4 3 2 5 3 4 5 11 0 11 7 10 11 10 12 10 5 7 5 1 6 12 11 0 0 8 11 10 1 3 9 12 1 12 9 6 11 2 12 9 7 7 3 6 0 11 7 12 1 3 8 4 1 8 7 11
9 3 8 11 11 11 8 9 6 5 9 12 6 8 3 8 0 1 9 11 10 4 3 2 6 3 5 1 3 11 0 11 10 8 9 10 8 10 7 10 2 3 4 2 0 1 5 3 1 2 11 1 3 6 6 4 0 1 12 12
