# Results obtained using DQN. CPU time: 21.46388864517212
0.00739593  53.00000000  0.00585788  60.00000000  1485.97372404  0.00000000
0.00120424  53.00000000  0.00087874  60.00000000  1436.11081276  0.00000000
0.00514387  55.00000000  0.00426421  60.00000000  1885.15584446  0.00000000
0.00008203  55.00000000  0.00006804  60.00000000  1765.88696595  0.00000000
0.00139698  58.00000000  0.00139698  60.00000000  1505.98776476  0.00000000
0.00068810  44.00000000  0.00064084  60.00000000  1337.61482394  0.00000000
0.00124249  40.00000000  0.00016587  60.00000000  1536.46706213  0.00000000
0.00013237  57.00000000  0.00012459  60.00000000  1632.41314458  0.00000000
0.02217618  58.00000000  0.02217618  60.00000000  1456.77830051  0.02025589
0.01799679  49.00000000  0.01141746  60.00000000  2552.41759072  0.05498027
0.00753383  58.00000000  0.00753383  60.00000000  1703.27061561  0.08970466
0.00210179  58.00000000  0.00210179  60.00000000  2131.45750830  0.12442904
0.00379855  58.00000000  0.00379855  60.00000000  1879.72639470  0.15915342
0.00733174  58.00000000  0.00733174  60.00000000  1808.61769826  0.19387780
0.00282023  48.00000000  0.00048558  60.00000000  2504.92754714  0.22860219
0.00010438  50.00000000  0.00001443  60.00000000  1134.43646267  0.26332657
0.00013338  58.00000000  0.00013338  60.00000000  1325.54488150  0.29805095
0.00085620  58.00000000  0.00085620  60.00000000  2235.18133837  0.33277533
0.00573350  49.00000000  0.00230815  60.00000000  2497.52565670  0.36749972
0.00178422  58.00000000  0.00178422  60.00000000  1785.18427274  0.40222410
0.02301616  55.00000000  0.00537488  60.00000000  3286.65815004  0.43694848
0.00385667  58.00000000  0.00385667  60.00000000  2093.48920845  0.47167287
0.00386118  56.00000000  0.00350585  60.00000000  1911.70316197  0.50639725
0.00328479  55.00000000  0.00258012  60.00000000  1661.54681950  0.54112163
0.00007537  57.00000000  0.00006351  60.00000000  1455.47847944  0.57584601
0.00179418  49.00000000  0.00149176  60.00000000  2461.39396222  0.61057040
0.00794367  51.00000000  0.00724551  60.00000000  3050.88006438  0.64529478
0.00802055  56.00000000  0.00716772  60.00000000  2404.05331454  0.68001916
0.00276372  58.00000000  0.00276372  60.00000000  1667.21258016  0.71474355
0.01736968  57.00000000  0.01264583  60.00000000  2078.68578222  0.74946793
0.00419812  54.00000000  0.00263830  60.00000000  1411.51060277  0.78419231
0.01512466  58.00000000  0.01512466  60.00000000  2445.71410005  0.81891669
0.00107803  58.00000000  0.00107803  60.00000000  3037.93883698  0.85364108
0.01169016  58.00000000  0.01169016  60.00000000  1845.77254114  0.88836546
0.04582054  56.00000000  0.04465623  60.00000000  1860.40925980  0.92308984
0.00011047  40.00000000  0.00008552  60.00000000  3012.46260355  0.95781422
0.00008590  47.00000000  0.00007141  60.00000000  3012.42490655  0.99253861
0.00011029  40.00000000  0.00002975  60.00000000  3012.42453460  0.99000000
0.00033735  58.00000000  0.00033735  60.00000000  3012.48171178  0.99000000
0.00011029  40.00000000  0.00003471  60.00000000  3012.42453491  0.99000000
0.00011029  40.00000000  0.00003471  60.00000000  3012.42453491  0.99000000
0.00011029  40.00000000  0.00009641  60.00000000  3012.42453546  0.99000000
0.00011029  40.00000000  0.00003471  60.00000000  3012.42453491  0.99000000
0.00011029  40.00000000  0.00003969  60.00000000  3012.42453467  0.99000000
0.00011138  40.00000000  0.00003350  60.00000000  3012.64691398  0.99000000
0.00011029  40.00000000  0.00009865  60.00000000  3012.42453507  0.99000000
0.00011029  40.00000000  0.00003471  60.00000000  3012.42453491  0.99000000
0.00011029  40.00000000  0.00003471  60.00000000  3012.42453491  0.99000000
0.00011029  40.00000000  0.00003471  60.00000000  3012.42453491  0.99000000
0.00011029  40.00000000  0.00003471  60.00000000  3012.42453491  0.99000000
0.00011029  40.00000000  0.00005645  60.00000000  3012.42453519  0.99000000
0.00011029  40.00000000  0.00003471  60.00000000  3012.42453491  0.99000000
0.00019066  41.00000000  0.00003320  60.00000000  3017.51754454  0.99000000
0.00011029  40.00000000  0.00003471  60.00000000  3012.42453491  0.99000000
0.00011469  41.00000000  0.00005966  60.00000000  3012.42453565  0.99000000
0.00023607  43.00000000  0.00013925  60.00000000  3018.65414089  0.99000000
0.00011029  40.00000000  0.00003471  60.00000000  3012.42453491  0.99000000
0.00025699  49.00000000  0.00017864  60.00000000  3015.02599363  0.99000000
0.00011029  40.00000000  0.00003471  60.00000000  3012.42453491  0.99000000
0.00011029  40.00000000  0.00003471  60.00000000  3012.42453491  0.99000000
0.00012372  42.00000000  0.00005786  60.00000000  3012.42453518  0.99000000
0.01784501  58.00000000  0.01784501  60.00000000  2454.54455794  0.99000000
0.00011029  40.00000000  0.00008055  60.00000000  3012.42453508  0.99000000
0.00011029  40.00000000  0.00003471  60.00000000  3012.42453491  0.99000000
0.15119211  58.00000000  0.15119211  60.00000000  3034.53327692  0.99000000
0.00011029  40.00000000  0.00003471  60.00000000  3012.42453491  0.99000000
0.00011029  40.00000000  0.00003471  60.00000000  3012.42453491  0.99000000
0.00011029  40.00000000  0.00003471  60.00000000  3012.42453491  0.99000000
0.00022462  58.00000000  0.00022462  60.00000000  3012.47943379  0.99000000
0.03444806  58.00000000  0.03444806  60.00000000  2523.61110186  0.99000000
0.00042998  58.00000000  0.00042998  60.00000000  3028.88359746  0.99000000
0.20783797  52.00000000  0.08365929  60.00000000  3028.60749772  0.99000000
0.00011029  40.00000000  0.00003471  60.00000000  3012.42453491  0.99000000
0.00084089  58.00000000  0.00084089  60.00000000  3018.59493925  0.99000000
0.00011029  40.00000000  0.00003471  60.00000000  3012.42453491  0.99000000
0.00011029  40.00000000  0.00003471  60.00000000  3012.42453491  0.99000000
0.02441122  55.00000000  0.02427395  60.00000000  2454.63870076  0.99000000
0.00011029  40.00000000  0.00003471  60.00000000  3012.42453491  0.99000000
0.00011029  40.00000000  0.00003471  60.00000000  3012.42453491  0.99000000
0.00011029  40.00000000  0.00003471  60.00000000  3012.42453491  0.99000000
0.00011029  40.00000000  0.00003471  60.00000000  3012.42453491  0.99000000
0.00011029  40.00000000  0.00003262  60.00000000  3012.42453497  0.99000000
0.00010400  40.00000000  0.00002140  60.00000000  3013.22449152  0.99000000
0.00011029  40.00000000  0.00005231  60.00000000  3012.42453498  0.99000000
0.00011029  40.00000000  0.00003471  60.00000000  3012.42453491  0.99000000
0.00016516  43.00000000  0.00000931  60.00000000  3013.36606867  0.99000000
0.00011029  40.00000000  0.00003471  60.00000000  3012.42453491  0.99000000
0.00011029  40.00000000  0.00003471  60.00000000  3012.42453491  0.99000000
0.00011029  40.00000000  0.00003471  60.00000000  3012.42453491  0.99000000
0.00307471  58.00000000  0.00307471  60.00000000  3042.77478072  0.99000000
0.00011029  40.00000000  0.00005473  60.00000000  3012.42453503  0.99000000
0.00011029  40.00000000  0.00003471  60.00000000  3012.42453491  0.99000000
0.00011029  40.00000000  0.00003471  60.00000000  3012.42453491  0.99000000
0.00011029  40.00000000  0.00003471  60.00000000  3012.42453491  0.99000000
0.00011029  40.00000000  0.00003471  60.00000000  3012.42453491  0.99000000
0.00011029  40.00000000  0.00003471  60.00000000  3012.42453491  0.99000000
0.00035714  46.00000000  0.00008799  60.00000000  3015.44646281  0.99000000
0.00011029  40.00000000  0.00003531  60.00000000  3012.42453500  0.99000000
0.00011029  40.00000000  0.00003471  60.00000000  3012.42453491  0.99000000
0.00010188  40.00000000  0.00002457  60.00000000  3012.42582700  0.99000000
0.00011029  40.00000000  0.00003471  60.00000000  3012.42453491  0.99000000
