14 7 4 16 4 8 10 4 13 10 11 11 9 1 15 10 4 0 16 11 8 16 2 9 11 4 11 14 13 3 1 16 11 11 3 7 5 16 14 4 16 8 8 1 12 16 4 2 6 11 6 4 0 8 14 2 0 15 8 0 16 1 14 4 16 6 7 4 16 10 9 3 13 13 0 8 8 6 13 0
4 8 12 11 2 12 7 14 2 11 5 7 15 10 6 6 4 5 14 13 13 9 4 13 10 0 16 0 0 4 4 12 16 3 16 12 2 0 10 9 16 13 14 16 1 6 15 11 7 4 0 7 3 13 8 14 8 0 4 3 3 3 4 1 7 16 4 9 14 9 14 0 5 1 10 5 14 5 6 8
0 7 10 13 0 14 10 14 0 11 9 1 14 1 13 10 7 13 12 7 1 10 2 10 10 14 16 14 0 0 15 15 5 7 0 9 8 9 13 4 1 8 9 9 0 14 14 3 7 9 8 12 1 4 14 14 1 8 16 6 4 0 6 11 13 7 0 12 6 9 12 7 12 14 8 14 9 6 13 11
6 12 7 10 11 13 2 3 5 8 1 13 10 6 6 6 13 7 14 12 11 9 8 12 10 2 15 10 12 2 15 1 14 14 14 12 12 16 2 16 10 11 13 3 8 0 8 8 13 7 10 4 16 10 12 12 7 3 1 13 9 9 2 15 7 0 7 0 3 10 5 2 3 16 9 5 13 9 14 10
14 15 6 3 8 9 7 14 4 16 13 10 16 9 10 10 11 4 4 11 15 11 13 0 9 15 3 13 9 5 2 15 16 15 3 3 0 5 11 4 16 14 2 12 2 6 10 15 14 3 16 8 4 2 10 8 2 1 4 9 14 16 6 13 5 0 10 2 13 16 2 15 10 4 10 7 13 0 9 10
9 15 5 5 9 6 14 11 11 12 5 13 6 7 2 16 3 11 9 1 13 2 9 14 4 3 8 0 2 2 9 4 1 14 3 2 6 12 15 6 5 7 15 15 5 1 11 10 9 11 7 8 6 14 14 3 16 4 6 9 3 6 1 5 7 0 6 3 3 7 7 9 4 7 8 14 16 13 9 13
1 1 1 11 10 16 2 8 16 6 6 13 4 15 4 9 6 15 6 8 14 12 3 11 15 0 15 13 15 15 1 6 7 3 1 12 10 16 9 14 4 14 5 4 8 7 1 5 8 15 6 4 9 9 4 4 13 16 13 6 0 9 7 16 4 3 15 4 7 1 9 3 14 7 2 7 7 9 6 6
13 4 3 14 5 11 11 7 11 10 4 15 6 1 15 7 2 7 3 6 15 5 15 11 7 7 10 2 7 15 6 11 8 1 8 5 16 2 4 5 3 8 9 6 4 3 13 0 5 13 0 15 4 14 0 10 2 7 8 0 10 16 6 5 5 6 9 10 12 2 10 12 12 3 3 3 2 11 12 7
1 16 6 3 1 11 3 14 9 5 8 7 10 16 10 9 2 10 7 7 6 7 1 5 4 9 5 6 5 0 0 11 14 3 12 16 12 10 4 13 7 16 0 6 3 14 10 14 9 1 2 3 13 12 6 7 14 3 0 16 1 6 0 0 16 2 4 9 0 16 16 10 4 0 8 8 13 1 6 1
4 2 2 1 13 6 5 14 6 0 13 6 2 6 15 5 13 13 2 15 10 6 5 2 4 9 15 12 14 1 1 11 4 15 13 0 1 13 9 12 7 3 12 4 7 16 12 0 15 6 2 5 8 14 14 1 1 15 14 8 6 8 9 16 15 3 15 1 12 10 11 8 10 11 8 11 10 15 14 16
