# Results obtained using DQN. CPU time: 15.598643779754639
0.01062709  78.00000000  0.01062709  80.00000000  2741.26984834  0.00000000
0.00014302  74.00000000  0.00009133  80.00000000  1692.27197309  0.00000000
0.00045114  60.00000000  0.00017459  80.00000000  1796.35447524  0.00000000
0.00163738  78.00000000  0.00163738  80.00000000  1992.07237463  0.00000000
0.00019890  78.00000000  0.00019890  80.00000000  1617.26431407  0.00000000
0.00057354  57.00000000  0.00015923  80.00000000  2518.55128284  0.00000000
0.00099434  73.00000000  0.00032328  80.00000000  2561.02375804  0.00018947
0.00143279  67.00000000  0.00035513  80.00000000  2454.76960781  0.00046506
0.00055774  75.00000000  0.00045791  80.00000000  1584.61268793  0.00074065
0.00026817  78.00000000  0.00026817  80.00000000  2251.94411239  0.00101624
0.00321723  74.00000000  0.00078309  80.00000000  2641.60236158  0.00129183
0.00021604  78.00000000  0.00021604  80.00000000  1269.48072853  0.00156742
0.00115501  68.00000000  0.00046935  80.00000000  3348.97611264  0.00184301
0.00010812  78.00000000  0.00010812  80.00000000  1719.77506464  0.00211860
0.00030886  71.00000000  0.00025181  80.00000000  2010.49063504  0.00239420
0.00062545  55.00000000  0.00030900  80.00000000  2128.89272410  0.00266979
0.06887322  78.00000000  0.06887322  80.00000000  1661.05568050  0.00294538
0.00020664  78.00000000  0.00020664  80.00000000  1397.75300668  0.00322097
0.00018788  78.00000000  0.00018788  80.00000000  2190.04678387  0.00349656
0.00076453  78.00000000  0.00076453  80.00000000  1750.29242022  0.00377215
0.00017894  65.00000000  0.00010752  80.00000000  1804.12892618  0.00404774
0.00187408  74.00000000  0.00066568  80.00000000  3026.37770865  0.00432333
0.00177108  78.00000000  0.00177108  80.00000000  2398.84802162  0.00459892
0.00175533  78.00000000  0.00175533  80.00000000  1979.67505028  0.00487451
0.01554446  78.00000000  0.01554446  80.00000000  1575.71037308  0.00515010
0.00066438  78.00000000  0.00066438  80.00000000  1734.52718682  0.00542569
0.00044973  68.00000000  0.00009882  80.00000000  1712.40946606  0.00570129
0.00000547  70.00000000  0.00000368  80.00000000  1351.95810132  0.00597688
0.00316531  75.00000000  0.00057745  80.00000000  2607.19537345  0.00625247
0.00050489  78.00000000  0.00050489  80.00000000  2101.77596241  0.00652806
0.00017091  70.00000000  0.00002616  80.00000000  1462.02452243  0.00680365
0.00268909  69.00000000  0.00156888  80.00000000  2732.16054362  0.00707924
0.00137805  78.00000000  0.00137805  80.00000000  2148.56472196  0.00735483
0.00033965  76.00000000  0.00028846  80.00000000  1644.01616721  0.00763042
0.00087027  78.00000000  0.00087027  80.00000000  2199.86648602  0.00790601
0.00292873  78.00000000  0.00292873  80.00000000  1651.65360845  0.00818160
0.02026940  77.00000000  0.01627037  80.00000000  1542.07957010  0.00845719
0.00121641  70.00000000  0.00084825  80.00000000  1852.12790211  0.00873278
0.00102996  78.00000000  0.00102996  80.00000000  1994.54853906  0.00900838
0.00167919  74.00000000  0.00123425  80.00000000  1864.05730008  0.00928397
0.00295373  78.00000000  0.00295373  80.00000000  2924.33100170  0.00955956
0.00177149  70.00000000  0.00054989  80.00000000  2203.68269959  0.00983515
0.03535644  75.00000000  0.01267238  80.00000000  3253.64528450  0.01011074
0.00006285  77.00000000  0.00003058  80.00000000  1496.14561483  0.01038633
0.00184287  78.00000000  0.00184287  80.00000000  1918.41690276  0.01066192
0.01103682  77.00000000  0.01082641  80.00000000  2620.73643096  0.01093751
0.00075424  78.00000000  0.00075424  80.00000000  2692.35275117  0.01121310
0.00017122  69.00000000  0.00005695  80.00000000  1590.41226213  0.01148869
0.00012529  77.00000000  0.00008287  80.00000000  1884.25479629  0.01176428
0.00483913  76.00000000  0.00170124  80.00000000  1998.04058504  0.01203988
0.00016518  78.00000000  0.00016518  80.00000000  1524.97436383  0.01231547
0.00078761  66.00000000  0.00032648  80.00000000  1343.95894172  0.01259106
0.00027048  69.00000000  0.00023946  80.00000000  2060.41540688  0.01286665
0.01255887  78.00000000  0.01255887  80.00000000  1594.22094858  0.01314224
0.00315510  70.00000000  0.00125006  80.00000000  1784.26352729  0.01341783
0.00005838  72.00000000  0.00003623  80.00000000  2178.51508933  0.01369342
0.02515862  70.00000000  0.00532253  80.00000000  3815.35265055  0.01396901
0.01004415  60.00000000  0.00446846  80.00000000  2949.61917914  0.01424460
0.01035301  73.00000000  0.00647337  80.00000000  2328.03768308  0.01452019
0.00018050  62.00000000  0.00000514  80.00000000  1819.47322773  0.01479578
0.00017792  78.00000000  0.00017792  80.00000000  2336.45805928  0.01507137
0.00258727  68.00000000  0.00090412  80.00000000  1929.98847830  0.01534697
0.00222544  78.00000000  0.00222544  80.00000000  2057.82962785  0.01562256
0.00008078  73.00000000  0.00002940  80.00000000  1280.49405539  0.01589815
0.00032138  78.00000000  0.00032138  80.00000000  2471.97584010  0.01617374
0.00063447  78.00000000  0.00063447  80.00000000  2579.94911481  0.01644933
0.00064907  72.00000000  0.00030147  80.00000000  2079.00959459  0.01672492
0.00514781  78.00000000  0.00514781  80.00000000  2138.78259672  0.01700051
0.00019082  76.00000000  0.00008785  80.00000000  1537.83156675  0.01727610
0.00374108  60.00000000  0.00184370  80.00000000  2785.48701867  0.01755169
0.00063952  66.00000000  0.00046807  80.00000000  2149.73228173  0.01782728
0.00049236  74.00000000  0.00043321  80.00000000  2029.25390196  0.01810287
0.00017648  78.00000000  0.00017648  80.00000000  1839.32453357  0.01837846
0.00080113  71.00000000  0.00016521  80.00000000  2606.20052102  0.01865406
0.00403559  78.00000000  0.00403559  80.00000000  3464.25539523  0.01892965
0.05161204  78.00000000  0.05161204  80.00000000  2620.33359367  0.01920524
0.00043015  70.00000000  0.00015221  80.00000000  1522.83486957  0.01948083
0.00040221  68.00000000  0.00009068  80.00000000  1669.86333592  0.01975642
0.00015407  77.00000000  0.00015402  80.00000000  1694.08236321  0.02003201
0.00044299  78.00000000  0.00044299  80.00000000  1528.32472193  0.02030760
0.00003721  73.00000000  0.00002175  80.00000000  1379.38400054  0.02058319
0.00794836  78.00000000  0.00794836  80.00000000  3034.93398825  0.02085878
0.00036122  78.00000000  0.00036122  80.00000000  1371.41165818  0.02113437
0.00302661  78.00000000  0.00302661  80.00000000  1746.94677337  0.02140996
0.00059031  78.00000000  0.00059031  80.00000000  1599.86725186  0.02168555
0.00315304  66.00000000  0.00168759  80.00000000  1583.01653455  0.02196115
0.00775454  76.00000000  0.00620822  80.00000000  2792.06219907  0.02223674
0.00078682  70.00000000  0.00004937  80.00000000  1952.67694474  0.02251233
0.01185453  75.00000000  0.00853306  80.00000000  2686.61852018  0.02278792
0.00112920  74.00000000  0.00035900  80.00000000  2312.64391827  0.02306351
0.00015709  73.00000000  0.00015007  80.00000000  1270.81844297  0.02333910
0.00066068  78.00000000  0.00066068  80.00000000  2184.94948796  0.02361469
0.00012308  69.00000000  0.00008631  80.00000000  1618.92438413  0.02389028
0.00912175  69.00000000  0.00139211  80.00000000  2371.22656834  0.02416587
0.00007154  73.00000000  0.00002597  80.00000000  1638.89256963  0.02444146
0.00427859  73.00000000  0.00416993  80.00000000  1866.88853093  0.02471705
0.00178993  78.00000000  0.00178993  80.00000000  1668.54093684  0.02499265
0.00026002  76.00000000  0.00019470  80.00000000  1339.83021601  0.02526824
0.00036848  77.00000000  0.00036263  80.00000000  2403.93723406  0.02554383
0.00036015  73.00000000  0.00003311  80.00000000  1518.55546560  0.02581942
0.00011474  72.00000000  0.00007475  80.00000000  2289.72933233  0.02609501
