6
20
28
30
15
12
34
29
10
36
19
30
24
16
9
22
9
20
36
1
1
10
1
1
24
11
25
2
2
21
19
2
2
0
3
3
13
31
32
20
1
4
4
29
22
22
5
28
5
1
21
21
6
16
6
34
17
27
7
26
0
7
2
24
32
8
27
28
19
19
19
9
34
29
27
20
10
20
4
10
27
21
21
11
28
34
29
1
22
33
12
30
13
4
23
13
24
36
32
31
14
3
36
25
30
34
31
6
4
16
26
7
5
3
17
27
36
13
2
17
18
18
28
18
7
5
10
19
36
19
3
9
7
30
35
20
34
16
12
31
2
7
6
16
18
22
32
4
36
2
33
16
13
1
24
0
3
34
10
15
24
6
10
0
35
3
7
20
36
20
1
8
4
36
6
1
8
28
5
1
21
5
6
16
8
4
29
7
7
16
0
7
7
36
1
35
6
28
35
3
35
35
35
21
36
11
36
27
36
21
35
32
32
35
7
34
36
36
22
22
36
30
36
23
36
15
35
35
32
35
35
27
33
35
35
30
31
36
4
16
26
36
34
36
17
35
0
29
36
17
17
35
35
18
2
15
35
12
36
19
