7
13
20
30
15
30
8
7
9
31
19
35
22
14
19
17
15
22
15
0
1
18
1
31
19
17
36
34
2
2
32
15
13
13
3
3
14
13
13
26
26
4
4
0
14
26
5
5
4
5
23
23
4
16
6
30
0
34
1
17
7
24
24
24
18
18
36
18
30
33
9
27
27
35
20
6
10
4
9
6
35
21
11
33
30
36
31
22
12
30
28
30
36
23
13
29
35
24
14
24
4
14
30
36
25
5
15
26
32
3
6
26
16
36
27
10
10
17
33
28
4
33
28
29
18
19
19
19
29
3
5
0
20
30
2
36
7
13
36
31
12
22
22
22
32
13
15
22
15
0
33
18
18
6
23
0
24
34
2
16
25
19
13
13
8
35
26
13
9
26
36
4
4
27
14
7
19
14
28
19
20
0
4
28
22
2
7
18
13
17
2
16
25
36
35
31
36
36
36
33
35
31
27
35
33
35
35
33
35
35
35
36
26
36
33
36
31
35
33
35
31
30
35
35
31
35
35
32
32
35
34
35
6
36
36
35
31
35
34
35
6
32
35
36
36
10
36
34
35
27
4
35
18
35
20
19
33
21
6
30
