32
8
6
20
8
9
10
14
17
20
13
15
22
35
35
22
15
22
9
0
1
23
1
10
15
17
1
2
25
2
1
21
21
24
3
35
3
13
0
19
20
4
36
14
27
29
5
0
25
5
1
22
16
6
28
1
29
27
23
17
7
4
25
29
36
30
8
33
18
28
25
33
9
36
0
20
10
2
36
10
21
1
11
29
1
8
11
12
22
12
12
8
8
4
23
6
29
14
24
7
14
34
32
36
36
25
15
31
34
26
1
10
16
11
1
2
33
17
33
7
4
8
28
2
18
13
19
2
12
29
19
13
15
20
34
11
13
14
36
31
21
15
22
8
35
22
15
22
17
0
33
14
5
9
11
34
1
2
25
9
25
6
21
12
5
35
14
13
3
16
20
36
14
27
2
9
5
0
25
5
27
5
10
9
19
1
10
7
31
31
2
22
8
19
36
30
35
33
35
34
36
33
36
36
21
33
36
36
35
33
36
27
35
35
30
8
35
35
10
35
35
27
33
25
35
35
13
25
36
35
36
11
36
36
29
35
25
33
35
7
29
31
35
34
1
35
12
11
35
7
8
35
25
35
18
19
35
36
36
11
