33
19
6
8
14
36
7
29
13
21
21
35
21
18
22
13
36
17
1
0
1
1
23
19
15
31
17
2
2
23
12
12
1
3
3
3
2
3
34
13
4
14
4
28
1
29
15
5
15
15
29
22
6
6
6
33
6
16
32
35
17
7
18
27
8
26
25
2
8
4
9
36
19
2
4
36
10
7
20
10
21
35
6
11
1
35
7
22
12
23
35
30
32
13
4
23
35
35
13
14
34
6
24
25
35
15
15
35
35
15
16
31
26
28
16
27
7
17
12
36
35
28
8
10
28
34
30
7
3
36
5
20
6
8
20
6
7
0
11
11
31
36
36
12
22
36
36
32
0
33
22
1
36
14
15
24
2
7
5
34
12
12
35
3
18
25
20
16
36
17
15
13
5
28
18
28
15
21
4
15
22
4
6
6
6
12
6
16
26
25
32
22
34
34
10
33
36
33
36
28
23
25
19
33
35
36
35
33
35
10
21
35
35
35
35
35
24
14
35
12
35
30
34
36
13
36
35
35
13
35
34
31
35
15
35
15
27
35
35
3
22
8
35
10
35
27
7
36
35
35
35
28
35
32
26
35
28
19
35
9
