35
10
9
27
34
8
17
19
35
13
14
20
0
29
8
12
13
36
14
1
1
20
1
1
11
27
24
2
25
1
2
1
12
19
3
19
1
3
27
23
4
22
14
4
15
25
15
5
1
0
25
16
2
16
6
32
0
23
26
31
7
3
1
26
26
8
18
25
0
19
33
9
33
20
34
33
10
33
10
21
21
22
6
11
21
3
4
7
12
36
8
8
36
36
1
13
33
36
14
36
5
14
3
35
15
1
15
26
36
33
2
35
27
36
8
17
33
28
17
5
33
18
8
13
29
5
36
3
30
19
35
35
7
20
11
10
20
11
35
9
10
32
36
20
8
12
36
36
14
36
16
11
1
23
34
12
24
18
25
2
35
12
12
19
3
26
36
1
13
23
12
1
0
28
28
12
10
19
28
16
20
1
2
18
30
30
19
5
13
31
7
36
0
36
18
23
36
33
0
31
9
4
34
36
7
35
35
33
35
36
35
35
6
36
28
36
33
36
15
36
6
8
36
25
32
36
23
36
35
36
35
35
28
35
35
33
35
26
35
31
31
35
8
36
8
31
35
28
29
35
33
18
0
34
19
36
36
8
30
35
