36
11
25
12
20
30
33
20
9
14
31
16
8
0
21
32
9
33
1
1
18
1
33
11
36
17
0
23
2
32
34
17
18
12
3
1
32
35
13
23
4
19
4
1
24
27
5
4
5
0
26
15
1
6
24
2
26
6
3
29
7
24
18
24
18
8
26
18
31
34
9
35
19
9
3
34
20
10
35
20
34
11
21
32
11
22
34
22
12
32
22
12
27
23
29
33
13
24
24
28
14
24
4
5
36
36
29
15
34
16
26
4
36
34
16
2
17
27
17
7
17
18
28
8
18
29
0
3
4
7
36
11
20
33
20
30
33
20
34
9
31
14
21
2
13
32
17
6
1
23
18
3
33
3
24
17
14
34
24
20
34
2
6
0
35
35
7
35
13
23
4
36
27
21
36
12
5
4
28
20
27
8
25
12
24
2
26
6
6
29
7
1
22
28
20
8
35
17
33
35
9
35
29
35
35
34
36
36
35
35
35
10
35
32
33
35
33
16
35
25
29
12
35
11
35
0
23
35
20
35
7
35
34
36
36
34
28
35
9
35
36
35
36
13
35
14
35
33
36
35
4
35
28
14
35
32
1
36
35
35
