7
14
30
0
25
15
10
16
21
31
35
17
32
9
32
9
16
17
9
1
30
1
31
20
11
10
16
2
22
16
2
0
1
26
24
3
36
21
20
36
32
30
4
25
23
2
5
36
28
5
15
32
6
3
23
6
33
29
26
7
26
17
30
31
27
8
18
19
3
27
4
5
9
33
32
30
33
32
1
21
30
11
10
31
11
36
2
22
2
3
34
33
12
13
35
23
35
6
14
29
25
24
14
1
9
15
8
9
7
8
31
36
16
32
36
2
5
32
2
1
17
13
7
4
29
11
35
13
19
12
20
5
30
15
5
15
20
8
21
31
33
2
13
13
32
13
16
11
9
1
8
1
23
3
11
10
16
11
16
16
2
0
13
14
13
6
36
21
27
36
8
36
22
28
14
22
12
12
28
18
15
18
16
10
22
6
2
5
23
7
14
17
30
20
36
35
35
33
20
6
36
33
30
28
36
14
26
33
25
23
36
31
35
35
35
36
36
35
36
35
35
30
35
27
35
32
35
31
35
26
35
35
18
35
18
35
0
30
35
35
14
36
28
9
36
2
36
36
5
35
17
13
35
14
0
33
35
4
19
12
