28
6
20
14
10
20
12
17
11
16
31
23
22
24
28
9
0
33
22
1
10
1
23
31
16
35
34
2
29
19
2
13
23
3
3
3
29
3
0
1
4
4
14
4
14
32
5
5
15
5
0
16
6
16
6
16
35
1
17
7
17
27
1
18
7
8
4
25
2
19
31
5
9
20
5
10
20
6
10
34
21
11
11
11
11
30
22
12
0
12
0
23
32
13
9
24
13
9
29
24
14
7
34
35
15
15
15
0
35
26
34
16
1
7
33
1
17
35
35
9
17
28
29
34
1
10
18
33
3
19
30
6
20
7
30
20
0
10
11
12
12
2
22
32
22
18
0
12
22
13
33
14
13
24
0
8
34
11
24
10
20
16
16
26
35
26
26
3
3
6
36
20
10
27
20
0
5
10
22
24
7
16
6
29
6
16
3
24
24
25
30
25
1
36
7
35
22
33
35
2
31
33
33
35
21
29
14
6
35
15
34
11
35
11
35
36
36
33
4
36
26
36
29
30
36
14
36
25
32
36
36
7
34
36
36
26
15
34
35
9
9
35
36
35
32
35
34
35
35
12
7
36
29
34
36
26
33
33
36
19
