15
21
26
43
40
33
14
40
58
10
42
1
1
62
16
2
2
31
31
3
3
15
0
4
4
42
16
5
5
61
6
6
19
7
7
31
20
8
51
9
37
9
8
10
10
6
24
11
7
11
12
24
13
3
25
14
8
10
14
15
15
55
8
16
28
36
17
18
18
49
18
19
32
2
19
14
20
21
8
22
22
34
14
55
36
24
17
24
23
25
10
25
26
26
39
11
57
27
28
11
2
28
60
56
18
30
43
23
29
53
31
32
33
59
9
46
47
34
34
48
35
54
23
28
7
37
59
37
0
31
51
27
26
64
40
33
60
60
56
28
42
34
55
62
64
63
57
45
21
3
1
45
59
60
47
63
63
3
62
61
49
62
64
15
63
50
63
49
51
8
37
9
31
53
10
45
18
55
7
55
55
64
13
3
42
63
8
59
59
61
63
55
47
63
63
63
63
63
63
63
61
63
63
61
63
45
63
63
55
63
39
63
63
55
63
61
63
63
28
24
64
51
59
57
63
63
57
49
28
45
62
12
63
57
62
60
60
63
19
56
11
63
28
57
60
14
47
20
34
63
61
54
22
60
2
53
0
13
61
64
6
