45
18
61
8
9
31
29
61
8
60
40
51
62
41
42
1
1
55
53
37
2
58
2
2
13
33
45
3
33
25
16
4
4
42
57
4
5
39
5
27
18
6
33
6
46
43
7
50
0
38
8
19
20
8
9
20
5
51
10
10
10
9
2
48
11
56
32
7
40
12
5
45
51
37
13
6
2
26
26
14
27
37
27
35
27
61
16
13
63
17
38
40
30
18
39
45
1
18
19
44
19
55
0
20
57
15
9
34
34
21
64
11
56
34
35
44
61
59
0
64
24
64
2
25
7
38
25
10
3
26
51
21
9
14
15
28
54
41
54
28
64
55
29
7
59
0
43
64
62
61
44
57
9
32
13
18
26
0
63
2
59
46
47
62
35
13
61
12
35
63
16
7
4
12
28
64
50
12
2
38
7
51
18
61
21
20
31
40
30
8
30
6
4
23
62
35
1
35
55
56
15
63
44
15
35
13
8
45
16
5
62
16
14
3
59
27
1
9
18
64
27
25
6
61
49
62
18
31
50
7
5
3
13
29
63
14
63
5
64
24
10
4
46
22
36
12
0
32
42
9
12
33
45
51
50
41
6
52
57
64
59
63
32
27
63
59
61
13
57
63
1
47
63
62
63
54
22
59
63
63
53
5
64
64
23
64
64
62
59
46
61
63
63
56
15
48
14
64
64
26
64
46
64
64
57
48
19
50
63
20
63
10
21
43
64
15
29
5
57
29
62
64
57
62
22
60
58
45
37
62
27
62
60
64
32
42
58
26
0
63
2
59
10
47
63
22
60
61
12
26
63
60
7
62
50
25
64
64
11
2
14
45
