27
39
20
35
52
25
26
20
23
9
15
58
38
30
41
1
1
11
22
14
20
2
26
2
31
32
49
60
3
1
39
15
4
63
37
27
5
16
5
2
39
49
6
17
38
3
7
21
52
48
1
8
20
21
29
9
21
22
44
60
10
47
41
49
46
1
11
61
60
26
24
25
39
13
50
41
34
26
14
26
62
15
6
37
58
50
16
31
40
29
30
32
17
50
64
18
55
33
32
10
19
11
20
32
49
1
60
20
47
43
21
34
63
9
58
35
23
43
1
54
24
4
60
37
59
51
51
26
20
39
11
60
49
13
26
40
57
17
2
28
29
0
51
4
56
56
4
43
5
2
31
44
20
55
20
12
33
0
2
47
46
34
23
34
62
10
64
14
3
61
9
63
49
37
26
37
64
38
59
60
38
38
29
33
53
52
62
11
40
58
9
3
14
29
8
23
1
43
60
16
43
13
57
7
14
17
32
15
61
3
46
64
15
37
63
37
27
4
19
36
64
19
25
22
17
39
41
7
21
9
51
24
8
9
6
27
39
21
23
44
42
10
3
41
23
30
21
7
46
45
37
37
58
39
58
37
60
8
60
62
62
56
64
56
64
58
60
26
58
62
64
64
64
60
64
64
58
1
64
21
59
63
11
63
6
63
64
60
15
47
63
63
27
63
64
64
1
64
1
64
62
64
51
60
26
59
63
63
61
53
57
21
63
62
63
57
63
8
62
12
20
60
20
63
4
63
15
12
61
58
59
63
42
63
55
20
32
5
63
22
14
45
34
12
64
62
62
64
41
3
22
42
64
49
27
23
37
64
38
59
55
61
