23
8
53
48
53
15
55
24
54
53
0
28
26
38
1
12
1
60
28
58
2
35
2
21
43
14
31
3
62
57
14
4
20
4
41
24
5
2
5
62
35
6
34
6
2
7
57
48
7
3
8
43
8
20
64
20
9
20
46
36
49
10
58
11
45
6
11
37
24
12
24
7
13
56
27
36
55
14
14
9
62
37
27
52
11
16
45
49
36
16
29
17
1
55
18
30
39
4
47
53
19
55
60
32
40
59
5
21
34
52
52
45
22
58
57
35
35
15
52
23
6
24
52
17
17
1
18
38
61
40
26
20
39
56
51
16
59
28
55
29
64
41
58
29
42
57
30
7
24
24
12
17
53
32
16
60
25
50
33
46
46
62
47
61
1
61
35
63
22
14
49
61
9
62
14
50
18
64
5
38
51
23
61
2
0
22
40
21
1
54
53
57
9
26
54
22
3
5
34
62
56
24
15
2
19
58
28
64
0
27
60
17
21
25
0
45
33
4
34
23
5
35
15
36
6
64
7
37
64
7
7
13
43
35
1
36
20
13
20
20
38
49
49
8
9
37
47
42
46
28
17
13
51
34
56
27
43
55
59
0
61
61
64
63
59
61
63
45
61
59
12
44
63
62
55
44
63
63
63
54
63
50
63
60
63
40
63
63
60
55
52
63
63
61
60
60
42
26
63
51
63
6
42
57
47
17
46
63
61
63
40
54
62
53
63
61
63
63
4
58
29
64
64
30
63
0
5
46
55
53
2
63
63
53
55
59
17
60
57
10
46
46
64
64
43
26
61
41
63
63
58
61
22
64
62
14
42
1
64
14
38
51
