30
38
61
40
0
21
32
61
28
45
23
16
12
15
57
1
1
56
12
49
18
2
34
2
33
38
3
1
3
28
14
14
4
18
16
40
41
5
34
44
25
6
62
18
4
4
7
1
51
43
8
8
32
8
48
21
21
9
5
4
10
0
23
35
11
8
38
41
4
4
12
25
3
13
26
51
56
5
52
7
14
15
57
57
59
5
6
16
7
2
30
17
61
13
62
5
18
2
31
3
63
19
63
20
61
61
33
45
21
56
58
22
35
22
22
35
3
23
58
61
37
24
63
58
25
51
16
2
14
39
1
62
27
15
40
10
7
41
11
23
29
14
54
58
19
56
43
30
63
31
64
44
44
32
9
55
64
46
33
27
26
20
34
57
58
48
35
58
63
14
49
28
10
28
50
37
50
10
38
18
18
30
1
52
18
61
64
64
61
63
54
61
16
41
42
12
55
43
56
43
43
21
2
58
44
57
25
12
26
31
60
14
14
46
64
63
26
60
64
28
32
30
61
49
63
64
15
40
62
35
24
8
34
51
46
5
44
4
9
45
37
21
0
48
31
54
8
55
10
37
4
12
39
37
1
26
64
56
5
63
12
61
59
57
63
59
48
4
1
63
63
6
63
63
52
63
60
58
63
63
64
63
63
63
63
61
59
33
57
63
63
58
61
39
58
24
64
3
58
64
61
64
9
62
58
64
56
9
64
60
64
1
62
27
63
63
24
41
41
51
60
26
63
56
38
61
56
57
30
63
50
32
23
59
60
62
64
64
46
33
59
50
57
59
57
22
48
46
26
63
61
2
43
11
39
63
37
50
10
38
64
24
