64
9
48
37
42
61
55
26
41
44
23
23
35
61
23
37
1
1
46
31
36
2
2
35
2
3
3
3
31
32
59
53
4
29
60
64
5
29
62
28
55
17
6
42
63
7
18
3
62
7
34
8
3
30
46
9
31
47
4
32
22
23
10
28
11
52
46
2
35
12
6
55
60
1
41
61
60
26
63
14
15
54
27
15
28
16
53
16
61
6
17
29
46
62
7
30
18
43
3
8
5
32
43
20
55
51
51
21
54
34
35
0
22
8
49
58
23
12
8
24
54
24
20
5
25
64
39
23
26
22
25
24
17
53
56
11
28
27
64
57
29
42
0
58
17
30
59
64
29
30
29
63
12
30
4
1
6
33
62
7
33
13
31
34
9
64
27
52
52
10
53
53
4
29
37
9
19
29
35
55
15
8
39
15
19
56
15
64
33
41
28
64
23
20
42
23
37
2
16
59
61
44
36
63
35
60
16
28
0
4
32
13
28
0
62
21
64
34
29
62
7
64
17
6
30
63
7
18
3
30
7
16
20
18
30
9
42
48
47
46
32
28
50
54
28
53
52
44
2
14
12
36
15
57
17
41
24
27
30
64
61
61
54
57
63
61
59
30
29
61
37
39
63
0
62
58
63
58
63
3
63
5
19
63
44
63
63
54
64
64
34
64
58
22
63
63
58
19
12
63
63
64
62
62
64
52
64
58
64
23
62
63
55
45
61
64
64
62
18
64
62
51
63
63
62
17
34
62
64
64
30
29
63
62
63
60
3
63
33
56
7
53
60
20
31
9
64
62
0
47
46
4
64
10
44
37
27
59
14
35
63
28
