10
0
54
40
62
27
59
14
8
29
52
62
63
15
1
55
56
1
43
21
2
20
60
2
17
15
58
3
14
26
29
4
29
4
64
55
48
17
40
5
6
61
19
6
19
27
46
7
4
2
3
21
54
8
9
21
32
9
46
42
22
10
25
39
42
11
30
60
0
7
35
25
25
36
13
51
26
14
41
53
10
28
15
46
1
47
59
58
16
51
30
17
64
31
2
2
31
59
19
4
3
8
33
20
59
33
50
0
62
56
22
15
64
22
36
16
15
23
50
17
24
37
18
8
25
62
10
9
58
39
53
7
1
20
27
9
28
41
3
62
54
62
17
43
64
1
56
8
31
17
31
24
56
16
6
57
33
49
46
33
62
10
7
56
35
50
55
48
49
58
36
62
11
37
51
52
16
4
38
53
12
10
0
54
40
62
40
59
55
33
20
54
62
63
57
22
55
56
25
43
42
8
15
36
30
17
15
58
9
18
18
16
59
25
4
18
48
64
24
40
48
26
61
49
6
8
11
9
14
63
29
19
21
64
33
24
34
31
9
46
21
17
9
45
12
18
37
5
38
0
18
55
25
25
27
41
51
26
16
41
63
59
64
63
61
61
59
63
26
38
30
15
59
63
57
2
63
63
20
63
13
63
56
55
63
58
63
39
58
63
63
63
63
63
60
63
53
58
62
60
63
62
37
48
63
7
62
62
21
20
63
51
62
53
62
27
9
62
63
42
47
62
62
55
55
63
1
59
24
15
63
43
54
56
52
62
64
5
49
62
41
62
54
7
34
31
11
62
40
49
50
36
62
62
64
20
9
53
17
57
53
36
