37
35
26
29
30
40
56
48
46
28
56
55
42
13
45
1
63
1
12
16
43
33
2
50
31
45
51
3
43
34
15
1
46
4
52
1
5
16
48
18
25
6
3
6
26
18
7
28
3
45
52
8
0
49
60
9
29
20
1
61
10
3
4
4
3
11
53
5
12
55
12
55
45
13
44
13
26
14
12
14
27
13
49
6
13
14
29
50
16
17
53
15
3
18
15
30
44
47
10
2
62
10
19
20
12
33
13
64
21
2
16
51
12
60
56
36
4
37
6
3
56
64
24
43
60
12
55
48
47
9
8
15
27
49
60
18
4
49
28
18
63
9
42
3
30
14
43
16
16
31
60
1
52
56
17
21
46
45
61
13
8
33
52
24
61
10
24
11
36
2
30
8
21
36
37
61
62
14
27
30
64
11
4
26
57
11
63
56
63
27
9
56
55
42
54
62
15
63
30
62
16
44
33
22
59
4
45
27
60
39
34
46
31
16
32
60
1
5
24
48
18
6
6
3
48
3
38
40
28
63
8
26
8
64
44
21
44
34
24
18
41
50
44
21
43
54
11
39
39
12
26
12
50
7
44
53
24
26
7
64
61
63
13
61
59
61
63
8
50
10
17
59
63
50
63
63
63
60
63
63
57
63
58
15
63
63
61
55
64
55
63
16
63
57
64
63
63
14
15
63
17
60
64
60
62
60
62
64
62
53
60
62
64
42
62
52
8
55
60
61
58
63
57
18
53
59
15
61
61
56
31
60
1
53
64
61
61
60
45
61
13
15
33
31
61
61
10
47
63
7
26
30
59
5
8
7
61
61
17
27
30
64
