15
6
35
61
11
40
20
28
0
16
26
62
23
38
50
64
30
1
36
47
2
19
37
2
25
20
45
3
54
30
1
63
47
4
30
26
17
5
25
46
18
61
6
27
52
52
7
1
39
3
36
8
45
4
4
36
3
9
39
10
22
61
34
32
63
11
33
38
24
12
24
25
6
34
39
13
44
49
61
14
63
28
59
28
48
38
2
16
11
50
30
62
49
1
52
18
12
8
32
7
19
32
1
56
13
53
46
21
34
49
5
22
63
50
57
63
23
60
43
46
24
37
38
5
48
4
38
26
11
26
61
26
40
24
24
24
28
2
41
28
22
57
0
60
29
11
9
43
9
31
63
0
63
32
11
53
58
63
3
8
14
62
19
64
48
6
35
59
49
20
55
7
37
58
37
37
55
14
51
21
18
6
6
13
61
52
40
14
10
14
15
26
62
23
42
61
13
43
1
0
63
43
28
29
57
64
1
3
23
22
29
0
63
15
28
30
46
62
5
20
13
18
61
45
27
29
18
26
63
51
64
23
30
34
4
4
20
43
38
20
34
22
16
31
34
3
30
5
55
19
18
41
22
30
34
35
55
44
64
61
61
63
61
51
59
61
63
35
35
59
50
63
14
30
63
17
63
12
60
21
63
43
32
60
63
51
20
63
49
34
60
62
62
61
54
63
63
60
60
61
58
6
16
51
64
59
64
38
64
14
45
64
24
40
10
27
24
63
61
23
63
52
61
50
58
58
55
64
29
55
31
63
48
63
9
12
60
58
63
64
5
14
62
15
64
14
6
4
29
61
20
61
63
61
0
63
59
22
53
44
63
34
