45
31
13
27
55
34
62
49
24
39
56
50
47
38
50
57
1
1
58
20
49
50
30
2
22
21
28
3
41
29
27
43
4
1
32
1
64
38
5
64
38
19
6
25
36
18
7
40
44
5
20
8
52
6
5
9
9
7
21
3
9
8
10
9
11
9
42
32
46
9
12
26
13
5
45
28
5
55
14
11
27
4
35
15
59
28
7
16
63
51
30
9
57
18
9
18
42
33
2
64
19
7
20
45
45
57
34
3
21
1
58
22
3
52
35
61
63
62
47
23
48
37
46
37
25
4
6
20
52
39
56
27
16
5
7
27
64
28
58
55
29
51
0
8
18
51
4
11
31
30
8
47
47
54
45
47
2
22
55
33
0
3
11
23
34
16
35
25
58
36
2
21
27
63
9
37
51
54
6
8
53
39
30
39
55
55
33
0
16
33
55
56
2
62
35
42
57
57
1
58
64
17
62
64
58
59
63
28
45
41
27
8
7
64
46
32
47
64
37
43
64
44
19
28
62
11
63
7
27
38
42
36
44
64
46
52
43
7
24
21
32
44
26
54
25
23
54
52
32
56
54
56
52
13
2
64
19
50
63
61
59
54
61
61
63
59
59
32
57
63
63
63
9
17
63
9
63
0
59
57
63
63
62
63
63
62
60
63
6
63
62
20
14
63
22
63
63
63
63
63
47
48
62
64
64
62
59
61
7
46
39
15
63
59
62
7
58
10
62
53
55
63
60
60
8
8
17
4
63
26
63
3
59
32
63
45
60
50
22
55
33
54
1
61
63
37
46
35
25
58
42
2
4
64
2
33
37
45
54
6
13
64
