24
7
21
0
21
11
13
22
7
12
12
8
0
8
22
0
1
1
15
1
1
1
10
0
2
11
1
1
1
11
3
2
1
12
2
12
4
13
3
0
13
5
21
5
15
1
6
6
6
15
1
7
23
7
23
23
7
8
17
1
8
7
6
9
18
2
22
23
23
19
3
6
11
20
11
20
11
9
21
9
21
21
13
9
9
22
13
14
23
8
23
8
23
5
15
8
13
14
24
10
4
17
16
17
15
9
3
16
1
10
12
12
4
1
15
11
20
8
23
22
22
23
6
6
7
23
20
23
23
23
23
23
23
23
23
23
23
7
22
23
20
20
22
3
23
19
3
7
11
23
2
20
