19
17
20
30
0
0
23
34
0
21
14
15
1
1
10
1
23
2
2
21
12
3
3
22
3
22
4
2
15
15
5
16
15
35
6
0
34
17
7
17
2
8
24
33
19
9
35
1
9
20
36
10
11
21
8
5
32
12
35
13
23
24
29
14
1
25
6
36
15
36
26
16
1
17
27
17
33
2
28
2
36
36
19
34
20
30
20
20
31
34
36
21
35
32
1
33
36
24
23
24
34
1
1
9
10
35
3
26
36
23
36
36
5
28
15
26
25
0
28
29
7
30
2
3
36
35
35
31
35
30
35
26
36
35
35
2
36
35
35
35
35
35
30
35
34
35
11
7
35
34
35
14
26
35
27
35
34
35
35
35
35
36
36
36
25
