55
49
55
34
26
38
57
49
22
23
55
58
45
36
28
17
61
1
53
1
41
46
17
36
2
20
14
2
21
19
3
33
61
3
1
33
4
54
4
64
38
47
41
5
24
47
62
51
6
28
38
40
43
7
29
55
44
27
50
8
5
21
30
9
5
59
48
23
51
49
31
10
23
52
11
31
55
32
53
12
35
7
40
43
13
50
37
53
55
14
3
10
61
15
55
28
49
38
63
29
54
54
17
59
3
45
1
39
13
18
57
41
5
46
19
32
14
20
58
7
57
63
64
53
35
21
46
22
8
7
54
0
23
44
56
16
48
50
37
24
37
5
11
7
14
39
26
2
60
1
51
27
11
63
56
14
14
1
14
29
42
53
54
29
43
61
30
63
7
31
14
58
58
8
31
13
61
52
46
58
61
59
15
15
6
12
34
48
57
2
64
13
28
36
17
13
59
7
37
63
59
9
51
64
25
21
38
21
59
59
4
59
4
40
22
23
28
4
11
8
28
64
9
42
55
0
63
56
17
57
31
23
30
31
17
19
25
45
9
3
34
33
46
2
5
64
15
17
41
47
24
18
62
30
11
61
64
64
49
1
29
50
63
18
11
43
22
21
37
4
45
33
36
11
38
45
35
41
23
38
55
24
55
33
16
24
21
7
26
55
55
41
45
64
26
26
3
63
59
54
55
61
22
59
63
57
54
54
17
59
63
45
23
58
46
63
57
36
5
55
63
22
53
61
41
61
63
63
7
53
64
21
64
35
64
64
54
62
63
63
56
59
31
63
36
38
62
63
62
39
25
53
63
12
60
53
51
63
28
63
56
46
7
61
63
63
16
52
56
64
63
63
30
63
17
61
63
58
63
8
31
61
61
63
21
59
61
59
56
63
53
12
62
5
57
28
64
13
64
5
50
15
59
64
37
63
59
31
16
64
33
21
33
