20
9
9
13
20
40
18
37
46
61
39
58
64
41
41
33
49
1
31
1
43
43
53
28
2
24
2
24
19
22
3
62
40
45
3
14
4
34
4
33
20
60
55
5
28
33
47
50
6
42
51
55
29
7
20
39
48
8
31
45
8
35
49
9
5
9
42
22
10
6
10
35
49
11
23
11
2
40
12
46
12
24
44
13
5
5
44
13
14
57
14
57
37
27
15
59
28
3
64
48
16
50
59
30
17
55
51
42
46
18
45
8
52
47
5
50
33
4
62
45
20
21
34
52
21
50
61
6
22
2
6
2
0
63
36
23
24
52
56
56
37
3
46
5
25
38
62
49
9
15
7
27
53
6
22
41
28
59
10
24
63
5
29
2
64
11
30
0
43
44
54
0
8
31
18
10
32
13
18
45
61
63
14
0
20
47
62
61
35
63
62
22
21
55
36
4
49
10
22
62
37
11
59
61
5
0
20
9
39
63
52
56
33
11
13
61
56
15
64
61
55
61
42
62
43
18
43
43
59
64
35
58
15
60
16
13
21
5
35
61
46
14
46
22
28
33
34
60
34
14
26
26
47
19
35
40
49
34
24
36
44
24
36
44
31
45
8
13
20
21
45
8
26
11
8
21
54
46
1
54
23
4
2
40
23
9
50
22
55
13
5
54
59
58
19
33
61
61
64
28
59
59
63
61
1
61
0
32
59
63
18
55
10
42
46
59
23
54
63
1
60
0
33
63
11
49
18
63
46
63
57
63
61
63
63
44
8
63
63
63
64
61
64
64
62
64
62
3
64
37
64
38
61
51
64
64
43
27
53
63
56
63
32
60
62
63
63
51
24
59
64
14
30
64
54
35
54
33
64
31
58
10
44
13
63
61
61
63
60
21
20
60
62
31
7
63
62
13
60
63
36
57
23
60
46
62
37
64
13
64
42
16
29
