39
53
39
6
55
45
16
47
26
29
61
10
13
33
22
26
63
1
1
29
11
1
11
50
2
13
2
61
26
29
15
55
3
0
43
30
22
4
28
60
2
16
22
54
2
5
62
55
26
17
6
1
7
64
4
18
59
20
0
52
8
40
44
9
36
32
20
46
41
10
31
33
42
57
11
31
2
7
3
12
55
39
46
2
50
6
41
14
26
52
14
50
58
27
55
15
47
63
16
10
64
47
17
3
29
56
47
17
18
6
9
12
44
19
55
32
56
60
32
20
53
15
4
43
21
8
1
34
60
6
61
8
12
23
17
2
50
63
63
37
61
14
10
38
53
26
25
52
1
62
39
55
58
27
8
40
60
41
28
11
61
3
42
62
61
12
14
60
31
62
7
44
60
31
32
13
45
15
1
46
33
3
57
17
46
21
17
34
5
0
23
48
26
12
36
20
61
30
18
37
21
30
1
33
38
51
32
14
39
34
7
26
25
40
27
18
4
10
64
33
22
26
63
37
4
64
11
34
11
20
30
13
2
63
45
35
45
62
58
3
18
23
61
29
28
60
5
25
19
43
62
44
62
12
29
49
29
1
46
64
45
18
46
63
0
5
8
27
52
35
11
41
20
30
45
15
23
11
25
36
28
4
17
38
33
26
41
57
46
25
24
19
53
55
64
57
61
59
63
49
55
61
11
61
26
6
63
59
39
42
57
56
63
12
64
64
64
12
63
38
63
20
30
63
54
12
63
44
61
56
61
63
63
57
60
64
61
8
64
64
56
64
15
63
63
63
64
14
2
59
62
52
10
63
63
21
9
22
44
57
19
62
21
41
41
61
64
63
64
2
61
64
14
18
37
62
16
61
0
17
44
64
60
58
1
63
63
57
57
61
46
59
63
44
35
59
23
4
64
64
53
57
10
49
62
64
64
30
58
64
54
56
47
