51
58
39
39
8
41
63
13
40
40
18
35
63
31
61
24
42
1
63
1
57
29
19
63
2
35
2
42
49
35
3
36
3
45
37
15
4
15
4
38
43
5
61
5
5
33
18
27
6
53
62
62
7
31
34
7
44
19
8
32
3
32
64
9
3
37
9
22
6
50
43
8
2
10
49
49
11
2
12
35
46
44
45
13
50
48
3
45
10
26
27
14
0
15
54
2
53
16
54
16
11
9
62
17
60
10
5
18
31
0
63
18
10
0
31
19
43
20
15
47
20
7
21
43
8
34
8
11
12
22
53
36
23
58
23
2
36
2
14
58
25
25
4
19
41
25
51
58
61
3
26
40
39
5
47
28
14
22
63
50
10
5
42
43
29
30
15
44
45
45
2
31
3
53
61
59
56
26
58
45
33
46
58
59
63
8
34
28
26
8
24
24
48
4
61
36
5
58
0
58
37
1
31
24
29
38
51
21
39
39
9
53
63
1
9
9
30
31
22
2
61
54
42
4
56
28
63
64
19
63
24
64
43
29
63
45
3
39
14
45
37
59
28
60
22
31
43
42
61
22
48
29
21
27
37
6
62
62
48
45
30
47
47
41
46
44
3
32
64
13
64
46
7
53
38
50
43
43
45
54
2
16
31
27
40
43
46
35
18
13
56
40
3
45
64
33
63
32
0
15
61
61
7
63
31
60
11
15
62
63
60
10
62
64
58
63
63
64
11
63
31
63
43
36
63
64
64
55
63
63
61
63
61
11
64
62
64
14
57
58
61
64
64
2
58
63
62
58
64
64
41
61
44
61
63
3
54
63
62
62
47
58
58
22
63
50
59
21
13
43
63
3
54
21
45
64
19
31
48
64
61
59
61
59
27
63
9
17
4
23
63
50
9
62
24
8
24
24
63
7
42
36
64
30
64
60
15
0
24
23
29
15
55
