0
0
62
53
34
0
16
37
63
32
9
34
45
39
18
22
11
1
22
1
53
56
53
63
41
2
64
21
45
27
39
45
3
64
62
1
1
4
51
2
35
16
5
47
36
53
54
17
6
34
55
3
54
7
36
50
38
50
27
8
47
37
31
9
31
21
53
1
64
10
55
57
39
42
11
23
7
35
7
6
25
7
39
12
13
47
52
41
14
26
55
57
49
15
3
15
10
1
41
29
28
16
58
17
6
64
10
60
1
61
39
0
32
19
0
56
6
20
15
34
3
14
20
9
21
1
34
48
22
16
1
63
11
9
36
14
58
24
38
37
63
61
25
39
13
5
26
58
52
53
60
39
27
12
6
28
56
4
41
60
28
17
29
60
10
12
2
30
10
56
58
11
31
24
44
58
57
4
51
33
9
57
58
61
9
47
33
56
17
20
35
56
56
1
48
8
18
50
36
6
11
37
38
38
62
24
32
0
62
24
27
21
27
25
53
16
11
41
27
1
18
11
42
10
16
7
26
36
42
37
56
63
64
13
37
35
63
5
7
38
62
32
15
47
38
59
47
24
1
22
33
18
41
48
33
62
61
64
30
7
16
50
2
64
33
63
64
41
31
45
46
4
53
1
64
10
51
47
39
7
5
35
33
35
7
15
25
36
50
45
29
45
52
6
35
63
64
37
49
15
26
63
61
1
61
20
45
11
63
52
61
28
10
63
62
47
63
63
53
63
61
63
58
20
63
35
62
1
63
62
19
63
53
21
63
61
63
63
16
64
36
56
58
23
63
37
63
18
25
39
54
52
63
63
31
4
63
63
53
12
63
52
63
14
9
60
58
63
49
63
59
12
62
30
64
56
61
64
54
56
31
58
64
15
61
34
9
50
64
35
24
18
4
62
38
64
62
62
59
64
0
8
18
59
63
6
13
51
8
13
20
41
43
