32
39
61
55
64
55
31
39
61
16
17
15
41
25
24
63
38
1
64
1
42
30
20
33
2
26
44
23
2
54
3
27
30
3
28
35
4
29
28
4
16
53
1
5
58
17
0
62
6
59
30
45
34
19
7
29
49
52
8
50
51
50
48
38
6
9
2
36
10
6
64
38
34
11
3
33
23
35
46
0
36
12
54
13
35
9
46
25
14
43
40
9
6
15
59
1
15
40
16
45
46
51
50
17
61
49
40
51
6
43
61
18
31
19
51
54
3
55
59
5
40
15
21
5
51
10
56
22
46
4
58
23
51
46
23
14
53
11
43
63
37
25
62
48
15
0
62
25
26
14
64
57
19
11
40
51
21
55
1
21
62
29
51
62
59
47
24
47
47
6
16
53
31
25
0
22
64
63
7
8
32
12
62
59
34
25
23
4
23
57
56
28
8
17
9
60
61
3
1
62
63
27
58
1
5
38
59
39
55
55
59
55
27
27
61
40
12
60
41
25
15
14
1
1
42
9
5
62
20
33
9
59
44
23
2
11
34
26
19
45
25
35
25
4
61
63
47
5
63
11
62
1
11
62
26
18
22
2
31
19
40
29
0
12
29
5
51
9
25
8
6
45
32
22
44
22
19
30
35
11
44
55
23
45
46
14
36
12
54
23
56
9
37
25
12
48
64
59
63
61
59
36
61
40
11
53
59
55
63
17
61
49
43
9
6
55
61
63
11
63
13
57
63
63
43
5
60
64
62
64
24
64
62
64
64
63
58
64
59
11
64
14
53
63
43
63
21
0
63
48
54
52
62
19
64
50
64
62
19
42
64
64
61
55
64
62
62
50
64
10
12
64
60
53
64
43
58
64
31
32
64
61
64
40
7
1
57
61
62
11
34
64
58
4
23
62
13
62
64
27
5
60
61
3
23
47
63
4
58
61
5
49
1
