62
37
9
38
57
31
26
60
26
33
17
21
57
30
29
11
11
17
63
1
32
29
40
2
36
31
2
16
32
13
37
3
14
59
57
30
61
4
40
42
15
5
47
59
16
64
28
3
6
26
43
43
19
7
50
2
3
8
19
3
63
8
30
38
9
56
54
2
10
2
22
23
1
23
11
49
33
23
40
12
1
24
56
13
0
33
45
26
47
43
14
0
37
61
54
15
28
42
48
16
63
28
39
63
17
60
59
12
30
12
18
4
49
47
32
47
19
33
8
20
51
2
56
21
9
15
11
53
22
54
49
45
47
17
5
17
56
24
36
37
46
51
5
25
2
0
26
51
56
61
20
27
49
27
15
8
28
63
28
17
5
13
29
42
6
15
30
63
64
57
30
31
11
17
16
1
19
5
26
18
1
0
19
4
46
47
48
52
35
34
16
9
21
36
36
20
19
18
4
59
30
5
37
9
15
10
62
14
9
38
0
63
40
40
6
0
17
21
12
2
29
11
28
10
63
1
27
14
63
36
62
44
2
17
12
13
45
36
61
64
18
30
61
13
47
10
17
5
47
40
62
64
17
63
49
48
8
63
19
7
50
41
7
8
41
35
43
36
43
28
42
32
43
33
31
2
53
23
37
23
18
39
7
17
2
28
53
24
20
13
0
59
6
57
59
43
64
59
57
61
63
61
59
16
0
10
51
28
52
63
27
59
59
12
30
57
63
27
63
47
63
47
63
28
53
63
60
23
63
21
56
63
63
62
62
64
64
63
36
64
5
64
64
64
12
8
63
51
63
18
60
44
63
62
56
61
51
16
64
60
31
62
35
21
62
64
7
56
29
42
62
57
53
59
64
62
64
57
11
24
6
63
59
57
63
28
1
0
18
64
11
25
51
63
58
44
45
9
63
10
47
20
36
21
12
15
40
5
37
42
15
26
42
