55
18
22
20
50
57
39
64
25
15
30
39
14
55
25
35
47
37
1
1
21
17
11
64
2
2
46
2
46
3
36
3
3
1
15
42
2
4
2
30
15
16
5
59
27
47
16
6
1
38
1
18
7
4
64
3
4
7
8
47
45
37
20
9
29
53
53
45
31
10
22
36
47
24
24
11
24
46
12
4
2
3
47
25
13
3
26
35
14
6
10
48
27
54
44
15
48
61
16
4
48
8
45
39
29
5
7
18
62
17
63
18
19
19
31
19
39
51
60
20
12
44
47
52
58
21
9
51
22
34
61
17
23
23
50
49
10
36
13
24
6
63
25
54
4
52
5
44
26
4
51
63
62
8
28
62
22
28
63
16
41
2
4
15
61
30
62
22
62
7
63
22
7
25
31
32
20
2
45
64
33
19
18
12
16
34
1
35
27
35
47
35
26
10
2
57
2
62
64
7
60
17
10
9
0
9
5
2
22
51
52
19
39
7
27
15
61
12
14
57
41
35
25
34
1
13
25
0
27
56
21
58
16
2
28
45
18
0
3
22
21
19
18
35
12
30
37
34
5
43
27
11
62
31
1
38
1
26
23
50
64
3
15
25
24
30
17
37
20
38
20
1
9
45
31
26
22
12
2
24
26
35
5
39
6
34
8
3
6
26
13
46
19
45
50
41
61
64
61
63
61
50
59
61
57
61
63
13
45
61
59
6
46
63
62
46
63
63
63
63
32
63
63
53
63
20
63
60
63
6
63
61
63
39
63
46
61
63
55
57
63
54
54
36
63
63
64
63
49
63
21
63
63
7
60
63
51
63
62
49
63
62
22
61
63
63
41
50
64
15
12
64
62
22
0
56
63
53
17
19
28
59
61
2
7
63
48
32
61
12
5
63
61
35
48
28
8
64
52
30
47
36
2
62
64
60
60
17
23
14
63
9
45
