26
24
19
54
24
37
63
53
7
27
16
31
50
23
17
63
30
1
23
1
57
64
63
17
2
28
2
34
29
31
3
59
3
59
32
14
4
28
4
23
23
40
5
58
35
5
17
2
6
38
48
60
2
57
7
63
51
43
8
39
40
20
57
9
37
37
48
4
21
3
10
4
11
33
39
11
57
45
9
38
12
24
37
1
13
60
9
42
45
14
51
54
41
52
15
61
57
55
46
28
35
0
17
2
9
2
47
18
17
18
39
10
48
19
13
9
15
32
20
8
0
49
44
21
15
9
35
39
22
43
63
55
17
3
23
11
37
51
7
59
48
57
9
64
0
26
25
62
26
56
20
48
39
55
1
41
17
48
40
64
28
29
55
62
1
48
46
14
17
46
8
61
31
55
56
24
32
45
24
16
7
47
54
33
56
28
23
34
23
1
28
2
4
14
60
64
3
37
30
64
14
58
38
2
30
50
26
24
39
32
0
61
16
19
7
27
16
31
19
23
10
57
30
13
54
1
57
56
13
17
20
60
15
44
29
23
11
22
6
59
9
27
4
18
44
23
15
40
64
48
16
61
7
62
16
25
48
22
23
1
6
63
63
31
20
4
40
21
28
46
29
37
13
41
49
44
18
50
11
50
50
23
28
12
9
38
12
7
37
1
13
38
41
26
9
64
59
25
63
61
30
61
57
34
59
28
63
0
53
59
62
37
63
18
63
18
63
22
63
57
13
63
15
59
63
63
3
64
44
64
64
62
62
64
64
40
63
55
64
64
54
55
64
64
60
41
48
64
50
64
48
55
64
62
34
64
20
64
62
62
24
27
63
60
64
64
64
29
60
62
56
45
63
59
60
62
63
62
5
55
54
2
32
28
61
16
7
63
54
60
63
8
57
55
59
1
28
64
42
61
41
64
27
39
59
64
8
39
47
2
64
7
44
