9 2 7 9 8 10 15 3 13 15 7 12 0 0 7 7 6 5 11 9 1 11 5 8 9 7 16 15 16 3 5 6 15 14 12 7 0 2 8 7 1 11 14 16 8 16 0 16 10 3 11 11 3 6 5 4 12 3 0 8 16 5 8 16 4 6 16 5 3 3 16 2 11 10 12 2 9 8 15 4
2 12 13 10 5 7 9 1 12 16 16 6 12 13 7 15 16 11 9 7 1 10 6 16 5 11 1 1 14 4 0 6 1 7 13 0 4 9 13 3 14 9 13 12 10 15 3 2 6 16 7 16 7 9 10 5 16 3 6 7 0 3 7 13 7 1 3 3 2 5 11 16 6 8 13 0 3 3 16 15
3 14 10 7 7 8 13 1 16 2 1 5 10 15 2 1 16 0 12 2 2 1 8 15 0 2 12 15 14 13 0 6 11 2 11 0 1 5 8 8 15 11 4 12 10 12 9 2 0 11 8 5 2 6 0 10 14 10 4 13 15 4 3 9 6 13 1 13 2 1 9 11 2 1 9 0 3 4 15 15
3 14 0 14 10 13 4 15 2 8 5 5 0 3 12 0 11 3 1 5 7 15 11 13 10 5 13 12 9 11 6 8 14 3 2 3 13 1 1 11 11 14 6 11 4 10 9 5 8 16 1 5 11 0 4 5 1 1 7 10 0 5 16 16 2 9 8 7 3 2 3 0 5 14 9 0 12 7 5 0
4 13 15 15 1 4 0 1 13 10 5 5 2 5 12 2 2 5 2 11 9 7 1 14 11 3 2 16 13 1 8 16 5 0 3 7 7 11 6 3 3 14 3 4 0 11 13 11 13 1 3 16 9 11 7 10 4 14 2 5 0 9 9 1 7 1 6 8 13 4 14 4 4 15 10 16 13 12 2 8
8 4 1 11 4 1 1 1 14 3 5 13 8 16 4 11 9 11 15 15 16 12 15 9 9 13 11 11 7 10 3 0 5 8 10 6 7 7 6 3 4 5 8 14 9 7 5 14 10 12 12 16 14 2 7 11 13 5 11 11 4 12 0 2 1 9 3 1 9 5 9 6 11 2 10 13 6 6 2 6
1 13 2 2 10 8 14 5 10 11 10 6 3 15 5 5 15 1 10 10 3 2 7 15 11 2 14 7 15 12 15 5 4 13 7 16 6 11 13 15 10 9 1 14 8 12 3 13 11 3 6 15 13 14 2 1 14 9 14 8 9 10 9 14 16 8 14 0 4 5 9 12 8 6 4 6 0 7 11 1
16 14 13 7 3 9 0 0 16 4 8 13 1 0 12 0 3 12 6 11 16 16 0 5 3 4 14 12 6 1 7 12 3 4 14 1 0 4 6 8 11 7 16 12 6 15 13 7 11 2 3 12 2 2 7 16 4 13 9 9 16 10 6 1 1 1 16 4 14 13 16 8 5 10 12 12 13 12 11 15
12 0 6 6 13 4 7 8 8 1 12 6 11 6 7 4 11 11 0 9 2 11 13 12 3 14 16 1 12 11 16 12 1 1 9 16 0 5 6 14 15 0 0 12 14 14 15 10 9 4 3 7 0 0 5 7 7 7 6 5 9 11 10 0 0 11 10 15 8 12 15 4 14 5 2 12 7 6 0 6
10 3 14 1 0 6 6 10 4 12 16 12 8 7 10 16 1 2 10 16 8 9 1 3 2 3 0 1 6 2 4 15 16 1 2 13 14 15 14 7 8 8 4 8 0 16 13 3 14 1 11 6 1 12 12 8 0 2 8 7 12 3 1 14 0 7 5 0 13 11 15 4 15 13 1 6 11 8 11 16
