# Results obtained using DQN. CPU time: 15.859671115875244
0.00249644  78.00000000  0.00249644  80.00000000  1768.21895932  0.00000000
0.01439442  78.00000000  0.01439442  80.00000000  2397.81584347  0.00000000
0.00152419  78.00000000  0.00152419  80.00000000  1751.48544419  0.00000000
0.01189551  76.00000000  0.01111581  80.00000000  1858.33146057  0.00000000
0.00905295  78.00000000  0.00905295  80.00000000  1574.01558483  0.00000000
0.00024445  77.00000000  0.00022499  80.00000000  1523.03424416  0.00000000
0.00095762  76.00000000  0.00078176  80.00000000  2247.94644576  0.00077372
0.00193995  74.00000000  0.00123426  80.00000000  1789.21384682  0.00189914
0.00305359  70.00000000  0.00014568  80.00000000  3092.98823938  0.00302455
0.00095518  78.00000000  0.00095518  80.00000000  2333.72120353  0.00414996
0.00135817  74.00000000  0.00126384  80.00000000  1794.85684605  0.00527538
0.01820709  78.00000000  0.01820709  80.00000000  1849.34332639  0.00640079
0.00072863  71.00000000  0.00053924  80.00000000  1776.06123830  0.00752620
0.00085674  78.00000000  0.00085674  80.00000000  2259.07036667  0.00865162
0.00824996  78.00000000  0.00824996  80.00000000  1944.13868568  0.00977703
0.00625796  78.00000000  0.00625796  80.00000000  2621.60593714  0.01090244
0.00439454  72.00000000  0.00128447  80.00000000  2089.15214330  0.01202786
0.00035476  78.00000000  0.00035476  80.00000000  1528.48670961  0.01315327
0.00060160  76.00000000  0.00044373  80.00000000  1558.65672541  0.01427868
0.00049363  78.00000000  0.00049363  80.00000000  2521.09779972  0.01540410
0.00054214  55.00000000  0.00010250  80.00000000  2815.41155457  0.01652951
0.00671627  75.00000000  0.00581711  80.00000000  2047.15591887  0.01765492
0.00518240  78.00000000  0.00518240  80.00000000  2305.67432455  0.01878034
0.00050152  72.00000000  0.00041241  80.00000000  1896.53915625  0.01990575
0.02360253  78.00000000  0.02360253  80.00000000  2556.82444852  0.02103116
0.00245771  73.00000000  0.00047278  80.00000000  3091.83686282  0.02215658
0.00073533  73.00000000  0.00049597  80.00000000  1957.55839955  0.02328199
0.00006644  69.00000000  0.00000944  80.00000000  1412.24074801  0.02440740
0.00034593  68.00000000  0.00021142  80.00000000  1881.03500107  0.02553282
0.00917256  78.00000000  0.00917256  80.00000000  1953.95747148  0.02665823
0.00161850  78.00000000  0.00161850  80.00000000  1883.02895708  0.02778364
0.00003748  77.00000000  0.00002759  80.00000000  1436.43831198  0.02890906
0.00019208  66.00000000  0.00000756  80.00000000  1994.67878964  0.03003447
0.00092058  74.00000000  0.00008477  80.00000000  2852.65604268  0.03115988
0.00020341  69.00000000  0.00002145  80.00000000  1310.31484917  0.03228530
0.00226105  67.00000000  0.00027331  80.00000000  1591.44552963  0.03341071
0.00122414  78.00000000  0.00122414  80.00000000  1713.51751859  0.03453612
0.00060568  78.00000000  0.00060568  80.00000000  2331.98474964  0.03566154
0.00081509  74.00000000  0.00067232  80.00000000  2621.25329265  0.03678695
0.00302459  75.00000000  0.00163215  80.00000000  2351.23230571  0.03791236
0.00737286  63.00000000  0.00216578  80.00000000  1676.20884899  0.03903778
0.00082892  74.00000000  0.00057527  80.00000000  2179.64948157  0.04016319
0.00083555  75.00000000  0.00076973  80.00000000  2635.35559493  0.04128860
0.04413552  78.00000000  0.04413552  80.00000000  2126.84205428  0.04241402
0.00476517  78.00000000  0.00476517  80.00000000  2752.65978167  0.04353943
0.00146766  70.00000000  0.00105882  80.00000000  2210.55601310  0.04466484
0.00004400  69.00000000  0.00003048  80.00000000  1321.27001436  0.04579026
0.00170036  77.00000000  0.00125824  80.00000000  1775.95061887  0.04691567
0.00105060  71.00000000  0.00056621  80.00000000  1642.80118058  0.04804108
0.00027721  78.00000000  0.00027721  80.00000000  2023.76380377  0.04916650
0.00074793  74.00000000  0.00018333  80.00000000  2772.96581296  0.05029191
0.00104233  75.00000000  0.00071304  80.00000000  3094.01059657  0.05141732
0.00036872  54.00000000  0.00028124  80.00000000  2140.04065536  0.05254274
0.00001539  78.00000000  0.00001539  80.00000000  1555.41297682  0.05366815
0.00175560  78.00000000  0.00175560  80.00000000  2071.19634240  0.05479356
0.00005012  73.00000000  0.00001275  80.00000000  2088.56957180  0.05591898
0.00118683  69.00000000  0.00015852  80.00000000  1743.46910531  0.05704439
0.00246067  63.00000000  0.00128039  80.00000000  2562.10589524  0.05816980
0.00114749  78.00000000  0.00114749  80.00000000  2152.19462327  0.05929522
0.00037852  76.00000000  0.00034528  80.00000000  2610.00947470  0.06042063
0.00571467  78.00000000  0.00571467  80.00000000  2185.43195890  0.06154604
0.01541003  78.00000000  0.01541003  80.00000000  2344.04802948  0.06267146
0.00056330  78.00000000  0.00056330  80.00000000  1816.37470344  0.06379687
0.00503765  73.00000000  0.00262460  80.00000000  1447.43861149  0.06492228
0.00031482  76.00000000  0.00030325  80.00000000  1671.10591345  0.06604770
0.00127233  73.00000000  0.00060938  80.00000000  2625.92414064  0.06717311
0.00007048  75.00000000  0.00000175  80.00000000  1547.31110456  0.06829852
0.00009446  78.00000000  0.00009446  80.00000000  2155.48558390  0.06942394
0.00076770  78.00000000  0.00076770  80.00000000  1574.71280003  0.07054935
0.00004552  77.00000000  0.00004379  80.00000000  1791.44307145  0.07167476
0.00005962  78.00000000  0.00005962  80.00000000  1747.76933058  0.07280018
0.00800351  78.00000000  0.00800351  80.00000000  2097.28484198  0.07392559
0.00007631  56.00000000  0.00004835  80.00000000  2463.93326658  0.07505100
0.00066496  78.00000000  0.00066496  80.00000000  2579.21693616  0.07617642
0.00008439  73.00000000  0.00006019  80.00000000  1617.48371832  0.07730183
0.00751112  73.00000000  0.00206915  80.00000000  3212.97312268  0.07842724
0.01507446  78.00000000  0.01507446  80.00000000  1988.59110925  0.07955266
0.00180048  69.00000000  0.00022471  80.00000000  1455.00997529  0.08067807
0.00190731  73.00000000  0.00141398  80.00000000  1881.41707550  0.08180348
0.00235826  78.00000000  0.00235826  80.00000000  2632.90140730  0.08292890
0.00068344  78.00000000  0.00068344  80.00000000  2066.55335537  0.08405431
0.00097844  77.00000000  0.00093473  80.00000000  1872.99303859  0.08517972
0.00039211  78.00000000  0.00039211  80.00000000  1608.17302671  0.08630514
0.00271157  71.00000000  0.00068831  80.00000000  2106.62998671  0.08743055
0.00561209  78.00000000  0.00561209  80.00000000  1927.30358532  0.08855596
0.00068294  63.00000000  0.00022251  80.00000000  2574.90433016  0.08968138
0.00056886  78.00000000  0.00056886  80.00000000  2211.22288147  0.09080679
0.00105737  76.00000000  0.00105075  80.00000000  1891.19334913  0.09193220
0.00510523  73.00000000  0.00456419  80.00000000  2181.03371152  0.09305762
0.00067464  67.00000000  0.00018421  80.00000000  2784.47100669  0.09418303
0.00030010  67.00000000  0.00003989  80.00000000  2041.80763836  0.09530844
0.00062532  57.00000000  0.00027805  80.00000000  1719.30475671  0.09643386
0.00016560  75.00000000  0.00013231  80.00000000  1959.08797578  0.09755927
0.00019567  78.00000000  0.00019567  80.00000000  2541.56902634  0.09868468
0.00037651  67.00000000  0.00003038  80.00000000  1821.27338246  0.09981010
0.00076032  75.00000000  0.00034124  80.00000000  1990.98536183  0.10093551
0.00595850  73.00000000  0.00072020  80.00000000  1768.62625968  0.10206092
0.00388371  67.00000000  0.00279126  80.00000000  1797.45316927  0.10318634
0.00051476  78.00000000  0.00051476  80.00000000  1925.07003364  0.10431175
0.00096862  72.00000000  0.00020423  80.00000000  1641.61413998  0.10543716
0.00026017  77.00000000  0.00025623  80.00000000  2429.44881351  0.10656258
