12
13
19
29
7
0
15
21
25
36
31
19
20
8
18
22
9
32
32
22
1
10
10
1
10
11
1
2
24
2
34
24
34
26
1
3
35
13
2
26
24
4
24
36
4
35
32
0
5
32
28
27
15
23
6
30
33
6
27
23
7
23
3
7
32
18
32
8
36
32
3
2
9
33
19
9
29
31
20
1
21
26
11
11
11
10
11
35
3
3
12
22
30
35
33
36
0
13
33
33
4
0
24
30
1
34
15
5
15
25
10
16
16
7
16
35
32
2
27
16
7
16
36
18
3
28
18
1
11
2
11
29
13
4
19
34
0
20
30
21
10
36
31
21
36
6
11
13
16
22
32
36
15
33
10
1
19
21
9
6
24
18
34
24
0
26
26
6
35
7
13
26
6
4
19
36
20
19
12
20
12
13
28
27
11
23
4
10
29
4
18
23
2
1
3
26
6
16
8
36
26
36
33
2
36
33
36
36
29
35
20
35
34
7
36
11
36
7
35
35
19
36
12
36
5
35
33
35
33
15
35
33
34
0
35
31
8
34
35
5
6
35
8
16
35
7
10
35
11
2
8
16
36
26
33
4
36
28
16
31
36
6
34
36
30
