9
36
20
7
36
7
7
23
25
26
0
8
0
16
22
29
18
25
9
1
1
30
1
22
1
22
1
2
2
1
2
35
25
27
31
3
22
19
25
0
34
0
4
14
30
36
29
5
5
28
5
21
27
2
25
6
3
16
28
0
29
0
7
4
28
26
18
8
2
19
36
3
19
9
19
6
35
10
2
36
10
35
21
31
35
33
27
30
12
22
1
0
12
3
36
13
23
13
32
34
24
9
25
14
0
36
0
15
1
7
35
1
8
26
16
8
1
3
27
2
17
7
10
32
28
9
9
7
18
19
29
8
30
36
20
13
20
7
7
20
35
31
10
9
36
16
22
12
32
35
22
33
23
5
1
15
33
16
0
24
34
4
2
18
25
8
0
1
35
21
2
0
22
0
36
14
7
36
6
22
5
3
15
29
14
6
5
10
25
11
7
0
29
12
29
1
28
30
8
35
8
35
36
36
23
33
36
22
34
35
35
36
33
35
21
12
35
33
35
35
12
35
31
32
35
25
16
35
11
12
36
15
35
7
32
35
33
7
33
15
35
7
34
35
12
22
16
1
35
3
27
32
12
7
35
32
28
34
35
23
18
35
13
35
18
