30
30
35
12
8
0
14
20
22
0
12
15
0
32
23
36
36
15
10
1
1
1
10
1
36
24
18
34
34
2
15
18
22
19
23
3
13
21
29
25
13
1
4
20
27
31
0
15
28
5
21
24
28
6
30
25
16
6
26
0
7
0
26
26
4
2
34
8
30
35
33
9
29
19
9
35
2
36
10
29
36
5
3
21
34
11
27
33
2
12
33
7
7
28
23
13
1
8
13
29
24
4
34
36
30
9
9
15
10
31
36
35
1
26
16
11
11
27
17
32
2
28
4
32
17
2
18
29
8
5
19
7
19
30
20
7
0
20
7
8
31
5
15
15
35
32
22
12
36
10
33
16
16
12
23
0
36
9
18
11
34
18
13
18
35
14
25
3
3
14
12
10
13
16
36
5
20
16
20
28
20
5
2
16
0
14
30
15
30
9
9
0
20
0
26
26
26
34
34
35
30
32
33
35
33
11
4
35
26
36
10
36
33
5
36
33
35
2
35
20
35
18
33
35
22
11
35
13
1
36
17
36
7
35
31
35
36
32
36
15
13
31
36
29
20
17
35
11
35
27
12
34
36
28
8
35
35
31
36
13
7
36
19
36
4
