19
9
14
19
0
35
20
15
29
12
12
34
13
36
0
34
23
28
15
1
10
18
1
17
22
25
23
27
2
33
25
25
29
26
3
35
3
0
13
35
25
24
4
14
36
25
34
14
5
15
21
31
15
1
6
16
23
16
23
1
7
6
17
31
7
3
3
8
35
19
35
36
34
9
19
20
25
10
1
10
31
20
30
11
1
29
11
31
3
22
12
33
22
31
35
28
13
23
3
6
7
8
24
36
14
7
2
25
15
30
2
16
16
16
32
16
8
33
27
35
36
17
5
3
28
18
10
6
36
8
19
29
19
13
14
19
36
30
20
7
1
31
12
21
13
2
1
36
32
35
9
1
3
9
33
6
17
5
11
4
0
34
25
36
4
11
3
26
35
36
26
35
19
23
26
4
36
19
36
17
0
6
21
27
28
1
11
5
17
8
2
3
4
25
4
21
31
3
19
8
35
19
35
36
35
9
35
29
31
36
31
36
34
35
30
11
36
11
19
36
31
35
35
35
35
25
35
13
36
23
35
26
35
28
31
36
36
7
2
13
35
30
16
12
16
16
1
35
8
33
27
35
36
36
36
36
35
33
35
35
36
8
1
36
9
