12
11
36
17
17
20
0
15
10
0
16
13
33
22
9
0
16
36
26
10
20
1
16
29
11
10
22
35
2
35
17
21
36
26
20
35
3
26
13
23
22
13
36
4
14
14
24
14
16
5
21
16
34
28
6
22
26
16
3
30
7
23
36
26
31
28
18
8
24
25
24
25
9
1
19
36
9
10
21
21
10
34
0
21
2
11
27
27
5
12
35
32
12
34
31
23
13
7
29
13
35
24
3
4
25
14
15
2
1
10
36
10
16
26
0
16
33
1
17
7
28
17
33
3
13
36
0
7
29
19
19
19
13
36
20
33
30
20
0
3
8
0
8
12
6
22
32
16
36
36
11
11
33
23
36
12
14
18
18
14
34
35
2
5
36
26
24
35
10
26
7
22
22
3
36
4
13
1
15
14
28
16
21
21
8
28
14
29
6
21
4
20
7
23
32
22
33
35
34
13
36
32
24
20
34
19
19
36
33
24
36
35
28
2
36
16
34
36
31
4
36
27
35
32
35
34
29
35
33
35
5
30
35
12
1
35
1
36
34
36
1
30
36
29
6
28
36
23
14
34
18
36
0
36
35
34
13
36
32
36
29
13
19
23
36
