10
0
8
9
20
8
13
23
21
31
28
34
30
9
13
30
0
14
22
1
10
1
24
19
16
24
25
24
2
1
24
12
25
0
3
3
3
23
3
13
3
20
4
21
24
1
1
5
5
5
26
26
16
5
6
16
16
1
1
6
7
33
17
7
24
35
8
27
1
8
19
9
27
33
25
1
9
20
10
2
20
36
35
33
3
35
11
33
8
22
8
12
6
29
13
23
13
2
36
35
24
14
0
36
14
33
25
10
10
33
26
16
8
36
16
8
4
35
27
36
17
32
4
0
28
13
18
5
8
2
29
19
10
0
8
9
30
14
9
20
21
31
21
34
4
8
10
32
0
22
6
1
10
33
12
9
24
24
23
24
34
12
1
12
25
17
20
14
35
17
3
21
17
20
27
36
10
27
17
5
1
27
6
7
16
18
24
28
9
24
29
21
18
9
17
3
24
36
8
35
30
33
34
35
33
33
36
33
35
20
35
22
35
4
35
33
4
35
11
0
33
35
34
12
23
35
2
33
36
2
36
36
24
35
16
9
35
32
19
35
29
35
36
19
8
35
16
3
4
35
20
36
35
33
1
35
28
32
18
35
17
5
29
19
35
