8
34
25
19
9
27
15
18
20
14
21
21
15
8
9
36
17
34
0
1
16
1
34
18
1
28
1
2
33
2
18
12
21
1
2
3
13
14
20
25
26
4
28
4
22
14
4
34
5
25
25
30
16
2
6
27
22
6
17
26
25
26
7
31
27
23
18
8
35
6
29
26
33
4
9
20
6
30
10
20
36
21
31
21
11
31
4
27
27
12
12
28
12
23
4
0
35
5
35
13
14
9
2
4
6
25
5
15
26
8
15
16
26
16
12
31
27
17
1
34
17
36
35
28
6
35
1
1
0
19
18
33
30
4
10
19
0
14
31
20
36
14
21
12
10
32
10
22
6
2
15
33
17
2
0
14
0
24
1
34
9
18
18
12
5
12
35
25
13
6
5
36
26
4
3
4
1
14
18
5
0
10
28
20
6
29
13
2
16
13
28
29
14
11
14
32
35
22
35
35
34
24
29
26
36
28
9
31
34
6
28
1
36
24
30
10
36
6
25
36
27
15
35
29
29
35
8
0
28
35
30
35
28
11
36
4
7
31
36
19
31
1
36
6
10
35
35
30
27
36
7
29
36
36
35
30
33
35
11
36
36
14
35
35
35
