30
0
20
34
10
11
27
26
19
31
13
32
22
17
0
32
0
11
13
23
1
33
10
26
34
1
19
2
23
11
2
20
11
19
3
0
14
3
17
19
24
27
4
14
26
18
30
24
15
5
1
35
35
1
16
6
29
30
28
17
7
2
17
36
4
4
18
8
18
3
3
20
27
25
9
32
28
30
36
20
10
25
31
32
35
11
33
0
36
23
12
23
1
12
1
23
13
24
5
4
35
14
33
30
25
3
7
5
10
35
26
26
16
9
26
27
28
28
17
8
36
36
17
2
8
7
33
6
29
34
19
30
30
35
14
30
10
20
5
36
7
31
32
32
22
33
32
33
22
14
13
23
6
33
23
15
34
18
17
2
21
20
18
20
11
3
35
21
2
7
36
12
15
27
19
11
26
2
13
2
15
28
20
17
7
19
16
3
6
30
28
19
19
16
17
32
28
35
18
8
34
30
31
9
36
29
30
34
32
30
6
36
30
35
34
9
35
11
35
22
36
35
12
35
1
35
28
36
36
5
13
25
35
14
30
30
35
11
7
10
36
8
2
35
20
35
33
27
36
32
36
8
36
5
36
2
15
10
35
35
36
34
25
29
6
