10
16
7
14
20
28
9
27
16
17
21
12
35
21
36
15
34
23
28
28
1
18
0
1
22
21
1
2
35
2
20
34
12
35
2
3
26
1
13
13
13
4
25
4
14
28
4
5
30
5
29
29
25
24
6
1
16
6
23
22
22
23
7
31
1
0
8
18
6
6
35
9
4
28
9
34
4
10
2
20
10
32
21
4
0
21
11
29
29
22
12
36
22
35
32
29
29
34
24
13
14
35
6
24
14
5
3
4
15
36
35
2
26
2
11
16
27
11
11
8
27
28
33
18
33
5
28
2
1
13
29
15
14
0
7
2
20
30
10
16
16
9
9
0
1
21
36
14
32
16
16
11
17
33
0
4
33
24
17
5
34
24
9
34
18
35
0
14
26
2
35
36
26
1
4
4
14
8
36
5
26
5
19
9
2
6
6
1
3
25
8
29
6
28
7
31
5
31
8
35
10
35
35
36
24
36
9
36
4
35
33
35
35
35
31
35
0
21
16
35
29
35
6
36
32
35
35
29
29
35
11
13
14
35
32
8
33
9
35
8
9
36
35
6
35
32
31
21
36
34
0
36
6
10
36
18
36
32
18
36
1
33
36
0
36
