6
13
23
11
20
10
15
13
11
8
34
11
32
20
13
24
22
31
16
1
10
1
10
36
1
10
26
2
22
2
26
12
1
1
2
3
12
29
22
20
21
4
14
30
4
2
26
2
5
36
30
5
16
6
16
6
32
16
1
26
17
7
28
23
30
28
8
34
18
3
32
0
32
9
3
8
4
20
6
10
0
0
29
1
4
30
11
27
4
22
12
31
23
0
35
1
13
2
23
24
14
3
30
3
36
14
25
35
15
25
13
33
13
16
36
36
6
1
35
27
35
17
10
7
3
12
28
19
10
3
19
29
6
13
8
12
7
30
15
13
21
6
31
11
32
21
15
1
1
8
32
1
10
1
10
36
33
10
24
11
16
8
34
36
8
8
12
35
25
26
0
20
21
26
14
2
4
36
26
24
18
18
19
5
15
24
16
24
6
5
25
29
9
0
0
23
30
20
8
35
36
23
35
33
31
35
6
0
35
9
35
30
35
19
10
35
13
10
35
28
9
35
12
32
35
3
35
36
13
35
3
36
36
5
35
27
36
36
35
35
35
6
35
30
35
34
36
2
36
9
35
27
35
17
17
35
30
14
35
19
4
35
14
29
29
