6
39
52
39
43
33
58
21
33
28
42
1
30
51
37
2
38
29
13
3
58
3
4
15
4
63
59
16
26
6
5
30
7
48
7
7
8
31
49
9
2
41
10
5
35
11
24
11
12
45
24
61
13
26
4
14
6
8
63
15
16
16
41
37
1
17
43
8
18
1
57
6
45
32
49
47
53
2
21
63
22
35
23
35
2
24
44
2
53
60
26
0
61
40
4
62
3
40
41
29
49
24
29
21
59
31
44
31
32
26
26
22
52
13
34
23
9
27
62
48
3
15
49
1
50
64
38
61
51
39
52
39
7
33
58
59
33
60
42
34
55
1
15
56
12
12
57
10
58
7
2
15
4
63
6
16
60
49
61
7
7
62
7
7
8
9
49
26
19
24
5
64
15
11
24
53
52
45
24
26
53
26
4
14
36
23
63
24
61
16
63
51
62
60
64
39
59
53
64
64
63
63
62
64
54
60
56
63
22
60
62
64
51
63
43
1
63
9
55
64
63
40
64
54
64
40
63
29
63
24
63
26
11
61
63
13
32
64
26
55
63
13
13
23
4
63
8
38
64
15
64
40
47
63
37
2
