51
14
39
53
11
60
32
24
31
14
60
63
1
11
28
2
44
35
37
3
45
58
46
4
51
16
5
17
52
64
50
1
18
7
3
45
8
54
61
9
40
22
10
4
2
11
11
7
7
12
8
8
13
43
56
38
14
15
27
15
16
1
36
52
17
3
2
30
63
42
14
19
14
48
21
21
5
33
34
50
35
43
10
23
64
24
59
14
63
45
38
26
27
4
27
0
48
47
52
41
29
64
30
43
0
24
23
55
32
52
45
10
63
25
33
21
47
35
58
11
35
17
49
23
3
50
31
57
51
14
39
52
59
13
32
53
41
14
60
23
35
30
35
56
63
31
57
3
45
58
46
63
59
47
5
13
60
64
39
50
18
62
3
21
6
19
1
63
37
64
7
4
31
11
33
40
55
40
8
0
13
58
56
6
64
15
64
15
63
62
64
59
17
63
63
61
63
47
56
63
14
48
64
49
55
19
18
63
51
56
57
63
63
64
59
14
63
3
34
63
64
52
27
63
60
59
55
50
63
13
64
61
64
62
64
64
32
63
41
19
63
18
60
59
64
3
9
61
35
60
61
63
5
52
37
57
