36
14
37
40
40
43
20
27
23
40
33
1
23
37
56
2
12
55
3
12
3
64
3
4
37
15
5
15
5
60
6
29
1
43
42
8
8
62
20
9
8
44
47
10
21
11
11
11
40
12
24
1
44
13
2
14
55
51
35
15
59
42
37
3
38
29
18
17
18
39
19
13
55
40
20
49
34
21
14
22
34
22
23
48
18
62
18
15
37
26
26
14
51
46
19
27
28
40
20
10
55
13
7
11
64
31
43
51
56
32
12
33
7
5
34
46
60
4
7
54
49
48
37
27
50
50
55
6
14
14
37
40
38
52
40
25
0
59
42
16
16
37
33
63
12
56
3
29
46
45
58
4
37
7
59
15
5
60
45
61
50
43
40
44
8
62
36
9
49
16
64
10
21
28
46
11
45
55
12
6
58
57
49
14
55
15
63
60
62
42
64
0
4
29
62
45
63
61
45
64
60
63
59
11
63
62
63
21
48
63
32
48
63
62
60
63
32
26
63
14
46
63
62
58
63
42
20
63
62
63
15
11
63
31
62
46
63
32
12
33
7
1
63
11
60
29
7
56
64
18
47
9
64
50
63
8
