64
62
63
46
12
53
64
30
11
58
56
31
1
24
20
20
2
40
57
3
15
58
63
4
15
5
5
48
61
1
61
6
48
7
50
62
19
8
4
9
33
57
28
10
22
6
11
31
52
12
25
13
39
46
38
37
62
14
15
42
16
11
16
29
8
29
12
18
31
5
19
36
3
7
20
39
33
50
52
22
16
14
23
4
17
2
5
37
25
25
39
19
26
40
27
46
1
56
41
14
41
5
42
30
43
31
44
56
5
51
45
6
33
52
34
34
19
47
7
48
35
12
61
49
64
22
50
55
51
39
22
52
34
53
64
41
63
54
62
31
59
55
2
0
56
1
57
3
21
58
46
4
59
62
60
48
18
5
61
6
7
30
2
62
6
8
18
64
10
21
3
4
22
6
42
14
23
12
57
52
14
51
60
45
62
14
64
61
16
62
63
29
63
47
64
64
46
63
59
62
63
63
52
63
33
54
64
22
52
63
58
63
22
63
5
25
64
25
14
63
3
40
63
55
62
64
41
57
57
37
50
63
61
20
55
62
61
51
64
0
63
62
63
6
10
64
27
63
29
12
64
21
64
61
50
39
