42
51
39
60
34
13
35
61
59
31
1
11
1
18
43
13
2
56
61
57
3
33
4
4
22
46
5
16
52
61
6
4
7
7
7
3
8
63
63
9
20
44
10
22
62
11
11
10
12
8
12
51
13
37
1
14
34
35
52
47
16
62
16
61
17
50
40
18
30
3
1
19
20
20
4
51
1
5
6
34
3
35
22
52
58
24
20
2
56
58
38
21
38
15
39
52
28
40
63
1
9
29
63
42
61
52
60
11
44
32
61
45
52
3
46
22
34
55
47
16
36
24
24
49
61
63
38
50
10
51
39
60
1
52
18
53
41
63
54
54
13
63
55
23
12
56
44
5
57
46
58
4
22
27
59
4
28
61
60
49
7
7
64
62
8
63
63
9
63
22
21
22
9
11
11
55
12
8
12
36
58
25
45
56
14
63
62
47
64
59
60
28
63
63
53
63
48
31
1
64
61
63
33
63
51
3
64
62
3
63
60
52
64
50
58
63
16
61
63
63
63
64
50
63
56
40
63
64
10
60
63
54
61
63
63
14
61
63
32
22
59
64
59
63
63
6
64
36
5
63
59
49
41
63
38
50
