39
58
39
53
32
25
13
13
27
16
55
1
38
34
24
2
57
63
22
3
2
24
59
44
4
5
5
17
5
6
62
6
43
7
41
30
8
59
40
9
48
21
8
10
9
11
30
11
38
12
5
25
13
9
26
14
64
27
15
29
55
10
16
55
17
29
18
18
18
19
31
3
19
20
42
55
59
21
34
35
36
53
23
45
64
36
44
45
37
25
38
39
15
60
58
27
28
26
61
41
49
3
25
30
14
20
61
31
22
31
45
46
45
62
34
25
16
35
62
34
4
49
5
51
50
50
14
62
39
58
39
53
32
53
33
40
54
29
29
55
38
43
13
44
57
43
10
62
3
62
59
60
35
44
64
25
5
61
62
22
2
63
43
37
38
48
27
32
48
8
8
10
2
11
56
11
28
26
58
50
25
13
60
52
55
62
23
64
55
60
57
52
62
63
3
11
63
61
24
63
19
63
59
63
62
3
34
63
36
53
62
56
64
36
45
57
64
25
60
64
15
8
61
63
28
53
61
64
62
64
21
56
11
63
61
56
22
31
2
0
61
63
55
44
62
33
62
64
47
63
60
3
50
36
39
34
