31
24
0
11
14
47
33
49
53
9
1
1
1
55
29
2
56
35
2
3
14
29
58
2
4
5
40
60
5
6
61
3
7
2
7
8
8
34
28
30
61
9
10
54
47
23
11
5
12
4
12
13
24
13
14
9
42
42
15
59
26
28
10
16
17
4
2
31
38
13
31
18
31
14
20
6
61
22
61
16
64
35
56
23
1
36
24
60
37
25
38
45
3
13
64
20
22
58
40
60
20
11
24
64
18
7
21
51
10
44
45
32
12
46
34
51
53
21
9
4
48
37
37
30
55
38
50
59
4
21
0
21
32
52
11
28
53
42
11
1
16
55
61
1
56
44
2
46
57
29
58
64
39
5
40
60
49
39
61
29
7
41
62
35
63
51
0
64
9
19
37
54
48
28
11
47
51
50
52
13
13
42
14
9
28
64
61
59
64
61
18
56
63
42
63
62
61
63
30
64
60
56
64
54
61
64
61
55
64
36
64
23
61
63
2
54
37
25
61
63
3
56
13
64
6
54
63
20
20
48
2
64
62
15
62
64
1
5
45
63
11
46
59
26
57
63
5
57
44
59
19
63
55
38
50
59
