0
14
53
58
25
54
32
0
30
60
31
1
45
45
11
29
2
45
13
3
62
21
4
55
59
4
5
34
39
40
6
17
7
47
7
1
6
31
31
9
8
34
40
10
3
51
11
3
23
40
44
13
13
27
40
14
27
61
15
0
54
16
29
4
29
17
29
10
51
30
19
7
19
61
32
21
20
21
44
22
20
22
23
35
58
22
0
2
11
17
17
4
26
62
39
27
28
15
41
29
1
42
21
56
29
43
14
8
13
45
23
33
23
31
58
12
12
49
48
2
22
21
19
37
9
51
22
20
16
14
53
6
25
54
6
60
59
32
31
43
8
56
28
34
2
34
46
29
62
58
62
48
59
4
5
60
13
37
61
11
41
17
3
26
41
39
49
12
8
1
40
10
12
51
22
3
23
22
18
45
14
39
2
14
60
61
47
63
47
62
8
37
29
64
59
57
62
19
55
63
57
61
63
60
58
63
54
63
32
63
62
63
51
14
63
49
49
64
60
64
32
63
37
41
63
58
33
58
60
61
63
56
42
61
14
8
60
7
63
33
9
31
58
64
59
63
1
0
64
59
13
37
63
51
24
0
