59
11
11
38
59
7
8
11
43
22
1
57
1
34
57
2
1
23
44
3
59
62
60
4
15
5
5
44
5
62
6
23
21
38
7
46
21
24
52
9
45
21
61
10
2
62
11
32
12
4
57
13
26
37
13
0
14
15
54
44
49
64
16
6
55
17
13
64
53
19
19
49
20
33
20
35
21
13
60
14
22
1
9
23
38
10
3
59
25
12
3
12
2
27
48
14
43
6
16
6
29
18
6
30
18
57
54
1
32
31
14
33
6
60
34
48
2
35
50
28
35
34
37
36
9
38
64
2
59
39
62
36
59
40
55
11
42
56
42
57
34
34
57
1
3
43
44
16
59
59
60
47
61
1
8
31
49
62
26
46
27
63
64
46
21
50
52
52
50
4
50
10
15
50
17
56
12
16
57
64
64
25
13
0
14
60
56
62
54
64
16
59
55
17
13
64
62
64
35
27
60
63
7
62
60
13
63
35
22
15
63
33
10
47
64
59
25
64
43
64
2
64
5
62
43
63
42
62
29
60
63
6
56
4
60
64
61
31
55
64
61
60
24
62
61
38
64
62
35
3
48
36
64
8
64
2
