49
27
52
18
50
39
39
56
53
31
59
1
41
27
23
2
52
2
63
3
13
2
4
4
24
23
5
37
4
0
6
45
26
7
48
64
61
47
8
9
54
1
10
10
22
10
11
41
23
58
49
39
13
6
26
14
10
26
15
10
16
28
16
43
28
36
29
17
18
31
19
19
20
38
63
33
60
22
22
21
12
42
35
4
36
23
24
25
38
37
26
39
11
1
27
39
54
15
28
29
29
62
42
23
0
49
43
31
44
64
44
17
31
46
60
47
30
35
29
36
11
48
49
37
49
34
50
25
51
24
52
26
37
15
54
31
53
42
59
28
59
31
23
56
11
33
63
5
62
36
5
4
0
8
64
15
21
0
46
38
21
12
23
8
36
22
8
9
54
1
24
6
47
10
2
41
51
58
49
59
49
60
49
29
62
42
28
64
48
61
40
62
63
15
63
57
64
52
64
5
63
62
63
43
58
63
62
64
24
64
61
7
64
42
61
48
64
37
61
58
64
1
27
64
54
56
38
61
36
63
57
28
50
45
63
63
36
64
44
24
58
64
60
47
30
63
29
61
64
40
49
46
49
63
10
61
