34
15
35
18
20
21
22
10
31
25
21
20
13
21
19
0
0
14
23
1
28
23
27
10
10
2
2
2
34
25
33
3
28
3
12
12
24
30
4
25
20
30
36
5
27
5
15
1
6
15
1
6
30
1
22
7
24
24
17
8
24
8
18
28
25
9
30
3
9
26
5
20
29
6
21
11
30
32
11
34
28
35
35
12
22
4
13
31
23
13
32
24
14
4
3
25
35
10
35
7
7
26
3
35
16
7
11
27
3
36
12
18
28
5
3
3
29
36
19
6
34
29
6
30
20
36
20
10
31
1
21
31
13
21
36
0
10
16
23
23
33
23
1
20
25
19
34
25
34
25
25
22
1
13
35
19
1
36
27
4
24
3
9
27
15
5
4
22
0
15
1
29
30
28
15
1
19
32
17
15
8
8
34
36
22
11
28
36
33
35
33
6
36
28
36
28
35
32
27
35
28
34
35
0
3
25
35
31
35
3
35
10
35
32
35
25
35
15
36
33
5
35
17
35
16
27
36
33
3
32
12
36
28
33
10
35
35
36
28
2
12
