34
19
6
20
33
34
17
18
16
8
11
12
16
32
9
32
19
1
1
32
1
10
1
1
2
2
11
2
18
19
12
3
26
3
2
13
36
4
33
4
0
21
27
5
24
5
23
25
16
6
26
22
30
1
22
7
17
6
31
29
8
8
8
18
18
9
25
9
30
26
32
10
2
30
10
27
21
32
11
35
28
8
22
12
13
13
29
0
36
24
14
3
14
34
0
3
25
15
4
30
15
26
15
12
31
32
33
27
0
9
17
18
7
28
6
18
33
29
19
2
34
19
14
30
10
17
31
20
21
17
6
8
21
32
9
32
11
23
10
33
6
0
24
34
20
17
34
14
16
19
8
35
26
3
22
6
36
4
20
4
0
20
27
21
3
2
15
25
16
27
5
16
30
1
19
10
5
4
33
34
32
8
36
33
33
33
33
36
30
35
34
35
16
35
34
0
35
34
31
35
26
0
35
33
33
35
33
35
36
36
14
14
35
28
6
35
8
35
4
24
35
29
15
35
29
6
36
36
35
10
17
35
24
35
36
18
35
29
19
7
35
