34
14
29
14
9
35
13
21
17
20
21
21
23
34
33
14
32
35
20
1
10
33
32
10
27
35
2
34
19
23
24
25
3
22
21
26
13
4
24
4
14
1
20
5
1
5
15
1
36
6
22
23
16
22
7
7
29
7
32
25
18
8
24
32
9
9
19
2
9
20
4
25
10
30
20
21
0
35
11
34
22
7
12
0
35
7
23
13
31
13
35
24
1
14
6
5
3
30
25
11
16
26
16
6
0
34
4
9
17
27
32
9
28
35
18
28
36
18
3
29
34
19
0
7
9
30
1
21
35
31
21
12
13
14
0
16
32
0
23
16
10
33
36
10
24
8
19
34
36
13
2
7
35
18
21
26
13
14
22
7
4
36
20
5
16
17
15
1
18
14
18
1
21
6
7
4
23
0
30
27
32
15
20
35
31
23
35
36
9
35
32
2
35
7
30
36
32
35
11
35
22
36
36
32
35
16
23
35
31
13
35
16
1
35
6
5
1
11
35
20
33
31
24
35
10
35
36
36
36
3
0
36
33
36
36
28
36
8
30
36
21
