17
30
13
0
16
30
21
20
31
18
29
8
35
35
35
29
31
0
1
24
14
10
32
1
36
24
2
34
25
12
33
3
29
3
13
22
35
4
13
20
4
14
32
5
15
1
5
2
6
15
6
35
30
26
7
34
7
3
32
24
8
18
8
33
18
9
19
29
34
33
19
10
31
0
32
28
11
27
33
34
22
12
32
22
12
23
35
23
3
36
35
2
24
14
9
15
25
15
0
25
25
0
16
3
5
16
11
27
35
36
35
2
28
28
3
28
6
3
2
29
19
33
34
8
34
30
21
36
31
35
4
31
35
35
32
22
5
0
24
24
15
3
33
14
36
24
2
34
25
34
25
35
9
26
36
35
15
4
13
20
0
36
19
27
18
22
5
2
25
24
11
27
30
20
7
20
25
27
29
30
8
36
32
35
9
34
35
33
36
33
35
10
11
35
32
11
35
4
33
35
22
35
2
23
36
21
11
28
31
36
33
0
28
36
31
15
35
33
35
25
35
8
35
3
35
16
35
5
35
33
35
2
28
35
3
11
35
3
14
35
0
