29
30
9
20
15
0
33
31
20
8
35
17
15
9
36
32
35
24
1
15
35
1
30
0
1
2
19
2
1
2
21
12
3
21
31
22
36
14
4
24
14
26
1
5
21
5
27
15
15
6
27
6
17
6
2
17
7
23
18
8
31
8
23
23
32
6
9
1
26
20
36
10
20
35
6
10
11
6
21
28
32
7
12
8
36
33
13
13
23
24
33
14
13
14
32
33
35
30
10
3
6
36
26
31
17
34
17
16
27
27
4
10
32
5
28
28
18
11
19
29
29
30
9
20
9
14
0
31
20
8
0
13
3
32
36
13
10
22
16
33
12
1
14
9
12
34
19
2
24
25
35
12
14
21
18
3
36
19
6
15
14
22
1
5
23
24
5
16
15
3
13
6
5
29
22
17
32
33
29
34
31
12
28
36
32
20
34
33
22
29
36
23
34
35
6
10
35
26
30
35
35
35
32
36
36
13
36
32
36
34
35
14
30
35
32
35
35
35
0
35
33
36
26
34
36
3
17
16
12
36
9
34
35
35
34
35
35
27
36
29
1
