34
9
8
30
17
20
7
9
33
8
9
13
31
29
22
9
36
1
30
1
31
23
15
11
2
17
2
1
11
11
3
3
1
0
3
25
3
4
1
4
22
3
1
1
5
15
28
33
27
0
6
24
17
24
33
7
2
32
29
35
31
8
26
34
19
9
36
9
29
20
32
32
10
35
21
31
11
31
21
36
7
22
12
23
5
5
13
0
13
3
24
24
24
9
1
14
15
25
15
26
31
36
35
5
17
17
27
28
17
33
17
18
28
18
29
2
35
29
2
19
34
9
19
30
36
20
15
21
36
21
13
13
32
16
22
9
22
1
33
6
0
23
15
17
34
24
15
17
2
1
35
3
26
7
3
18
36
26
21
13
22
5
13
25
7
24
26
10
15
0
22
29
8
10
10
13
3
32
29
18
35
8
31
34
8
21
36
4
19
1
32
34
28
34
36
34
11
35
35
36
32
36
12
22
35
5
13
35
32
19
24
35
24
9
36
35
13
35
4
26
35
1
35
5
17
35
27
34
35
30
36
36
28
36
34
34
36
3
8
35
13
