23
32
18
20
30
23
19
7
11
36
34
31
13
9
32
35
25
14
1
18
36
33
1
19
2
2
20
2
34
12
3
3
12
23
3
29
14
4
36
4
14
22
15
16
5
25
26
27
25
16
6
25
27
27
22
24
7
17
27
17
8
0
36
35
19
29
9
3
36
6
20
10
33
20
21
6
30
11
22
32
4
22
5
31
12
23
13
4
23
24
0
35
14
33
24
25
31
14
3
15
15
16
26
16
1
34
0
27
17
27
35
17
28
9
28
18
9
29
13
29
6
20
19
20
30
20
0
7
7
31
21
31
9
35
32
10
32
14
0
13
11
33
23
4
2
34
24
2
34
17
35
8
35
25
35
36
15
4
27
36
21
36
27
27
28
4
22
13
23
16
25
15
19
30
19
24
0
17
27
1
8
36
22
0
36
29
33
30
36
32
35
35
33
35
20
6
35
11
22
36
34
36
5
35
13
36
35
12
35
10
28
35
14
9
18
35
16
14
30
35
23
10
36
24
36
34
34
35
5
34
35
35
35
36
28
36
3
36
36
22
36
