9
34
8
30
20
11
30
26
18
23
8
19
21
15
20
0
17
22
1
16
1
17
1
0
23
21
2
32
23
19
20
23
3
22
29
13
28
4
22
13
4
21
14
23
5
22
23
2
22
16
6
2
31
16
23
7
2
2
1
31
30
8
2
27
9
19
9
7
33
7
10
35
20
31
10
32
5
27
11
27
35
35
12
9
8
1
23
36
13
32
36
4
24
30
33
14
36
25
34
10
10
16
16
26
16
2
3
27
17
34
36
2
35
13
28
10
33
34
29
7
10
20
20
30
20
30
30
31
21
1
31
22
36
5
22
32
17
36
8
4
33
10
1
24
1
10
36
34
13
36
3
0
35
18
26
1
27
27
18
8
36
20
23
23
11
8
2
2
22
28
6
24
17
22
24
30
29
18
1
31
8
35
34
36
33
36
36
36
21
36
10
36
33
35
3
32
36
27
11
36
35
35
4
34
35
1
6
36
13
32
36
4
28
36
11
35
35
4
27
35
1
3
32
35
34
11
35
15
36
34
36
31
35
10
36
14
17
35
29
11
2
