36
6
0
20
36
0
36
21
26
13
8
22
32
21
32
19
24
1
9
1
36
34
31
18
2
11
2
11
1
25
0
19
3
19
13
32
1
4
24
4
29
1
36
5
14
32
5
15
23
16
6
0
23
1
29
7
35
31
3
3
29
8
2
25
5
19
9
9
32
20
10
28
20
31
27
2
11
10
21
11
28
22
31
12
22
30
33
36
13
36
5
9
9
24
1
35
14
6
31
15
0
11
26
16
26
8
17
4
33
27
36
18
12
28
2
12
18
9
11
29
7
4
13
20
36
30
36
13
8
15
31
4
32
21
32
14
32
23
9
6
36
34
33
18
24
11
12
36
24
25
9
12
26
17
35
26
35
4
23
36
20
24
36
5
22
17
29
20
26
29
0
3
23
29
4
13
30
31
22
3
29
36
16
36
29
0
36
9
17
35
18
34
19
35
29
2
35
36
35
2
35
19
33
35
30
35
33
36
24
35
35
35
35
34
1
35
14
6
30
35
33
11
36
16
34
36
17
28
36
19
36
23
36
28
2
36
17
16
34
29
36
