29
35
30
19
22
18
36
8
10
22
12
17
18
31
17
19
22
10
1
19
33
1
10
1
2
1
2
31
34
17
33
13
3
1
1
13
1
4
1
4
27
14
27
27
5
0
28
36
6
25
6
16
24
30
0
7
29
28
17
5
5
36
8
19
24
3
5
9
5
34
26
10
20
7
21
31
5
11
22
5
31
12
27
23
33
12
13
23
33
6
5
3
36
24
35
14
35
25
6
35
25
25
2
16
11
36
8
27
7
17
27
8
35
36
28
36
14
34
29
0
29
35
30
6
20
30
0
21
3
36
31
12
36
16
17
12
32
36
16
36
33
23
33
33
34
14
18
24
34
20
14
0
18
35
1
35
13
19
1
18
36
3
27
17
24
10
28
15
6
25
16
9
30
30
0
27
21
23
17
30
5
36
35
35
24
35
5
34
35
34
32
36
20
35
22
35
32
11
33
35
1
22
28
32
35
15
0
24
34
36
5
28
36
24
35
35
35
13
26
35
23
16
35
34
36
36
8
36
7
36
27
32
35
10
6
35
14
36
29
36
2
