9 9 9 3 15 15 15 15 15 15 15 2 2 2 2 2 2 2 9 9 9 9 9 9 9 3 9 15 15 15 15 9 15 15 15 15 15 15 9 15 15 15 15 15 9 15 15 15 15 15 2 3 10 3 2 2 10 2 3 3 3 3 9 2 2 2 2 9 9 15 9 9 9 9 9 3 15 15 15 9
9 9 9 15 8 15 15 15 15 15 2 2 2 2 2 2 2 2 15 15 15 15 15 15 15 15 15 9 15 15 15 15 15 15 3 15 15 9 15 15 15 15 15 9 9 9 9 9 9 9 9 9 9 2 9 15 15 15 15 9 9 15 9 9 9 9 9 9 9 9 2 2 2 2 2 9 9 9 2 2
9 9 9 15 15 15 15 15 15 15 7 2 2 2 2 2 2 2 2 15 15 15 15 15 15 15 15 15 15 15 9 15 15 15 15 15 15 9 15 15 9 9 9 9 9 9 9 9 9 9 2 4 4 15 15 2 2 2 2 2 2 2 2 12 12 12 9 9 9 9 9 15 15 2 2 2 2 2 2 2
9 9 9 15 15 15 15 15 15 15 2 2 2 2 2 2 2 9 9 9 9 9 9 9 9 9 9 9 9 9 8 2 2 2 2 9 9 9 9 9 9 9 9 9 9 9 9 9 9 9 10 15 15 15 15 15 15 15 15 15 15 15 15 15 15 15 15 9 9 9 9 9 9 9 9 2 10 2 12 12
9 9 9 15 15 15 15 15 15 15 2 2 2 2 2 2 2 9 9 9 9 9 9 9 9 1 10 10 10 9 10 12 12 9 12 9 9 9 9 9 9 9 15 15 15 9 9 15 15 15 15 15 15 15 12 12 12 12 12 15 15 15 15 15 9 9 9 9 9 15 15 15 12 2 2 2 12 3 3 15
9 9 9 15 15 15 15 15 15 15 2 2 16 2 2 2 9 9 2 2 9 9 9 9 3 15 15 15 15 15 9 15 15 15 15 15 15 9 15 15 15 15 15 15 9 15 15 2 15 15 3 9 9 9 10 10 10 10 10 9 9 9 9 9 9 2 2 2 2 2 9 9 9 2 2 2 9 2 2 2
9 9 9 15 15 15 15 15 15 15 2 2 2 2 2 2 2 6 9 9 9 1 9 9 9 10 10 10 12 12 12 12 12 12 4 9 15 15 15 15 15 15 15 15 15 15 9 9 4 2 2 12 2 2 2 2 2 3 3 3 3 3 3 9 3 9 3 3 9 9 9 9 15 9 9 15 15 15 15 15
9 9 9 15 15 15 15 15 15 15 2 2 2 2 2 2 2 9 9 2 15 15 15 15 15 15 15 2 15 15 15 3 3 9 15 15 3 15 15 9 9 9 9 9 9 9 9 9 9 9 9 9 2 9 3 9 9 9 9 9 9 9 15 9 9 9 9 9 9 15 2 15 2 2 2 2 2 2 15 9
9 9 9 15 15 15 15 15 15 15 2 2 2 2 2 3 9 9 9 9 9 9 9 2 2 9 3 3 3 3 3 3 3 3 3 3 9 5 5 5 5 5 15 15 15 15 15 9 15 15 9 9 9 2 2 2 2 2 2 9 9 15 9 9 9 9 9 9 9 9 9 9 9 9 9 9 9 9 2 9
9 9 9 15 15 15 15 15 15 15 2 2 10 2 2 2 9 9 2 2 9 9 9 9 3 15 15 15 15 15 9 15 15 15 15 15 15 9 15 15 15 15 15 15 9 15 15 2 15 15 3 9 9 9 10 10 10 10 10 9 9 9 9 9 9 2 2 2 2 2 9 9 9 2 2 2 9 1 9 9
