# Results obtained using DQN. CPU time: 20.904156923294067
0.00350067  57.00000000  0.00006421  80.00000000  2566.55609701  0.00000000
0.00000755  77.00000000  0.00000747  80.00000000  1505.29907941  0.00000000
0.00070545  78.00000000  0.00070545  80.00000000  3247.10732445  0.00000000
0.01079828  77.00000000  0.01061068  80.00000000  3051.35016404  0.00000000
0.00013065  71.00000000  0.00000127  80.00000000  1808.48804276  0.00000000
0.00055533  65.00000000  0.00042576  80.00000000  1759.23197897  0.00000000
0.00017971  74.00000000  0.00009578  80.00000000  1536.79959991  0.19919630
0.00128084  76.00000000  0.00083201  80.00000000  1490.84294836  0.48893637
0.00174672  75.00000000  0.00136953  80.00000000  2173.29663049  0.77867643
0.00083087  53.00000000  0.00064511  80.00000000  2215.76974729  0.99000000
0.00039378  65.00000000  0.00032083  80.00000000  3011.88105872  0.99000000
0.00197045  75.00000000  0.00166419  80.00000000  3011.85895344  0.99000000
0.00197045  75.00000000  0.00166419  80.00000000  3011.85895344  0.99000000
0.00225288  73.00000000  0.00038140  80.00000000  3011.85887784  0.99000000
0.04323503  66.00000000  0.00526766  80.00000000  3118.64893984  0.99000000
0.00194449  75.00000000  0.00190482  80.00000000  3014.21691823  0.99000000
0.00197045  75.00000000  0.00166419  80.00000000  3011.85895344  0.99000000
0.00197045  75.00000000  0.00166419  80.00000000  3011.85895344  0.99000000
0.00197045  75.00000000  0.00166419  80.00000000  3011.85895344  0.99000000
0.00238754  74.00000000  0.00161359  80.00000000  3011.85905878  0.99000000
0.00191741  72.00000000  0.00040983  80.00000000  3011.85889804  0.99000000
0.05821982  57.00000000  0.01944525  80.00000000  3385.89873651  0.99000000
0.00162505  71.00000000  0.00146602  80.00000000  3011.85889187  0.99000000
0.00197045  75.00000000  0.00166419  80.00000000  3011.85895344  0.99000000
0.00223298  78.00000000  0.00223298  80.00000000  2773.96621079  0.99000000
0.00163279  78.00000000  0.00163279  80.00000000  3012.51519117  0.99000000
0.00197045  75.00000000  0.00166419  80.00000000  3011.85895344  0.99000000
0.00145542  71.00000000  0.00117951  80.00000000  3011.85887272  0.99000000
0.03956446  72.00000000  0.02533050  80.00000000  2837.74976094  0.99000000
0.00197045  75.00000000  0.00166419  80.00000000  3011.85895344  0.99000000
0.00191434  72.00000000  0.00029354  80.00000000  3011.85888526  0.99000000
0.00598683  78.00000000  0.00598683  80.00000000  2738.12539812  0.99000000
0.00197045  75.00000000  0.00166419  80.00000000  3011.85895344  0.99000000
0.00193861  72.00000000  0.00134844  80.00000000  3011.85899000  0.99000000
0.00197045  75.00000000  0.00166419  80.00000000  3011.85895344  0.99000000
0.00075159  75.00000000  0.00037305  80.00000000  3011.85867914  0.99000000
0.00197045  75.00000000  0.00128122  80.00000000  3011.85894723  0.99000000
0.00100066  69.00000000  0.00081228  80.00000000  3011.85877232  0.99000000
0.00197045  75.00000000  0.00166419  80.00000000  3011.85895344  0.99000000
0.00197045  75.00000000  0.00166419  80.00000000  3011.85895344  0.99000000
0.00197045  75.00000000  0.00166419  80.00000000  3011.85895344  0.99000000
0.00061406  77.00000000  0.00055362  80.00000000  3081.33470217  0.99000000
0.00062791  78.00000000  0.00062791  80.00000000  3011.85870571  0.99000000
0.00197045  75.00000000  0.00166419  80.00000000  3011.85895344  0.99000000
0.00074210  73.00000000  0.00015686  80.00000000  3011.85870731  0.99000000
0.00197045  75.00000000  0.00166419  80.00000000  3011.85895344  0.99000000
0.00263194  77.00000000  0.00256291  80.00000000  3011.94713972  0.99000000
0.00197045  75.00000000  0.00166419  80.00000000  3011.85895344  0.99000000
0.00197045  75.00000000  0.00166419  80.00000000  3011.85895344  0.99000000
0.03375748  78.00000000  0.03375748  80.00000000  2993.69154306  0.99000000
0.01117772  63.00000000  0.00005046  80.00000000  3016.26255957  0.99000000
0.00197045  75.00000000  0.00166419  80.00000000  3011.85895344  0.99000000
0.00197045  75.00000000  0.00166419  80.00000000  3011.85895344  0.99000000
0.00194835  75.00000000  0.00164368  80.00000000  3011.68667591  0.99000000
0.00180196  71.00000000  0.00011305  80.00000000  3011.85886203  0.99000000
0.00197045  75.00000000  0.00166419  80.00000000  3011.85895344  0.99000000
0.00068396  78.00000000  0.00068396  80.00000000  3011.85865570  0.99000000
0.00429427  78.00000000  0.00429427  80.00000000  2723.73930324  0.99000000
0.00243610  77.00000000  0.00241066  80.00000000  3011.85912802  0.99000000
0.00197045  75.00000000  0.00166419  80.00000000  3011.85895344  0.99000000
0.00352242  70.00000000  0.00203521  80.00000000  3013.08946339  0.99000000
0.00197045  75.00000000  0.00166419  80.00000000  3011.85895344  0.99000000
0.00197045  75.00000000  0.00166419  80.00000000  3011.85895344  0.99000000
0.02548252  65.00000000  0.01909553  80.00000000  2760.26084504  0.99000000
0.06432584  75.00000000  0.04443194  80.00000000  2815.00236348  0.99000000
0.00191838  72.00000000  0.00047617  80.00000000  3011.85890575  0.99000000
0.00197045  75.00000000  0.00166419  80.00000000  3011.85895344  0.99000000
0.00254056  78.00000000  0.00254056  80.00000000  3011.85908005  0.99000000
0.00032113  64.00000000  0.00007686  80.00000000  3011.85387183  0.99000000
0.00085433  62.00000000  0.00023804  80.00000000  3014.66500119  0.99000000
0.00197045  75.00000000  0.00166419  80.00000000  3011.85895344  0.99000000
0.00197045  75.00000000  0.00166419  80.00000000  3011.85895344  0.99000000
0.00197045  75.00000000  0.00166419  80.00000000  3011.85895344  0.99000000
0.04325148  66.00000000  0.00528083  80.00000000  3118.60548743  0.99000000
0.12058948  56.00000000  0.00521630  80.00000000  3055.75940179  0.99000000
0.00197045  75.00000000  0.00166419  80.00000000  3011.85895344  0.99000000
0.00143722  78.00000000  0.00143722  80.00000000  2148.67541767  0.99000000
0.00191741  72.00000000  0.00173701  80.00000000  3011.85894287  0.99000000
0.00345538  78.00000000  0.00345538  80.00000000  3011.06013499  0.99000000
0.00197045  75.00000000  0.00166419  80.00000000  3011.85895344  0.99000000
0.00197045  75.00000000  0.00166419  80.00000000  3011.85895344  0.99000000
0.00197045  75.00000000  0.00166419  80.00000000  3011.85895344  0.99000000
0.00850854  78.00000000  0.00850854  80.00000000  2801.39456290  0.99000000
0.00010353  71.00000000  0.00006360  80.00000000  3012.82904957  0.99000000
0.00197045  75.00000000  0.00166419  80.00000000  3011.85895344  0.99000000
0.00197045  75.00000000  0.00166419  80.00000000  3011.85895344  0.99000000
0.00197045  75.00000000  0.00166419  80.00000000  3011.85895344  0.99000000
0.00145094  78.00000000  0.00145094  80.00000000  3013.44619180  0.99000000
0.00016855  62.00000000  0.00004728  80.00000000  3011.86419809  0.99000000
0.05599137  67.00000000  0.01864414  80.00000000  3162.71107045  0.99000000
0.00197045  75.00000000  0.00166419  80.00000000  3011.85895346  0.99000000
0.01442484  78.00000000  0.01442484  80.00000000  2977.63913590  0.99000000
0.00197045  75.00000000  0.00166419  80.00000000  3011.85895344  0.99000000
0.00197019  75.00000000  0.00166398  80.00000000  3011.85272994  0.99000000
0.00197045  75.00000000  0.00166419  80.00000000  3011.85895344  0.99000000
0.00083391  63.00000000  0.00066409  80.00000000  2992.88254034  0.99000000
0.00197046  75.00000000  0.00166419  80.00000000  3011.85895973  0.99000000
0.00197045  75.00000000  0.00166419  80.00000000  3011.85895344  0.99000000
0.00197045  75.00000000  0.00166419  80.00000000  3011.85895344  0.99000000
0.00197045  75.00000000  0.00166419  80.00000000  3011.85895344  0.99000000
0.00197045  75.00000000  0.00166419  80.00000000  3011.85895344  0.99000000
