7
30
24
16
31
23
19
21
22
11
16
10
24
1
1
18
17
24
2
2
18
36
3
3
13
3
4
4
4
32
4
5
5
15
6
16
6
6
7
7
23
7
18
8
25
19
9
9
19
6
10
20
10
5
11
11
22
12
22
12
23
13
23
35
3
8
0
25
15
11
8
26
16
16
32
27
27
17
28
12
18
29
13
19
15
19
30
30
20
14
31
19
21
32
20
18
33
15
23
34
23
24
24
35
2
23
36
36
25
8
3
27
12
27
27
23
25
5
2
6
22
2
6
5
6
36
7
33
33
35
33
5
33
35
30
33
36
7
35
35
11
36
12
35
35
5
35
32
35
35
32
36
36
36
35
35
35
35
35
36
36
36
36
28
35
35
24
35
36
36
