29
30
13
10
35
12
21
19
32
13
22
9
20
1
1
23
36
19
2
2
12
25
3
12
3
24
36
4
33
15
5
29
5
15
32
6
6
0
0
3
18
7
8
8
19
2
9
9
3
3
34
20
5
35
11
11
21
36
12
12
8
23
35
24
8
14
13
35
35
15
25
11
16
26
17
17
0
17
6
5
28
18
7
19
34
29
19
30
8
35
18
21
31
35
22
22
32
20
1
4
23
33
0
18
2
34
25
19
24
35
24
36
11
16
36
5
18
5
17
14
6
27
16
1
31
18
13
5
35
36
35
36
35
35
35
35
35
35
35
35
35
35
36
35
35
36
35
35
30
36
36
28
35
35
15
35
34
11
35
17
9
35
33
36
35
33
35
33
29
33
