20
20
20
20
31
12
31
12
32
22
33
13
1
1
1
1
11
27
2
2
22
25
3
3
14
32
4
4
4
14
5
5
5
21
16
6
6
5
7
4
7
18
8
8
8
0
4
1
26
10
10
10
7
11
0
22
11
12
12
2
23
13
32
9
24
14
6
25
15
32
15
26
16
4
16
27
35
17
8
28
29
9
35
19
30
20
20
20
15
31
21
31
4
32
22
33
9
1
23
33
10
36
34
24
10
35
25
35
8
0
36
4
4
27
25
5
5
9
6
29
14
6
5
17
4
36
27
35
25
8
35
33
31
35
33
35
35
35
35
35
33
35
4
35
35
35
36
35
36
36
33
36
36
28
36
35
35
35
35
16
35
35
17
35
22
33
9
35
19
36
