19
16
30
20
8
7
18
31
33
35
32
16
33
1
1
33
33
33
2
2
0
13
3
29
3
27
4
14
4
1
14
5
16
0
29
6
16
1
17
7
28
3
27
8
18
3
33
19
9
10
35
10
26
21
26
11
31
12
22
12
6
13
23
35
24
14
36
7
15
25
15
4
26
16
6
27
31
27
3
17
18
28
0
19
29
19
8
30
20
6
34
21
31
36
36
32
35
2
23
36
33
24
9
34
24
25
13
3
35
3
26
36
4
4
36
27
11
16
27
29
29
16
29
1
0
0
19
36
8
35
3
35
33
35
35
35
35
26
35
35
33
35
35
33
35
35
28
35
35
24
35
35
31
36
36
35
36
36
36
35
35
36
12
36
17
35
35
29
28
23
