22
12
32
22
7
7
18
18
26
23
7
32
32
19
29
19
27
10
10
11
1
0
1
21
10
21
19
30
2
2
25
20
12
22
3
3
18
13
31
13
23
4
28
4
21
1
14
16
0
5
15
24
21
6
25
6
0
1
31
17
7
23
25
27
7
8
29
18
31
8
31
9
19
27
9
19
10
31
10
3
6
11
11
11
21
3
32
11
12
0
12
22
12
2
3
13
23
32
28
10
14
6
24
14
15
10
15
29
25
8
30
2
16
26
30
11
32
12
17
27
2
10
18
18
0
28
31
32
32
19
29
4
32
19
20
32
2
0
30
21
21
21
21
31
5
2
8
22
12
32
3
18
18
32
20
2
24
23
18
4
19
1
14
25
18
23
16
1
27
5
25
6
14
2
31
30
32
32
32
32
29
31
31
30
31
8
31
31
31
27
31
29
31
7
31
32
30
31
29
31
21
32
30
32
9
0
31
0
31
29
29
31
32
31
1
31
26
32
0
32
15
30
32
21
23
32
18
31
32
10
31
32
