17
6
27
17
7
9
31
32
12
29
12
28
13
29
29
15
13
32
29
19
1
16
1
30
21
22
22
2
20
11
2
26
2
3
12
3
3
24
19
24
4
4
4
4
29
1
5
20
5
5
15
15
22
6
6
24
6
16
7
2
7
7
26
17
8
24
8
27
18
4
18
9
1
32
31
26
19
26
20
10
32
6
10
11
29
2
21
11
12
32
12
7
32
30
13
13
23
7
32
14
4
24
32
6
1
15
15
1
25
15
15
2
3
4
26
16
4
17
27
17
7
9
31
32
12
28
13
28
11
29
29
32
13
32
29
3
20
1
10
30
21
32
22
15
13
31
22
22
2
3
12
32
11
24
19
15
4
4
25
25
21
25
19
20
5
5
1
15
22
6
6
21
6
18
25
30
31
25
31
5
31
29
31
29
31
30
28
31
28
32
31
31
31
32
0
10
31
27
31
29
31
29
31
27
27
31
1
5
31
30
13
32
32
7
32
32
4
24
31
29
31
22
27
31
29
31
15
31
32
16
32
16
