6 6 6 6 6 6 6 6 6 6 6 3 6 6 6 3 3 2 3 12 12 6 12 6 6 6 6 6 12 12 0 0 0 0 0 0 0 0 0 0 0 3 3 6 6 6 6 6 6 6 6 6 6 6 6 6 6 6 6 6
6 6 6 6 1 3 6 6 6 6 2 0 0 0 0 0 12 12 12 12 12 12 12 12 12 0 0 0 0 0 0 0 0 0 0 0 0 0 0 0 3 3 12 12 12 3 3 6 6 6 6 6 6 6 6 6 6 6 6 6
6 6 6 6 6 6 6 6 3 6 6 6 3 3 3 3 3 3 2 0 0 12 12 12 12 12 12 12 12 12 12 12 0 0 0 0 0 0 0 0 0 0 12 12 12 3 3 12 12 12 6 6 6 6 6 6 6 6 6 6
6 6 6 6 6 6 6 1 3 3 3 3 3 3 3 3 3 12 12 12 12 12 12 12 12 12 12 12 12 12 12 0 0 0 0 0 0 0 0 0 0 0 12 6 6 6 6 6 6 6 6 6 6 6 6 6 6 6 6 6
6 6 6 6 6 6 6 6 6 6 6 6 6 6 6 6 6 5 12 12 3 3 3 3 3 3 3 3 3 3 3 3 3 3 3 3 3 3 3 3 12 6 6 6 6 6 6 6 6 3 6 6 6 6 3 3 3 3 3 3
6 6 6 1 12 12 12 12 12 12 12 12 12 12 12 12 12 12 12 12 12 12 12 12 12 12 12 12 12 12 12 12 12 12 12 12 12 12 12 12 12 12 12 12 12 3 3 6 6 6 6 6 6 6 6 6 6 6 6 3
6 6 1 12 12 12 12 12 12 12 12 12 12 12 12 12 12 12 12 12 12 12 12 12 12 12 12 12 12 12 12 12 12 12 12 12 12 12 12 12 12 12 12 12 3 3 6 6 6 6 6 6 6 6 6 6 6 3 3 3
6 6 6 6 1 3 6 6 6 6 2 0 0 0 0 0 12 12 12 12 12 12 12 12 12 0 0 0 0 0 0 0 0 0 0 0 0 0 0 0 3 3 12 12 12 3 3 6 6 6 6 6 6 6 6 6 6 6 6 6
6 6 1 12 12 12 12 12 12 12 12 12 12 12 12 12 12 12 12 12 12 12 12 12 12 12 12 12 12 12 12 12 12 12 12 12 12 12 12 12 12 12 12 12 3 3 6 6 6 6 6 6 6 6 6 6 6 3 3 3
6 6 6 6 6 6 1 12 12 12 12 12 12 12 12 12 12 12 12 12 12 12 12 12 6 12 12 2 2 2 2 2 12 12 12 12 12 12 12 12 12 12 12 12 12 12 12 12 12 6 6 6 6 6 6 6 6 6 6 6
