22
58
21
33
52
58
10
58
23
28
7
24
55
41
28
1
1
60
16
53
13
2
24
20
64
3
13
3
19
13
46
4
56
55
62
1
5
42
35
0
6
31
2
47
7
4
30
7
26
4
56
56
9
9
29
9
29
10
33
10
54
40
63
11
45
59
12
5
54
54
13
3
13
4
32
14
61
54
6
15
57
28
16
28
52
5
16
63
17
30
59
18
54
61
56
31
19
62
44
16
2
20
44
33
1
33
34
22
34
6
22
45
1
58
2
2
2
44
52
25
43
23
57
39
4
52
23
40
27
21
47
14
28
51
26
58
47
42
42
30
63
10
31
44
44
31
14
45
32
46
20
24
21
33
22
6
34
52
61
58
8
32
10
57
64
11
36
50
52
15
62
51
58
20
16
53
61
52
52
58
62
17
21
28
64
24
55
3
13
11
61
60
16
63
44
20
12
20
64
45
7
59
12
62
46
4
62
60
62
63
28
28
23
61
18
5
6
62
26
47
30
51
63
12
32
4
42
20
64
9
34
23
27
5
9
40
43
15
4
43
45
21
25
55
35
56
0
64
40
42
61
63
59
16
61
63
61
56
21
63
59
63
63
30
16
63
16
63
63
31
58
63
36
63
35
63
9
62
63
16
63
63
58
60
64
45
64
55
64
42
2
3
22
25
63
63
57
48
26
39
62
63
27
10
63
58
63
51
63
62
63
63
60
56
63
54
63
15
62
54
20
45
2
46
63
61
63
33
22
4
0
19
64
58
8
32
10
58
64
20
31
16
58
15
64
45
58
38
0
