38
16
27
13
5
38
9
36
36
9
62
14
38
8
40
1
1
32
63
58
25
2
44
20
21
3
36
3
53
46
4
46
4
30
21
5
63
5
1
18
6
18
17
3
7
47
7
38
3
8
20
64
9
32
6
2
9
10
10
22
7
50
38
11
39
8
12
38
0
9
38
49
13
55
14
3
26
3
47
15
64
63
12
16
28
2
59
17
3
37
58
18
30
46
47
19
63
7
6
20
59
20
48
33
11
43
52
51
22
35
60
5
61
13
24
36
15
24
53
57
25
38
19
48
26
16
13
27
12
27
0
1
48
47
12
41
42
13
59
63
30
0
1
6
56
22
31
44
54
51
2
57
33
63
64
46
63
10
11
24
60
35
48
49
36
63
6
63
23
55
62
1
28
62
38
16
27
32
27
52
40
64
54
59
16
64
26
42
54
16
2
32
56
17
25
9
44
20
22
10
36
58
1
46
23
46
4
25
21
3
18
48
61
39
25
63
62
3
31
1
7
26
3
18
20
64
15
21
23
2
28
10
4
22
46
50
12
15
0
18
50
24
26
56
6
49
11
55
64
9
61
63
59
61
61
63
37
59
59
2
63
63
3
63
17
63
63
1
33
63
59
63
63
56
64
53
64
64
11
64
62
17
49
57
23
63
61
63
34
60
60
62
60
57
62
47
46
63
46
63
48
27
56
57
0
43
64
59
37
41
45
52
59
63
63
56
1
50
56
45
62
32
41
60
43
63
37
63
64
63
46
20
40
12
60
56
3
64
25
40
29
7
40
55
62
60
17
55
31
