18
17
38
18
39
13
15
9
40
8
63
15
9
9
29
1
1
39
64
34
2
57
2
12
29
62
3
43
41
35
46
14
20
4
52
5
61
34
45
48
6
42
37
46
1
52
7
4
41
8
45
64
4
28
9
48
6
29
10
23
37
57
33
11
3
62
12
2
1
47
13
25
42
13
44
5
14
42
46
27
1
46
15
16
4
29
0
29
17
37
11
18
30
53
42
50
45
10
42
19
9
10
53
21
63
33
58
34
57
2
23
22
17
51
0
50
24
24
36
13
37
58
37
38
26
16
19
27
21
53
57
40
28
50
52
2
63
12
48
30
15
30
49
25
31
6
44
44
63
6
45
45
33
33
63
64
34
62
63
14
5
63
35
55
36
12
15
15
4
8
63
21
8
52
38
60
10
52
39
21
15
9
59
0
35
15
31
9
29
19
13
39
64
34
3
14
63
12
64
62
28
40
41
63
46
43
46
15
43
9
61
34
45
46
62
42
37
63
47
26
28
4
41
51
27
64
52
16
17
9
22
19
20
53
37
55
23
55
34
0
12
2
1
3
56
64
25
13
44
43
63
59
56
61
21
35
63
59
59
63
63
2
59
63
63
18
37
53
64
63
63
63
59
63
64
59
64
57
63
35
60
63
62
62
37
62
57
63
55
62
19
62
7
62
63
60
29
62
26
62
45
63
57
63
57
56
58
41
5
63
63
12
57
63
62
30
63
11
59
48
46
44
63
51
56
45
60
62
63
54
16
62
63
56
5
63
35
55
14
21
15
0
63
8
63
28
2
11
7
