5
36
16
27
61
34
40
28
54
41
30
49
19
45
29
1
1
18
34
24
2
44
2
42
36
3
37
43
3
37
37
4
17
40
62
22
5
45
17
28
6
42
32
26
36
7
1
32
1
47
8
5
48
9
41
0
32
10
5
7
22
22
11
11
41
46
2
12
48
53
53
13
25
25
49
14
7
40
36
7
28
5
15
16
16
51
57
42
6
30
30
3
31
62
19
63
19
59
33
12
20
2
4
21
45
11
21
22
22
61
3
60
55
6
3
23
24
60
62
53
25
5
8
17
14
26
62
4
23
18
60
27
28
52
2
9
19
63
27
29
64
62
30
31
1
22
59
31
60
32
56
30
33
63
62
15
31
1
21
34
50
17
61
7
59
16
37
34
28
37
9
26
38
26
35
36
16
8
28
59
40
28
61
41
30
5
19
42
31
59
39
18
12
11
32
44
58
12
59
63
3
46
11
37
37
46
37
62
62
12
61
29
38
64
64
17
32
9
19
7
29
16
1
29
52
5
40
37
40
1
1
53
1
39
52
10
6
20
41
38
37
17
35
41
53
1
40
23
64
53
59
59
61
63
61
35
59
58
29
63
57
21
59
17
63
63
24
63
19
63
63
59
54
52
61
63
63
54
61
61
54
64
22
61
63
63
55
60
2
58
39
60
62
16
63
62
39
62
18
63
62
54
17
62
60
63
59
63
60
52
63
63
15
53
64
61
62
32
51
22
59
53
26
61
56
63
61
63
61
47
6
25
48
50
12
9
61
7
24
63
37
63
23
37
9
63
3
39
10
