39
37
7
48
52
40
58
20
19
18
40
44
17
37
11
1
1
26
43
21
2
2
44
2
31
3
3
3
28
36
4
4
59
4
16
5
24
5
60
48
6
26
49
41
43
7
2
37
19
8
20
3
46
9
47
30
4
10
29
48
10
4
11
4
23
47
1
12
2
25
31
13
39
6
55
14
40
64
46
27
15
6
4
57
16
62
48
17
17
8
64
55
7
61
45
19
63
62
63
20
15
20
59
21
1
21
34
8
47
22
50
12
23
36
2
24
7
62
64
56
24
25
7
38
17
26
4
5
60
55
54
28
40
41
19
28
12
63
10
30
63
13
52
30
7
58
61
7
17
10
46
32
45
8
55
22
34
26
59
9
35
55
5
1
20
55
33
33
37
0
33
15
50
38
39
28
56
55
52
40
2
20
62
25
40
62
5
37
64
8
42
55
36
32
62
2
44
24
61
28
27
63
62
58
4
44
34
27
63
5
24
14
60
6
39
61
49
6
18
15
25
3
19
8
63
52
21
64
23
36
4
52
2
44
10
4
21
42
23
5
45
12
46
27
36
45
55
35
8
37
64
15
63
31
63
61
61
46
63
59
18
17
63
57
63
12
7
30
21
63
63
62
37
63
62
63
63
21
63
29
58
63
63
63
64
58
32
23
45
56
34
62
64
58
53
62
60
3
56
62
52
62
60
64
54
28
48
25
58
28
63
63
51
39
63
61
52
30
64
58
3
9
53
63
61
59
63
47
58
60
41
62
3
63
51
64
5
20
64
2
62
62
10
0
61
36
50
38
62
