31
16
32
19
7
5
6
31
27
43
55
41
15
14
45
1
9
1
21
2
43
2
2
58
22
3
34
3
32
37
51
4
62
38
22
5
23
62
24
28
6
48
30
42
2
7
18
55
49
8
50
2
0
0
9
4
0
10
35
3
39
2
11
23
58
23
48
24
12
23
13
8
4
40
14
41
59
48
15
50
50
15
28
16
7
57
59
17
17
1
63
5
49
42
52
44
57
53
32
20
15
54
15
14
21
34
22
36
63
49
35
9
2
51
5
1
8
23
24
25
37
51
63
60
38
26
6
39
15
21
40
4
6
28
6
54
19
63
19
43
30
13
59
61
21
13
17
32
11
46
58
9
33
3
20
23
34
7
35
7
35
9
17
36
64
1
10
37
62
20
16
13
38
63
31
32
12
16
7
40
20
13
5
15
55
41
15
14
13
1
4
63
21
10
43
2
18
58
16
3
11
3
32
19
20
46
1
60
60
24
20
62
62
2
49
12
30
25
29
7
62
28
15
22
50
24
28
52
43
4
30
10
54
1
1
15
19
2
27
23
54
21
13
23
28
28
37
12
30
64
59
59
63
61
50
47
61
63
59
57
59
17
63
53
63
5
63
63
52
57
63
63
63
61
64
64
64
62
59
64
22
64
42
49
64
31
49
64
46
64
46
60
10
63
54
63
63
55
44
64
59
63
63
21
62
37
62
63
6
54
62
63
46
11
63
61
59
61
64
64
5
29
4
46
58
63
3
3
17
54
28
33
62
15
62
64
60
64
58
62
10
28
62
62
16
56
8
63
63
