4
39
51
60
59
56
53
59
23
0
55
58
53
62
1
1
43
52
1
17
2
2
27
21
19
50
60
3
22
46
4
15
4
41
24
33
5
34
61
59
57
6
47
18
7
63
19
42
48
8
59
64
20
36
9
21
59
10
37
51
37
11
6
30
23
11
35
0
12
55
25
13
4
4
14
6
26
2
58
15
41
46
12
12
16
59
29
17
7
30
59
18
13
30
6
19
8
10
60
20
40
54
20
49
49
34
51
8
52
51
22
56
23
55
36
36
24
47
37
8
38
15
61
56
63
12
10
62
11
56
40
54
28
64
3
51
11
7
29
7
30
11
15
53
61
18
44
14
45
57
10
6
58
46
49
1
56
34
15
35
4
48
21
60
61
62
4
5
56
22
58
57
38
5
0
39
26
31
13
5
53
64
40
0
13
24
16
25
3
62
18
61
22
21
57
16
14
21
19
9
64
24
45
46
38
47
13
60
5
32
18
18
61
64
19
48
45
18
64
63
63
20
17
8
43
64
28
22
37
3
25
45
26
25
7
40
29
9
32
20
15
27
0
55
25
0
44
64
51
63
14
59
61
63
59
61
21
47
63
59
8
63
45
63
59
63
63
63
57
63
63
51
60
63
63
60
63
63
60
52
63
63
61
58
41
63
59
64
61
5
24
63
63
8
61
15
61
61
63
33
53
62
64
1
40
61
59
64
25
51
28
58
63
53
15
59
15
63
61
18
20
10
59
57
62
63
21
63
33
5
24
19
60
57
61
5
63
60
61
7
4
38
2
64
6
57
32
12
43
