12
51
22
25
29
19
20
9
9
0
0
15
53
49
1
1
23
1
11
63
2
2
0
13
11
3
3
3
13
33
4
4
49
4
22
5
5
27
38
49
6
54
18
17
7
7
18
19
48
3
8
19
40
51
9
62
29
30
10
62
42
42
11
3
43
1
50
12
0
40
25
25
13
49
55
14
51
2
27
15
50
28
28
16
12
8
55
17
3
14
43
63
15
18
47
19
5
54
61
51
20
60
54
18
5
34
34
13
22
21
19
12
20
56
23
18
52
37
12
37
38
38
9
26
14
51
11
27
24
24
28
28
1
25
28
3
29
11
8
8
27
55
1
31
26
31
44
45
15
63
25
8
33
60
59
15
34
24
23
35
11
63
5
4
61
36
37
9
60
17
26
14
20
38
12
23
39
27
29
19
22
61
13
8
15
30
25
55
10
64
23
43
8
63
2
7
3
61
58
64
3
3
1
33
2
46
29
16
60
39
61
8
38
41
43
49
41
1
20
28
18
19
25
3
42
64
40
50
10
5
10
46
10
46
42
42
22
7
43
1
50
42
24
24
2
25
31
64
50
14
63
58
61
14
59
63
61
53
12
5
63
58
63
59
63
63
63
63
63
19
63
57
63
60
57
63
54
63
59
34
63
63
62
62
63
50
63
36
63
60
64
50
62
52
62
64
64
51
58
56
62
63
60
63
60
60
52
64
28
3
29
63
63
10
4
55
61
62
4
2
44
45
15
63
63
46
33
60
18
15
60
57
16
35
54
63
21
4
61
36
1
9
4
17
52
54
61
38
40
