52
25
27
47
39
27
30
20
10
35
10
22
41
50
40
1
1
58
20
62
37
2
32
45
13
3
58
3
20
15
4
0
4
1
1
30
5
17
64
59
6
49
49
18
38
7
31
61
8
39
20
47
53
9
30
9
35
6
2
10
33
11
23
11
24
4
12
60
12
50
56
13
0
45
14
26
14
49
48
15
44
28
1
7
16
29
3
17
8
4
30
31
18
13
41
59
19
12
46
32
40
20
44
63
33
49
8
54
22
63
47
48
23
19
48
24
58
37
51
45
62
25
38
56
62
26
13
64
27
61
59
61
41
52
20
63
29
3
15
30
4
43
14
13
31
44
56
32
63
3
60
46
11
33
60
64
64
19
48
35
60
35
35
30
28
24
19
10
50
37
61
57
38
51
52
8
60
16
61
59
19
22
61
59
62
22
41
42
40
30
22
4
20
16
29
19
44
57
19
62
58
28
24
4
46
38
9
45
20
30
39
61
8
29
28
62
49
18
7
41
5
3
51
39
20
64
31
64
29
2
64
6
9
52
33
50
29
24
24
4
40
24
39
30
56
64
51
45
63
58
21
61
63
61
61
61
63
63
59
63
63
15
63
63
63
61
63
57
63
63
54
61
63
32
63
63
61
64
63
57
63
63
64
63
47
63
60
62
63
58
58
37
64
45
62
54
38
56
62
64
62
59
59
61
59
61
55
27
20
63
57
63
53
30
39
58
12
63
63
59
61
63
63
63
61
27
59
59
49
64
64
55
62
38
60
35
63
33
63
24
63
10
50
13
64
57
19
46
13
