26
16
8
9
19
7
30
12
32
18
11
8
12
19
13
15
20
22
24
15
1
10
1
31
10
1
16
15
2
19
17
0
26
2
12
0
3
0
30
32
18
4
32
4
0
23
20
21
14
25
5
16
26
21
6
26
6
22
2
16
16
22
7
17
17
17
27
8
18
4
2
31
8
19
10
24
10
26
25
30
9
5
20
31
6
31
21
29
6
1
29
7
6
3
22
12
22
27
13
23
31
4
0
24
14
3
31
24
24
32
6
7
25
6
16
31
5
26
5
0
31
3
17
27
17
10
18
12
10
28
8
7
19
8
29
19
0
29
20
12
11
2
12
30
21
11
15
9
10
11
31
22
1
12
13
22
14
32
23
11
4
12
13
0
18
14
8
25
4
7
5
26
17
26
11
17
22
23
27
20
11
30
32
2
30
27
31
30
20
29
31
0
31
31
1
32
26
32
30
32
5
25
31
29
19
31
32
0
32
30
22
16
31
19
27
8
31
4
14
31
30
31
27
14
32
11
24
26
32
6
9
14
32
14
31
5
31
30
3
