26
27
11
27
15
6
6
16
8
22
8
21
29
8
17
28
11
29
29
9
1
20
18
1
30
30
21
1
2
25
19
2
12
22
2
21
28
3
12
12
24
2
4
32
4
2
14
23
0
5
2
25
15
26
2
16
6
16
28
20
26
17
2
29
32
17
7
8
29
28
18
18
9
9
19
24
22
24
3
10
20
10
32
10
2
11
6
3
21
27
22
22
12
31
22
2
13
30
13
8
23
28
30
14
28
24
5
0
25
15
1
25
25
7
10
16
31
26
15
31
17
16
27
11
6
6
18
18
18
13
28
7
28
19
8
29
7
29
6
13
20
30
2
30
30
7
1
4
31
15
31
12
22
12
2
0
32
6
12
24
2
13
13
16
2
24
6
0
5
9
25
13
26
3
0
6
16
22
23
25
24
30
29
32
17
29
23
29
31
18
31
32
32
25
32
29
32
0
32
22
10
32
8
28
32
11
32
30
31
22
31
24
31
31
22
32
30
13
32
27
32
30
0
32
30
8
31
25
31
29
31
31
32
3
32
31
31
29
1
