5
25
17
27
19
31
20
27
29
11
11
25
27
16
19
26
18
9
32
26
18
1
22
28
15
19
21
2
11
2
29
30
11
17
21
12
3
30
28
32
20
13
4
4
4
23
19
14
5
4
5
20
32
32
6
2
6
5
2
22
7
7
16
7
16
0
8
8
31
27
8
2
28
27
9
6
19
30
6
3
10
25
20
26
31
2
2
30
21
12
11
12
6
5
22
30
22
2
13
23
6
28
6
24
13
30
0
0
12
15
9
15
25
16
16
26
3
16
16
26
17
17
27
10
31
18
27
31
18
11
7
28
11
19
17
29
9
14
29
18
15
30
19
21
15
30
2
11
18
1
22
31
9
15
23
19
14
13
32
13
11
10
4
21
7
16
19
24
21
5
4
16
25
26
2
26
25
2
1
11
9
26
22
16
31
29
8
30
27
22
31
28
30
16
31
28
31
30
31
23
31
31
9
31
1
25
30
32
28
25
9
32
5
21
30
31
18
30
31
6
28
19
31
8
30
29
20
31
15
9
15
32
22
16
32
3
32
16
31
