25
16
13
12
32
27
23
27
25
11
18
26
7
7
0
9
20
14
32
29
1
24
1
27
30
1
19
2
11
2
31
32
27
22
29
32
3
21
32
0
13
13
25
4
31
14
23
28
5
18
5
31
18
32
6
6
16
6
21
25
31
7
16
21
18
17
7
8
17
19
8
4
19
9
18
9
29
32
10
30
32
5
10
31
20
20
21
25
0
4
12
26
30
6
27
31
22
22
13
7
23
27
26
30
14
30
32
24
0
3
25
7
15
31
6
16
16
2
1
26
2
7
12
32
27
1
10
9
13
28
29
28
28
0
9
20
32
20
29
12
20
11
9
30
30
30
2
22
4
31
32
22
1
31
31
2
2
32
7
8
32
14
8
19
25
15
25
5
25
5
3
18
14
6
24
25
7
3
4
8
6
9
5
18
31
7
30
2
26
32
1
27
8
32
30
31
24
23
31
25
27
23
31
5
30
28
29
31
9
23
30
30
28
27
31
8
22
29
3
13
32
30
13
20
30
32
30
0
14
31
7
15
31
30
31
16
31
1
31
