25
9
18
26
22
11
27
9
11
11
18
31
31
27
29
25
0
20
27
9
1
14
21
1
24
22
30
27
2
11
1
2
11
11
11
28
3
0
19
23
23
24
4
14
21
4
15
32
22
5
0
22
22
16
15
6
17
6
28
7
7
23
17
7
17
23
17
8
19
8
30
8
30
26
25
9
3
4
19
20
28
4
10
21
21
11
29
3
29
10
22
30
12
6
22
23
13
31
0
13
23
31
3
31
24
6
32
15
32
30
15
25
31
16
14
16
31
7
6
26
9
26
5
27
11
27
31
11
18
18
31
28
19
10
32
20
20
29
17
6
5
3
30
32
22
30
22
2
32
20
31
18
16
3
10
32
0
17
23
32
24
22
24
2
4
15
24
16
5
16
4
18
19
25
26
17
6
20
7
27
23
17
32
17
4
32
11
23
31
31
31
30
32
26
26
32
26
31
20
28
32
30
21
21
11
32
23
8
32
13
30
32
6
27
12
17
31
0
15
5
31
28
31
32
30
32
15
24
31
15
25
31
16
27
1
31
7
6
32
