17
7
24
24
7
32
17
24
13
28
19
29
0
26
18
29
15
31
0
10
1
27
1
1
16
31
19
2
11
2
1
20
17
26
19
3
12
2
20
3
22
23
22
4
30
14
2
14
1
21
5
2
26
15
31
6
16
31
6
26
23
7
32
30
6
7
8
6
18
8
24
4
9
9
19
30
9
3
20
30
10
1
29
31
21
11
21
26
21
11
30
12
5
22
12
27
23
31
23
13
28
23
2
13
14
12
2
15
13
15
25
4
4
7
6
15
26
10
31
17
4
27
17
7
32
17
18
18
28
19
2
0
19
18
29
29
29
3
11
30
30
20
30
12
14
14
16
3
31
21
10
16
15
15
22
32
2
14
1
12
18
18
4
0
14
2
25
1
15
5
22
26
11
24
5
25
7
4
4
23
30
32
29
5
32
8
23
29
32
28
29
26
9
31
9
9
31
2
30
10
12
29
31
28
26
21
26
6
32
30
20
32
31
31
27
28
31
29
13
19
31
17
13
31
28
31
30
31
15
25
31
10
11
31
30
31
10
31
0
