15
28
27
14
31
7
0
11
31
23
24
32
32
8
9
22
31
29
9
10
1
29
17
1
10
27
1
0
2
31
2
2
12
12
20
3
18
20
3
27
21
25
4
13
13
20
14
4
5
14
5
23
24
5
25
6
1
27
16
6
17
1
7
3
17
6
1
30
8
18
8
0
19
9
0
9
8
19
10
4
20
10
2
20
20
26
4
11
2
22
2
8
12
5
27
8
10
32
13
23
24
23
32
30
14
32
24
15
15
11
6
25
16
15
16
30
31
30
26
12
26
27
9
31
9
17
9
13
9
32
28
10
29
9
32
12
29
7
20
2
0
11
30
10
0
1
0
16
31
22
2
12
13
4
3
0
32
4
14
21
22
14
13
21
24
14
4
5
14
4
21
24
19
25
1
19
21
16
4
2
26
31
30
18
32
26
30
26
28
32
0
26
9
25
29
31
8
30
28
31
25
26
31
24
29
4
32
9
31
31
20
12
31
4
31
32
6
32
23
2
32
29
0
31
9
5
31
1
11
31
10
30
31
5
18
31
11
31
32
