32
17
24
13
7
31
8
14
13
20
17
0
28
19
0
21
24
18
9
20
20
1
30
25
32
10
10
0
2
18
27
2
31
12
22
3
32
3
13
3
22
4
13
4
30
24
23
30
5
4
5
28
15
16
6
27
6
5
16
21
2
21
7
17
1
6
18
29
8
18
0
0
0
9
19
30
19
9
29
20
10
30
26
20
30
31
11
21
0
31
10
22
12
27
5
3
13
0
13
23
8
5
8
1
14
24
2
32
12
25
15
1
5
16
9
26
8
16
26
32
17
7
17
27
17
10
3
28
6
32
28
28
19
17
19
29
18
30
20
12
1
30
7
30
20
2
11
3
15
17
31
8
31
22
23
16
23
32
3
19
24
12
7
22
24
23
24
3
4
5
17
21
16
6
21
1
27
21
20
2
31
31
17
32
23
15
32
8
20
31
0
31
30
31
31
27
32
29
30
1
31
26
4
30
31
11
30
0
32
10
15
5
31
26
30
31
10
31
14
31
29
8
31
0
31
28
32
29
26
20
32
5
16
32
26
31
0
31
30
