17
26
10
15
26
14
12
32
24
17
13
12
29
14
13
14
29
14
1
29
1
9
9
17
16
16
18
1
18
2
23
31
32
21
11
3
11
3
32
3
0
4
1
4
0
21
25
27
5
32
24
15
5
1
21
15
6
21
16
28
16
7
29
29
17
17
25
32
8
0
18
30
28
29
9
8
3
9
19
4
10
10
6
5
11
26
11
21
4
31
31
12
2
2
22
32
0
28
13
3
23
3
30
3
14
0
24
29
15
5
2
25
14
15
4
16
9
16
26
3
26
10
8
27
16
27
32
18
17
11
12
28
32
19
8
29
14
5
29
29
20
9
3
15
30
2
1
13
16
22
31
4
7
17
7
2
23
32
18
9
9
24
2
0
21
5
3
5
22
24
23
7
26
5
4
4
8
16
8
16
5
29
29
31
28
1
31
31
9
31
30
28
31
6
31
26
12
32
2
2
26
32
29
11
31
1
8
8
30
31
12
30
24
28
32
2
28
32
3
2
31
30
3
14
31
25
25
27
32
2
25
1
32
4
16
32
2
32
32
