6 13 2 3 8 2 5 7 7 12 4 16 15 0 9 13 5 11 8 7 16 9 5 16 12 8 12 11 3 6 14 3 8 13 3 3 2 8 1 14 14 15 15 0 10 9 14 7 16 8 11 6 13 4 2 6 8 2 13 6 13 0 3 4 1 5 10 6 15 1 7 4 0 16 3 15 8 10 16 9
3 3 3 3 3 3 3 3 12 3 3 3 3 3 3 3 3 3 3 3 3 3 2 3 3 3 2 3 3 3 3 2 3 3 3 2 3 3 3 2 3 3 9 2 3 3 3 2 3 3 3 2 3 3 2 3 6 6 6 6 2 3 3 3 3 2 8 8 8 8 8 6 6 6 6 6 2 3 3 3
15 10 9 2 16 2 4 1 1 2 11 5 9 4 5 16 11 2 13 15 16 12 13 2 9 16 3 8 15 3 5 5 2 4 13 3 12 10 14 0 2 3 3 7 4 9 2 5 4 0 11 4 5 3 12 13 5 7 8 5 8 14 13 10 14 3 16 4 6 9 15 6 0 0 5 6 15 15 12 1
3 3 3 3 3 3 3 3 3 3 3 3 4 3 3 3 3 3 3 3 3 3 3 2 3 3 3 3 2 3 3 3 14 2 3 3 2 3 3 2 3 3 2 3 3 3 2 3 3 3 6 6 6 6 6 6 2 3 3 3 3 3 2 2 2 2 2 2 2 2 3 3 2 3 2 2 2 2 2 6
4 0 14 14 3 10 5 6 12 13 13 8 13 13 12 13 2 0 14 8 15 4 4 12 11 1 4 15 16 8 13 6 11 15 16 5 5 11 6 5 6 3 2 1 3 6 5 3 10 16 12 12 8 9 5 15 16 13 9 11 0 1 12 10 5 5 4 16 6 8 15 5 5 3 15 5 7 2 0 2
4 15 10 5 15 11 12 9 2 9 5 14 6 9 4 16 15 2 14 5 9 15 2 2 16 7 8 12 9 12 15 10 8 4 8 15 9 10 0 1 5 6 0 3 1 7 2 12 5 12 6 2 15 15 1 9 5 5 9 16 7 2 11 16 9 16 10 12 2 16 9 9 11 6 0 0 14 6 14 14
3 3 3 3 3 3 3 3 16 3 3 3 3 3 3 3 3 3 3 3 3 3 2 3 3 3 2 3 3 3 3 2 3 3 3 2 3 3 3 2 3 3 3 6 6 2 3 3 3 3 2 3 3 2 3 8 6 6 6 6 6 6 6 2 3 3 3 3 2 8 8 8 8 8 6 6 15 15 15 0
2 3 6 6 3 14 3 1 14 3 1 16 3 16 3 5 3 2 4 13 2 3 3 3 3 7 3 3 14 3 16 9 9 6 2 0 16 9 0 0 0 0 0 0 0 14 9 9 9 9 3 3 9 9 9 9 3 5 5 6 8 6 3 3 3 3 3 3 3 3 3 3 3 3 10 6 3 3 3 3
3 3 3 3 3 3 3 3 3 3 3 3 3 5 3 3 3 3 3 3 3 3 2 3 3 3 2 3 3 3 1 3 3 3 3 3 3 3 3 3 3 3 3 3 3 3 3 3 3 3 3 8 8 8 8 8 6 6 6 6 2 3 3 9 9 6 16 6 6 6 6 6 6 6 6 6 6 6 0 0
3 3 3 3 3 3 3 3 3 3 3 15 3 3 3 3 3 3 3 3 3 3 2 3 3 3 2 3 3 3 3 3 2 3 3 3 3 3 2 3 3 3 2 3 3 2 3 3 2 3 2 2 2 8 6 6 6 6 6 6 6 2 3 3 3 3 3 3 2 2 2 2 6 2 3 2 2 8 8 8
