# Results obtained using DQN. CPU time: 20.709588289260864
0.00471905  77.00000000  0.00464217  80.00000000  1978.92159229  0.00000000
0.00031813  71.00000000  0.00014329  80.00000000  2005.71433189  0.00000000
0.00282411  76.00000000  0.00254863  80.00000000  1308.66859039  0.00000000
0.00001237  78.00000000  0.00001237  80.00000000  1317.31194000  0.00000000
0.00343732  73.00000000  0.00156207  80.00000000  2916.91128088  0.00000000
0.01537942  78.00000000  0.01537942  80.00000000  1932.17772760  0.00000000
0.00077278  72.00000000  0.00051249  80.00000000  2375.55502234  0.40250202
0.00293873  78.00000000  0.00293873  80.00000000  1577.05048172  0.98795950
0.00009262  55.00000000  0.00002019  80.00000000  1675.05240468  0.99000000
0.00020490  60.00000000  0.00004091  80.00000000  1675.05240575  0.99000000
0.00020035  60.00000000  0.00005211  80.00000000  1675.18148727  0.99000000
0.00020490  60.00000000  0.00004091  80.00000000  1675.05240575  0.99000000
0.00091864  78.00000000  0.00091864  80.00000000  1683.05284475  0.99000000
0.00020490  60.00000000  0.00004091  80.00000000  1675.05240575  0.99000000
0.00020490  60.00000000  0.00004091  80.00000000  1675.05240575  0.99000000
0.00011646  72.00000000  0.00007376  80.00000000  1677.07782204  0.99000000
0.00020490  60.00000000  0.00004176  80.00000000  1675.05240587  0.99000000
0.00020490  60.00000000  0.00004091  80.00000000  1675.05240575  0.99000000
0.00020490  60.00000000  0.00004091  80.00000000  1675.05240575  0.99000000
0.00016176  64.00000000  0.00004497  80.00000000  1675.04969418  0.99000000
0.00020490  60.00000000  0.00004091  80.00000000  1675.05240575  0.99000000
0.00020490  60.00000000  0.00004091  80.00000000  1675.05240575  0.99000000
0.00020490  60.00000000  0.00006782  80.00000000  1675.05240601  0.99000000
0.00020490  60.00000000  0.00004091  80.00000000  1675.05240575  0.99000000
0.00020490  60.00000000  0.00004091  80.00000000  1675.05240575  0.99000000
0.00020490  60.00000000  0.00004091  80.00000000  1675.05240575  0.99000000
0.00020490  60.00000000  0.00004091  80.00000000  1675.05240575  0.99000000
0.00020490  60.00000000  0.00004091  80.00000000  1675.05240575  0.99000000
0.00020490  60.00000000  0.00004249  80.00000000  1675.05240659  0.99000000
0.00020490  60.00000000  0.00004091  80.00000000  1675.05240575  0.99000000
0.00011527  66.00000000  0.00011405  80.00000000  1713.42983131  0.99000000
0.00018287  59.00000000  0.00015129  80.00000000  1675.22111265  0.99000000
0.00097582  78.00000000  0.00097582  80.00000000  1688.73080449  0.99000000
0.00020490  60.00000000  0.00004039  80.00000000  1675.05240586  0.99000000
0.00020490  60.00000000  0.00004091  80.00000000  1675.05240575  0.99000000
0.00020490  60.00000000  0.00004091  80.00000000  1675.05240575  0.99000000
0.00020490  60.00000000  0.00004091  80.00000000  1675.05240575  0.99000000
0.00020475  60.00000000  0.00004670  80.00000000  1675.08852067  0.99000000
0.00031415  62.00000000  0.00001708  80.00000000  1676.62716939  0.99000000
0.00020490  60.00000000  0.00004091  80.00000000  1675.05240575  0.99000000
0.00020490  60.00000000  0.00004182  80.00000000  1675.05240575  0.99000000
0.00020490  60.00000000  0.00004091  80.00000000  1675.05240575  0.99000000
0.00020490  60.00000000  0.00004091  80.00000000  1675.05240575  0.99000000
0.00020490  60.00000000  0.00004092  80.00000000  1675.05240572  0.99000000
0.00020506  60.00000000  0.00001220  80.00000000  1675.05240598  0.99000000
0.00046127  62.00000000  0.00008084  80.00000000  1688.40530088  0.99000000
0.00022160  60.00000000  0.00003468  80.00000000  1675.04961564  0.99000000
0.00020490  60.00000000  0.00004091  80.00000000  1675.05240575  0.99000000
0.00020490  60.00000000  0.00004091  80.00000000  1675.05240575  0.99000000
0.00020490  60.00000000  0.00004091  80.00000000  1675.05240575  0.99000000
0.00020490  60.00000000  0.00004091  80.00000000  1675.05240575  0.99000000
0.00020490  60.00000000  0.00004091  80.00000000  1675.05240575  0.99000000
0.00009703  78.00000000  0.00009703  80.00000000  1675.10754952  0.99000000
0.00075622  78.00000000  0.00075622  80.00000000  1688.26751187  0.99000000
0.00020490  60.00000000  0.00004119  80.00000000  1675.05240575  0.99000000
0.00014403  57.00000000  0.00002722  80.00000000  1675.05240502  0.99000000
0.00020578  60.00000000  0.00001393  80.00000000  1675.05240574  0.99000000
0.00020490  60.00000000  0.00004091  80.00000000  1675.05240575  0.99000000
0.00020490  60.00000000  0.00004091  80.00000000  1675.05240575  0.99000000
0.00020490  60.00000000  0.00004091  80.00000000  1675.05240575  0.99000000
0.00012499  64.00000000  0.00000774  80.00000000  1675.40164013  0.99000000
0.00020695  60.00000000  0.00006259  80.00000000  1675.16746020  0.99000000
0.00020490  60.00000000  0.00004091  80.00000000  1675.05240575  0.99000000
0.00015459  73.00000000  0.00011690  80.00000000  1676.98016563  0.99000000
0.00025596  58.00000000  0.00021773  80.00000000  1689.42183904  0.99000000
0.00020490  60.00000000  0.00004091  80.00000000  1675.05240575  0.99000000
0.00020490  60.00000000  0.00004091  80.00000000  1675.05240575  0.99000000
0.00012657  65.00000000  0.00004952  80.00000000  1675.05240491  0.99000000
0.00020490  60.00000000  0.00004091  80.00000000  1675.05240575  0.99000000
0.00020490  60.00000000  0.00004091  80.00000000  1675.05240575  0.99000000
0.00020490  60.00000000  0.00001659  80.00000000  1675.05240571  0.99000000
0.00020490  60.00000000  0.00003296  80.00000000  1675.05240650  0.99000000
0.00033035  63.00000000  0.00002945  80.00000000  1676.62500050  0.99000000
0.00208348  76.00000000  0.00196432  80.00000000  1685.26269173  0.99000000
0.00020490  60.00000000  0.00004091  80.00000000  1675.05240575  0.99000000
0.00020330  60.00000000  0.00002524  80.00000000  1675.05240572  0.99000000
0.00015117  56.00000000  0.00002984  80.00000000  1675.05240502  0.99000000
0.00020490  60.00000000  0.00004091  80.00000000  1675.05240575  0.99000000
0.00020490  60.00000000  0.00004091  80.00000000  1675.05240575  0.99000000
0.00031414  62.00000000  0.00001708  80.00000000  1676.62716947  0.99000000
0.00020490  60.00000000  0.00004091  80.00000000  1675.05240575  0.99000000
0.00020490  60.00000000  0.00004091  80.00000000  1675.05240575  0.99000000
0.00019423  59.00000000  0.00002077  80.00000000  1675.14604558  0.99000000
0.00011258  70.00000000  0.00001931  80.00000000  1675.31472343  0.99000000
0.00020490  60.00000000  0.00004091  80.00000000  1675.05240575  0.99000000
0.00025559  58.00000000  0.00016362  80.00000000  1689.20528821  0.99000000
0.00019383  59.00000000  0.00008179  80.00000000  1675.15545663  0.99000000
0.00021367  60.00000000  0.00001779  80.00000000  1675.11331307  0.99000000
0.00020490  60.00000000  0.00004091  80.00000000  1675.05240575  0.99000000
0.00020490  60.00000000  0.00004091  80.00000000  1675.05240575  0.99000000
0.00020490  60.00000000  0.00002411  80.00000000  1675.05240575  0.99000000
0.00020490  60.00000000  0.00004091  80.00000000  1675.05240575  0.99000000
0.00020515  60.00000000  0.00003580  80.00000000  1675.05240594  0.99000000
0.00020490  60.00000000  0.00004091  80.00000000  1675.05240575  0.99000000
0.00020490  60.00000000  0.00004091  80.00000000  1675.05240575  0.99000000
0.00020490  60.00000000  0.00004091  80.00000000  1675.05240575  0.99000000
0.00020490  60.00000000  0.00004091  80.00000000  1675.05240575  0.99000000
0.00009202  65.00000000  0.00004725  80.00000000  1675.06133782  0.99000000
0.00004837  61.00000000  0.00000896  80.00000000  1675.56263687  0.99000000
0.00077714  67.00000000  0.00057464  80.00000000  1688.53979725  0.99000000
0.00021317  62.00000000  0.00000290  80.00000000  1516.70229844  0.99000000
