3
7
12
0
15
21
13
13
24
22
8
7
13
23
14
19
1
1
9
24
10
10
2
2
11
17
2
11
3
3
13
12
13
12
4
4
0
13
1
5
5
14
24
20
6
15
6
22
5
7
7
16
2
8
8
17
8
7
18
9
18
9
18
19
23
10
19
9
23
11
9
20
5
21
12
0
2
21
13
24
24
22
14
14
7
23
14
23
15
23
9
9
24
0
24
2
2
17
2
10
3
3
14
12
2
7
17
10
0
13
19
23
24
24
24
4
24
24
21
24
24
24
23
23
23
23
23
23
23
1
23
19
23
22
23
22
23
23
19
23
23
11
23
20
