20
14
12
7
21
20
9
13
8
7
19
22
14
8
24
8
1
1
14
19
14
22
2
2
2
0
2
11
3
3
20
12
0
4
4
4
13
4
1
5
5
14
24
23
6
6
15
1
7
7
3
7
16
3
8
6
23
17
9
18
4
24
24
9
10
1
19
19
11
24
20
20
20
12
12
0
21
13
9
13
13
22
9
8
12
24
23
23
15
23
14
12
11
24
2
2
2
0
2
11
3
6
3
19
0
9
4
14
19
19
4
24
23
23
21
23
23
23
23
23
23
23
23
23
23
23
23
23
23
14
23
23
0
24
24
24
24
22
24
24
11
24
24
24
