16 13 13 8 10 12 6 4 4 16 12 11 3 11 11 0 14 12 14 1 3 2 4 9 10 11 1 9 12 8 12 12 1 12 4 7 0 12 13 12 3 16 9 2 12 5 12 11 5 0 8 9 8 5 9 3 7 5 1 3 4 11 5 3 3 11 5 3 14 9 1 3 11 2 9 13 7 5 9 14
2 12 2 2 2 2 2 2 13 2 2 2 2 2 2 2 2 2 2 2 2 2 2 2 2 2 1 12 14 14 14 14 14 14 2 14 14 2 2 14 14 14 14 14 2 2 2 2 2 2 2 2 2 2 14 14 2 2 9 2 2 12 12 12 12 12 12 12 12 14 14 5 5 5 5 5 5 5 2 2
0 10 7 8 0 14 14 12 4 13 7 1 3 6 0 2 11 10 16 9 0 13 9 2 2 0 11 16 11 5 5 13 13 0 15 12 14 0 7 4 0 11 14 13 6 16 15 12 9 6 13 8 7 5 12 11 7 1 8 12 8 3 6 12 6 3 0 10 8 13 9 0 1 12 12 3 1 11 15 3
2 2 2 2 2 2 2 2 2 2 2 2 1 14 14 14 14 14 14 14 2 14 14 14 2 2 14 14 14 14 14 2 2 2 2 2 15 2 2 2 2 2 2 2 2 2 5 14 14 14 14 14 14 14 14 14 14 14 14 5 5 5 5 5 5 5 2 5 14 14 14 14 14 5 2 2 2 5 14 5
2 2 1 14 14 14 14 14 14 14 2 14 14 14 2 2 14 14 14 14 14 2 2 2 2 2 14 2 2 2 2 2 14 2 2 2 2 5 5 14 14 14 14 14 14 14 14 14 14 14 14 14 5 5 2 5 14 14 14 14 14 14 14 14 2 2 2 2 2 2 2 2 14 14 14 14 14 5 5 2
2 2 2 2 2 2 2 2 2 2 2 2 2 2 1 14 14 14 14 14 14 14 2 14 14 14 2 2 14 14 14 14 14 2 2 2 2 2 2 2 2 2 2 14 2 2 2 2 5 14 14 14 14 14 5 5 5 14 14 14 0 5 5 5 5 5 5 5 2 2 2 2 14 14 14 14 14 5 2 2
16 9 13 16 12 5 4 7 4 12 16 2 8 11 1 9 13 8 2 7 7 13 13 8 7 10 3 11 1 14 10 7 0 14 3 2 1 0 13 7 1 13 5 4 9 10 4 10 8 0 3 16 0 14 12 1 9 11 3 6 3 2 8 7 2 8 8 2 10 7 9 6 12 2 14 14 4 5 15 7
2 1 14 14 14 14 14 14 14 2 14 14 14 2 2 14 14 14 14 14 2 2 2 2 2 2 2 2 2 2 14 2 2 2 2 5 14 14 14 14 14 5 5 5 14 14 14 14 14 5 5 5 5 5 5 5 2 2 5 14 14 14 14 14 5 2 2 2 2 2 2 2 5 5 2 5 5 5 5 5
2 2 2 2 2 2 2 2 2 2 2 2 2 2 2 2 2 2 2 2 2 2 2 2 1 14 14 14 14 14 14 14 2 14 14 14 2 2 14 14 14 14 14 2 2 2 2 2 2 2 2 2 2 14 2 2 2 2 5 14 14 14 14 14 14 14 14 14 14 14 14 5 5 5 5 5 5 5 2 5
8 0 2 2 2 7 2 2 9 5 5 5 5 14 14 12 12 1 12 12 11 13 13 14 13 5 2 4 7 2 0 2 2 6 2 2 2 9 8 5 5 5 5 3 5 5 3 5 11 11 9 13 5 6 2 5 5 5 6 6 9 12 12 12 12 2 3 2 2 2 2 2 7 14 14 14 2 14 3 2
