# Results obtained using DQN. CPU time: 41.009724140167236
0.01285187  71.00000000  0.00327147  80.00000000  2248.79224272  0.00000000
0.00079771  78.00000000  0.00079771  80.00000000  1800.02944626  0.00000000
0.00803852  78.00000000  0.00803852  80.00000000  3030.82979436  0.00000000
0.00083655  51.00000000  0.00000681  80.00000000  1387.50839281  0.00000000
0.00019139  77.00000000  0.00018853  80.00000000  1799.56535093  0.00000000
0.00102602  78.00000000  0.00102602  80.00000000  1780.68755602  0.00000000
0.00481410  69.00000000  0.00157445  80.00000000  2435.64233010  0.13820674
0.00054353  69.00000000  0.00050845  80.00000000  1433.09042822  0.33923472
0.00075527  73.00000000  0.00039259  80.00000000  1581.65259500  0.54026271
0.04018703  75.00000000  0.03046233  80.00000000  2167.59877830  0.74129069
0.00130712  78.00000000  0.00130712  80.00000000  1173.90329306  0.94231867
0.00054102  66.00000000  0.00037560  80.00000000  1076.79300135  0.99000000
0.00057689  67.00000000  0.00052357  80.00000000  1077.44681206  0.99000000
0.00054013  66.00000000  0.00034431  80.00000000  1076.58305262  0.99000000
0.00054013  66.00000000  0.00030477  80.00000000  1076.58305255  0.99000000
0.00069490  78.00000000  0.00069490  80.00000000  1076.68576188  0.99000000
0.00684468  78.00000000  0.00684468  80.00000000  1103.30415431  0.99000000
0.00054013  66.00000000  0.00034427  80.00000000  1076.58305282  0.99000000
0.00054013  66.00000000  0.00034431  80.00000000  1076.58305262  0.99000000
0.00015976  78.00000000  0.00015976  80.00000000  1081.53855289  0.99000000
0.00062756  68.00000000  0.00035172  80.00000000  1076.62474436  0.99000000
0.00054013  66.00000000  0.00034121  80.00000000  1076.58305281  0.99000000
0.00054013  66.00000000  0.00034304  80.00000000  1076.58305272  0.99000000
0.00029327  58.00000000  0.00006280  80.00000000  1076.58304588  0.99000000
0.00054013  66.00000000  0.00034431  80.00000000  1076.58305262  0.99000000
0.00054013  66.00000000  0.00031383  80.00000000  1076.58305264  0.99000000
0.00047595  64.00000000  0.00010748  80.00000000  1076.64139445  0.99000000
0.00054013  66.00000000  0.00034431  80.00000000  1076.58305262  0.99000000
0.00054013  66.00000000  0.00034501  80.00000000  1076.58305288  0.99000000
0.00053211  66.00000000  0.00022218  80.00000000  1076.72649498  0.99000000
0.00198243  74.00000000  0.00164702  80.00000000  1080.64136834  0.99000000
0.00054013  66.00000000  0.00034501  80.00000000  1076.58305287  0.99000000
0.00069854  68.00000000  0.00045769  80.00000000  1078.20133951  0.99000000
0.00068609  72.00000000  0.00046080  80.00000000  1077.67116330  0.99000000
0.00054013  66.00000000  0.00034431  80.00000000  1076.58305262  0.99000000
0.00054013  66.00000000  0.00034431  80.00000000  1076.58305262  0.99000000
0.00054013  66.00000000  0.00034330  80.00000000  1076.58305265  0.99000000
0.00054013  66.00000000  0.00034431  80.00000000  1076.58305262  0.99000000
0.00054013  66.00000000  0.00034431  80.00000000  1076.58305262  0.99000000
0.00065851  63.00000000  0.00030828  80.00000000  1093.60826664  0.99000000
0.00054013  66.00000000  0.00034431  80.00000000  1076.58305262  0.99000000
0.00071725  66.00000000  0.00033444  80.00000000  1084.69078885  0.99000000
0.00054013  66.00000000  0.00034431  80.00000000  1076.58305262  0.99000000
0.00065155  65.00000000  0.00032136  80.00000000  1087.63189938  0.99000000
0.00054013  66.00000000  0.00034431  80.00000000  1076.58305262  0.99000000
0.00056912  64.00000000  0.00032732  80.00000000  1095.23913852  0.99000000
0.00054013  66.00000000  0.00034431  80.00000000  1076.58305262  0.99000000
0.00062002  66.00000000  0.00033498  80.00000000  1084.20619379  0.99000000
0.00054013  66.00000000  0.00038252  80.00000000  1076.58305277  0.99000000
0.00054013  66.00000000  0.00034431  80.00000000  1076.58305262  0.99000000
0.00054013  66.00000000  0.00034431  80.00000000  1076.58305262  0.99000000
0.00054013  66.00000000  0.00034431  80.00000000  1076.58305262  0.99000000
0.00054013  66.00000000  0.00034400  80.00000000  1076.58305278  0.99000000
0.00054013  66.00000000  0.00033729  80.00000000  1076.58305269  0.99000000
0.00063651  65.00000000  0.00033894  80.00000000  1088.68782483  0.99000000
0.00054013  66.00000000  0.00034431  80.00000000  1076.58305262  0.99000000
0.00054013  66.00000000  0.00034431  80.00000000  1076.58305262  0.99000000
0.00053398  66.00000000  0.00038482  80.00000000  1076.90258690  0.99000000
0.00054013  66.00000000  0.00034419  80.00000000  1076.58305280  0.99000000
0.00054010  66.00000000  0.00033525  80.00000000  1076.58305278  0.99000000
0.00054013  66.00000000  0.00034431  80.00000000  1076.58305262  0.99000000
0.00054013  66.00000000  0.00005167  80.00000000  1076.58305213  0.99000000
0.00054013  66.00000000  0.00034431  80.00000000  1076.58305262  0.99000000
0.00054013  66.00000000  0.00034431  80.00000000  1076.58305262  0.99000000
0.00061234  62.00000000  0.00031118  80.00000000  1102.25882860  0.99000000
0.00058231  68.00000000  0.00045961  80.00000000  1077.82622602  0.99000000
0.00054013  66.00000000  0.00034424  80.00000000  1076.58305278  0.99000000
0.00327165  78.00000000  0.00327165  80.00000000  1118.93646208  0.99000000
0.00059302  62.00000000  0.00031577  80.00000000  1102.26188528  0.99000000
0.00054013  66.00000000  0.00030617  80.00000000  1076.58305288  0.99000000
0.00056912  64.00000000  0.00027761  80.00000000  1095.23913855  0.99000000
0.00063651  65.00000000  0.00033894  80.00000000  1088.68782483  0.99000000
0.00054013  66.00000000  0.00034431  80.00000000  1076.58305262  0.99000000
0.00054013  66.00000000  0.00034431  80.00000000  1076.58305262  0.99000000
0.00048992  64.00000000  0.00015104  80.00000000  1076.78959240  0.99000000
0.00059547  67.00000000  0.00043673  80.00000000  1077.69714052  0.99000000
0.00054013  66.00000000  0.00034431  80.00000000  1076.58305262  0.99000000
0.00056327  78.00000000  0.00056327  80.00000000  1076.64107754  0.99000000
0.00048834  64.00000000  0.00000752  80.00000000  1077.58425434  0.99000000
0.00054013  66.00000000  0.00034431  80.00000000  1076.58305262  0.99000000
0.00054013  66.00000000  0.00034431  80.00000000  1076.58305262  0.99000000
0.00054013  66.00000000  0.00034431  80.00000000  1076.58305262  0.99000000
0.00054013  66.00000000  0.00034431  80.00000000  1076.58305262  0.99000000
0.00054013  66.00000000  0.00034431  80.00000000  1076.58305262  0.99000000
0.00054013  66.00000000  0.00034431  80.00000000  1076.58305262  0.99000000
0.00069098  64.00000000  0.00032021  80.00000000  1092.61165990  0.99000000
0.00046274  78.00000000  0.00046274  80.00000000  1076.66017871  0.99000000
0.00063651  65.00000000  0.00033894  80.00000000  1088.68782472  0.99000000
0.00054013  66.00000000  0.00034431  80.00000000  1076.58305262  0.99000000
0.00054013  66.00000000  0.00034436  80.00000000  1076.58305285  0.99000000
0.00043122  74.00000000  0.00033869  80.00000000  1078.29574139  0.99000000
0.00067764  65.00000000  0.00033025  80.00000000  1087.63408067  0.99000000
0.00039556  61.00000000  0.00038260  80.00000000  1076.58304861  0.99000000
0.00111249  78.00000000  0.00111249  80.00000000  1079.07441753  0.99000000
0.00054013  66.00000000  0.00034431  80.00000000  1076.58305262  0.99000000
0.00049760  64.00000000  0.00012473  80.00000000  1076.66070827  0.99000000
0.00054013  66.00000000  0.00034492  80.00000000  1076.58305286  0.99000000
0.00043456  78.00000000  0.00043456  80.00000000  1076.69559511  0.99000000
0.00058180  64.00000000  0.00034363  80.00000000  1091.70816412  0.99000000
0.00054013  66.00000000  0.00034431  80.00000000  1076.58305262  0.99000000
0.00054013  66.00000000  0.00034431  80.00000000  1076.58305262  0.99000000
0.00074431  65.00000000  0.00030207  80.00000000  1086.45803428  0.99000000
0.00050212  63.00000000  0.00011518  80.00000000  1076.58304963  0.99000000
0.00046805  61.00000000  0.00012742  80.00000000  1095.23913346  0.99000000
0.00068122  68.00000000  0.00043145  80.00000000  1078.38543099  0.99000000
0.00062139  71.00000000  0.00036871  80.00000000  1076.58304952  0.99000000
0.00052783  78.00000000  0.00052783  80.00000000  1077.53299855  0.99000000
0.00054013  66.00000000  0.00034431  80.00000000  1076.58305262  0.99000000
0.00054199  65.00000000  0.00035268  80.00000000  1076.61770246  0.99000000
0.00054013  66.00000000  0.00034431  80.00000000  1076.58305262  0.99000000
0.00053030  65.00000000  0.00033877  80.00000000  1102.21179408  0.99000000
0.00054013  66.00000000  0.00034431  80.00000000  1076.58305262  0.99000000
0.00006096  58.00000000  0.00000098  80.00000000  1087.10930117  0.99000000
0.00065252  68.00000000  0.00038224  80.00000000  1078.22821914  0.99000000
0.00079076  73.00000000  0.00063721  80.00000000  1078.80387674  0.99000000
0.00048254  69.00000000  0.00022452  80.00000000  1081.41706113  0.99000000
0.00049110  78.00000000  0.00049110  80.00000000  1077.71824138  0.99000000
0.00054013  66.00000000  0.00034431  80.00000000  1076.58305262  0.99000000
0.00054013  66.00000000  0.00034400  80.00000000  1076.58305278  0.99000000
0.00062584  66.00000000  0.00034104  80.00000000  1081.51147543  0.99000000
0.00054013  66.00000000  0.00034431  80.00000000  1076.58305262  0.99000000
0.00054013  66.00000000  0.00034431  80.00000000  1076.58305262  0.99000000
0.00054013  66.00000000  0.00034431  80.00000000  1076.58305270  0.99000000
0.00054013  66.00000000  0.00034431  80.00000000  1076.58305262  0.99000000
0.00060122  72.00000000  0.00044781  80.00000000  1076.73201711  0.99000000
0.00054013  66.00000000  0.00034431  80.00000000  1076.58305262  0.99000000
0.00064513  71.00000000  0.00030376  80.00000000  1077.38251980  0.99000000
0.11933726  78.00000000  0.11933726  80.00000000  1240.91997018  0.99000000
0.00036326  78.00000000  0.00036326  80.00000000  1076.58304560  0.99000000
0.07510488  75.00000000  0.06171761  80.00000000  1829.98866962  0.99000000
0.00054013  66.00000000  0.00034431  80.00000000  1076.58305262  0.99000000
0.00061944  66.00000000  0.00033478  80.00000000  1084.20616130  0.99000000
0.00054013  66.00000000  0.00033608  80.00000000  1076.58305274  0.99000000
0.00054013  66.00000000  0.00034431  80.00000000  1076.58305262  0.99000000
0.00048724  63.00000000  0.00031258  80.00000000  1076.58305019  0.99000000
0.00032921  69.00000000  0.00006522  80.00000000  1079.00661822  0.99000000
0.00024160  78.00000000  0.00024160  80.00000000  1077.55087020  0.99000000
0.00054013  66.00000000  0.00034467  80.00000000  1076.58305263  0.99000000
0.00054013  66.00000000  0.00000627  80.00000000  1076.58305177  0.99000000
0.00054013  66.00000000  0.00034431  80.00000000  1076.58305262  0.99000000
0.00048558  64.00000000  0.00009875  80.00000000  1076.58304984  0.99000000
0.00054013  66.00000000  0.00034431  80.00000000  1076.58305262  0.99000000
0.00054013  66.00000000  0.00034431  80.00000000  1076.58305262  0.99000000
0.00028006  78.00000000  0.00028006  80.00000000  1076.78821810  0.99000000
0.00065851  63.00000000  0.00030828  80.00000000  1093.60826625  0.99000000
0.00062684  70.00000000  0.00036016  80.00000000  1076.64022712  0.99000000
0.00054013  66.00000000  0.00034431  80.00000000  1076.58305262  0.99000000
0.00038362  78.00000000  0.00038362  80.00000000  1077.50725110  0.99000000
0.00054013  66.00000000  0.00034431  80.00000000  1076.58305262  0.99000000
0.00061234  62.00000000  0.00031118  80.00000000  1102.25882860  0.99000000
0.00053768  66.00000000  0.00022228  80.00000000  1076.58305227  0.99000000
0.00054013  66.00000000  0.00034431  80.00000000  1076.58305262  0.99000000
0.00054013  66.00000000  0.00034431  80.00000000  1076.58305262  0.99000000
0.00088749  66.00000000  0.00034843  80.00000000  1092.60143310  0.99000000
0.00038148  70.00000000  0.00018188  80.00000000  1078.93045735  0.99000000
0.00057257  65.00000000  0.00035757  80.00000000  1076.73217856  0.99000000
0.00053426  66.00000000  0.00036362  80.00000000  1076.66210956  0.99000000
0.00054013  66.00000000  0.00034431  80.00000000  1076.58305262  0.99000000
0.00063677  65.00000000  0.00034021  80.00000000  1088.68795000  0.99000000
0.00054013  66.00000000  0.00034431  80.00000000  1076.58305262  0.99000000
0.00062002  66.00000000  0.00033498  80.00000000  1084.20619379  0.99000000
0.00054013  66.00000000  0.00034431  80.00000000  1076.58305262  0.99000000
0.17450341  76.00000000  0.16436929  80.00000000  1194.74662523  0.99000000
0.00054013  66.00000000  0.00034431  80.00000000  1076.58305262  0.99000000
0.00075818  71.00000000  0.00056940  80.00000000  1077.54051648  0.99000000
0.00070527  67.00000000  0.00038722  80.00000000  1079.09875085  0.99000000
0.00073803  65.00000000  0.00031528  80.00000000  1086.45989807  0.99000000
0.00054013  66.00000000  0.00034431  80.00000000  1076.58305262  0.99000000
0.00053989  66.00000000  0.00023024  80.00000000  1076.58305280  0.99000000
0.00054013  66.00000000  0.00034431  80.00000000  1076.58305262  0.99000000
0.00030090  60.00000000  0.00024798  80.00000000  1076.58304607  0.99000000
0.00048348  78.00000000  0.00048348  80.00000000  1077.60237584  0.99000000
0.00033332  61.00000000  0.00019960  80.00000000  1076.58304653  0.99000000
0.00054013  66.00000000  0.00034431  80.00000000  1076.58305262  0.99000000
0.00054013  66.00000000  0.00034431  80.00000000  1076.58305262  0.99000000
0.00041103  60.00000000  0.00040866  80.00000000  1078.84776392  0.99000000
0.00054013  66.00000000  0.00034431  80.00000000  1076.58305262  0.99000000
0.00063651  65.00000000  0.00033894  80.00000000  1088.68782483  0.99000000
0.00054013  66.00000000  0.00010730  80.00000000  1076.58305255  0.99000000
0.00054013  66.00000000  0.00034431  80.00000000  1076.58305262  0.99000000
0.14392687  68.00000000  0.03332307  80.00000000  1896.80326834  0.99000000
0.00054013  66.00000000  0.00034431  80.00000000  1076.58305262  0.99000000
0.00054013  66.00000000  0.00034431  80.00000000  1076.58305262  0.99000000
0.00054013  66.00000000  0.00034431  80.00000000  1076.58305262  0.99000000
0.00060896  77.00000000  0.00060781  80.00000000  1077.76242454  0.99000000
0.00058901  63.00000000  0.00015393  80.00000000  1098.38042851  0.99000000
0.00054102  66.00000000  0.00037533  80.00000000  1076.79300131  0.99000000
0.00051583  65.00000000  0.00012998  80.00000000  1076.58305108  0.99000000
0.00029568  61.00000000  0.00019562  80.00000000  1077.18962317  0.99000000
0.00054013  66.00000000  0.00034431  80.00000000  1076.58305262  0.99000000
0.00054013  66.00000000  0.00034431  80.00000000  1076.58305262  0.99000000
0.00054013  66.00000000  0.00034431  80.00000000  1076.58305262  0.99000000
0.00054013  66.00000000  0.00034431  80.00000000  1076.58305262  0.99000000
0.00073072  66.00000000  0.00030033  80.00000000  1084.68634675  0.99000000
0.00054013  66.00000000  0.00034431  80.00000000  1076.58305262  0.99000000
0.00054013  66.00000000  0.00034431  80.00000000  1076.58305262  0.99000000
0.00050251  78.00000000  0.00050251  80.00000000  1088.23261468  0.99000000
0.00054013  66.00000000  0.00034431  80.00000000  1076.58305262  0.99000000
0.00045719  64.00000000  0.00010895  80.00000000  1076.61710242  0.99000000
0.00054013  66.00000000  0.00034431  80.00000000  1076.58305262  0.99000000
0.00054013  66.00000000  0.00034431  80.00000000  1076.58305262  0.99000000
