6 6 6 6 13 13 13 13 13 9 12 12 12 1 1 1 1 1 1 1 1 10 10 16 16 16 16 16 4 16 16 13 13 16 16 13 13 16 16 16 6 6 15 15 8 8 8 6 4 4 6 6 6 6 6 6 6 6 4 4 16 16 9 15 15 9 10 9 9 15 9 9 15 9 9 9 15 10 10 10
16 16 16 16 16 16 10 9 9 9 9 9 9 1 9 9 10 9 2 2 2 2 13 13 2 2 2 11 4 4 2 2 2 2 13 13 14 0 7 7 14 14 16 16 16 16 16 16 16 6 9 1 10 10 10 10 1 1 1 1 1 2 2 9 16 16 16 16 16 16 16 16 16 16 16 16 16 16 9 10
3 15 15 6 6 6 10 10 10 10 10 14 14 1 14 14 14 14 2 2 2 10 3 3 14 14 14 16 4 16 16 16 16 16 16 4 13 13 14 14 14 0 3 8 8 8 16 16 16 8 8 2 2 2 2 2 2 2 2 2 2 3 11 11 16 16 9 9 9 9 9 9 9 9 9 9 9 9 7 9
4 11 11 11 11 11 11 11 11 11 11 0 1 1 1 11 11 2 2 2 2 12 12 12 12 15 4 4 4 4 4 4 5 4 16 16 16 6 6 6 6 1 5 5 5 3 3 3 1 0 0 16 16 16 16 16 5 5 5 5 5 5 5 5 5 7 7 7 7 7 7 7 7 7 7 7 7 7 7 7
13 13 13 13 13 13 13 13 6 6 6 13 13 1 1 1 13 13 10 13 13 13 13 3 0 0 0 0 0 12 12 5 3 3 3 6 6 6 6 14 14 14 14 14 5 5 5 16 7 7 7 7 7 6 6 6 6 6 6 6 6 6 6 6 6 6 6 6 6 6 6 16 6 6 6 6 6 6 6 6
3 14 14 14 14 14 14 14 14 14 14 10 10 1 1 10 9 0 2 2 2 2 15 11 2 2 2 3 2 2 2 2 2 2 2 2 16 7 7 7 7 7 7 7 15 16 3 3 9 9 9 9 9 9 9 0 9 9 9 1 9 0 9 9 9 9 1 15 7 7 7 10 10 7 10 10 8 8 8 8
13 13 4 13 13 13 10 10 10 10 8 10 14 1 1 14 14 14 2 2 12 10 3 3 14 14 4 4 4 4 4 4 13 13 13 6 15 15 15 3 4 16 16 16 16 16 16 7 16 16 4 3 6 8 8 6 6 6 6 6 6 8 8 8 8 7 7 7 7 7 7 7 7 7 7 7 9 7 7 9
12 12 7 7 7 7 0 6 6 15 15 16 15 15 1 15 15 15 9 15 15 15 15 15 15 15 15 15 3 5 5 5 3 3 3 3 5 5 5 5 16 16 16 16 15 8 8 8 9 9 8 8 8 8 9 9 9 9 9 9 9 8 8 9 9 9 9 9 9 9 9 9 9 9 9 9 9 9 10 9
5 5 5 5 5 5 5 5 10 10 10 11 11 1 1 1 10 10 2 2 10 10 10 10 10 10 12 12 12 12 4 15 15 16 16 16 14 14 14 14 14 15 3 1 1 5 3 16 16 8 10 10 10 10 10 10 3 3 3 3 3 3 3 3 3 16 16 12 12 12 12 16 16 12 12 12 12 12 12 12
10 10 8 11 14 14 14 14 14 14 8 8 8 8 1 8 8 8 2 2 2 11 11 3 3 3 11 0 0 0 0 15 14 14 14 15 2 2 2 2 2 15 15 15 15 8 8 8 8 8 8 9 6 9 9 9 9 9 9 9 9 9 9 9 9 9 8 8 9 9 9 9 9 9 9 9 9 9 9 9
