6 6 10 13 15 16 14 13 1 2 9 11 10 4 4 15 4 7 14 10 3 6 4 12 4 0 8 8 0 14 9 12 1 1 16 2 0 15 15 6 2 14 8 0 3 15 4 4 5 5 14 12 0 0 14 1 11 5 2 13 9 7 4 14 9 16 0 15 15 9 11 16 12 11 7 11 13 2 14 2
15 7 1 13 11 4 2 0 13 16 6 2 5 2 10 16 6 13 11 6 5 8 9 15 13 8 6 9 5 3 9 4 9 2 1 13 15 13 3 2 1 5 5 0 6 13 10 16 8 0 0 15 3 13 6 9 16 15 4 5 3 3 16 7 5 12 15 7 14 8 2 11 4 10 9 6 11 13 8 2
3 15 13 0 14 13 15 14 7 9 6 9 12 11 0 2 14 15 2 3 14 4 3 2 3 7 15 8 10 12 6 9 5 16 16 4 8 3 0 1 11 5 9 3 10 13 13 5 14 9 15 7 6 14 14 7 9 2 1 12 12 6 8 1 8 7 11 5 1 15 8 8 3 10 5 15 10 14 4 8
6 1 7 4 10 2 16 3 16 14 10 16 12 5 16 1 16 0 7 10 15 10 12 0 2 16 5 4 6 13 2 3 6 2 0 2 12 16 7 0 14 8 3 15 4 9 14 5 2 10 6 7 8 16 11 14 3 0 11 9 9 12 5 10 5 5 6 5 4 11 10 11 1 2 2 3 14 14 1 8
13 7 12 0 11 12 11 9 5 2 6 9 15 11 15 9 16 6 6 7 6 16 9 7 4 15 5 16 2 13 9 11 14 4 7 5 9 7 15 5 4 14 9 11 13 13 0 3 7 5 0 4 2 0 5 13 16 5 2 5 1 3 8 8 10 4 11 4 10 11 11 9 5 7 3 15 2 12 5 11
9 10 2 1 8 13 0 6 11 9 6 2 16 15 6 1 16 1 13 13 9 4 2 13 1 14 3 1 15 7 3 2 9 1 7 0 8 8 12 16 11 7 16 9 9 14 15 2 14 5 0 5 6 7 6 7 3 10 4 13 2 5 7 9 7 8 12 2 7 13 2 11 9 11 6 0 7 5 7 10
15 6 3 15 4 5 13 3 10 16 15 16 6 16 11 5 9 9 16 8 13 5 10 2 8 7 15 13 9 14 9 4 9 0 2 10 11 5 4 11 3 6 15 8 14 16 14 14 13 16 15 14 16 10 10 16 1 5 15 0 4 2 7 4 2 3 2 7 3 6 10 10 14 15 11 7 4 16 6 6
7 8 2 9 14 15 15 12 13 0 9 11 4 7 11 10 11 14 4 6 15 5 12 2 3 10 13 8 11 10 11 16 3 7 11 12 12 8 13 12 5 1 8 10 10 4 2 15 0 6 14 1 7 1 13 9 0 4 6 16 9 15 7 2 6 9 0 0 0 12 12 5 5 10 6 1 0 13 5 14
7 14 12 7 4 10 15 7 5 13 12 16 14 7 11 1 16 7 11 15 7 3 7 8 3 11 14 12 10 7 11 3 6 16 2 10 15 11 1 14 10 11 10 3 11 0 14 14 1 14 11 8 6 3 7 2 8 8 3 16 7 2 2 11 16 11 16 10 10 16 15 3 0 16 3 0 0 10 2 14
4 0 13 9 0 15 2 11 5 1 4 12 0 5 8 12 12 11 7 6 5 9 5 6 2 13 0 1 0 15 16 11 10 4 13 12 0 16 1 6 4 12 13 0 9 4 7 9 8 9 13 6 5 5 12 14 7 15 2 14 11 16 2 8 3 2 12 8 8 9 6 15 10 3 6 5 15 14 0 1
