# Results obtained using DQN. CPU time: 15.907665967941284
0.00300741  65.00000000  0.00084598  80.00000000  2355.90441892  0.00000000
0.02704116  78.00000000  0.02704116  80.00000000  1617.05907738  0.00000000
0.00749284  77.00000000  0.00731701  80.00000000  2791.79998945  0.00000000
0.00085001  78.00000000  0.00085001  80.00000000  2158.67741472  0.00000000
0.00136666  77.00000000  0.00135076  80.00000000  1472.54604332  0.00000000
0.00201459  78.00000000  0.00201459  80.00000000  2409.41983378  0.00000000
0.00437570  78.00000000  0.00437570  80.00000000  2254.84148119  0.00014097
0.00165155  72.00000000  0.00095213  80.00000000  1361.30606179  0.00034601
0.00043256  78.00000000  0.00043256  80.00000000  1762.22287945  0.00055105
0.00214571  78.00000000  0.00214571  80.00000000  2295.07450349  0.00075609
0.00060981  61.00000000  0.00022934  80.00000000  1795.55997079  0.00096114
0.02931600  73.00000000  0.00997364  80.00000000  3658.18477235  0.00116618
0.00170926  78.00000000  0.00170926  80.00000000  1348.97896681  0.00137122
0.03005178  75.00000000  0.01816712  80.00000000  2254.35813583  0.00157626
0.00137225  77.00000000  0.00135056  80.00000000  1805.94124301  0.00178131
0.00102913  67.00000000  0.00067617  80.00000000  1950.41254464  0.00198635
0.01367604  66.00000000  0.00219577  80.00000000  3367.80816556  0.00219139
0.00071161  78.00000000  0.00071161  80.00000000  1662.60209280  0.00239643
0.00159942  78.00000000  0.00159942  80.00000000  2142.71046967  0.00260148
0.00107426  78.00000000  0.00107426  80.00000000  2065.18050452  0.00280652
0.00418351  68.00000000  0.00064526  80.00000000  2465.17136836  0.00301156
0.00007980  76.00000000  0.00007475  80.00000000  1402.55779964  0.00321660
0.00013554  74.00000000  0.00000524  80.00000000  2316.93055375  0.00342165
0.00001276  73.00000000  0.00000328  80.00000000  2190.44646516  0.00362669
0.00017286  78.00000000  0.00017286  80.00000000  1536.11897701  0.00383173
0.00152312  72.00000000  0.00025666  80.00000000  1961.55785106  0.00403677
0.00291322  63.00000000  0.00083947  80.00000000  1486.27459112  0.00424182
0.00105295  72.00000000  0.00032280  80.00000000  2429.48604509  0.00444686
0.00022660  64.00000000  0.00003177  80.00000000  2050.68136682  0.00465190
0.00011138  75.00000000  0.00000823  80.00000000  1434.52266281  0.00485694
0.00038043  72.00000000  0.00003221  80.00000000  1599.59056159  0.00506199
0.00087522  76.00000000  0.00081182  80.00000000  2122.70206272  0.00526703
0.01606193  66.00000000  0.00089103  80.00000000  2117.62146316  0.00547207
0.00015375  74.00000000  0.00013645  80.00000000  1374.41905258  0.00567711
0.00030536  58.00000000  0.00016007  80.00000000  2251.19767472  0.00588216
0.02646323  78.00000000  0.02646323  80.00000000  1744.29778499  0.00608720
0.00037484  72.00000000  0.00017350  80.00000000  1582.78167846  0.00629224
0.00111319  75.00000000  0.00075592  80.00000000  2286.05352498  0.00649728
0.00869241  67.00000000  0.00328012  80.00000000  2543.80422336  0.00670233
0.00753923  78.00000000  0.00753923  80.00000000  1326.93176138  0.00690737
0.00154428  76.00000000  0.00147930  80.00000000  1985.35939665  0.00711241
0.00056629  78.00000000  0.00056629  80.00000000  1643.80226561  0.00731745
0.00223416  78.00000000  0.00223416  80.00000000  2375.96810273  0.00752250
0.00021561  65.00000000  0.00019037  80.00000000  1640.91478247  0.00772754
0.00505083  69.00000000  0.00062382  80.00000000  2449.26871352  0.00793258
0.00030357  78.00000000  0.00030357  80.00000000  1746.97157903  0.00813762
0.00019725  76.00000000  0.00009752  80.00000000  2069.49309663  0.00834267
0.00011540  70.00000000  0.00009807  80.00000000  1677.05925673  0.00854771
0.00189344  74.00000000  0.00175133  80.00000000  2437.30762847  0.00875275
0.00030723  67.00000000  0.00009655  80.00000000  2012.47667689  0.00895779
0.01322253  73.00000000  0.00331050  80.00000000  1554.17058266  0.00916284
0.00259327  71.00000000  0.00071305  80.00000000  2211.22213842  0.00936788
0.00035954  73.00000000  0.00014364  80.00000000  2371.88970739  0.00957292
0.04346547  69.00000000  0.02382600  80.00000000  3522.64599760  0.00977796
0.00133633  77.00000000  0.00100421  80.00000000  2262.85910655  0.00998301
0.00005390  63.00000000  0.00002117  80.00000000  1889.14035753  0.01018805
0.00006034  78.00000000  0.00006034  80.00000000  2209.52020040  0.01039309
0.00019351  53.00000000  0.00005230  80.00000000  1958.22713822  0.01059813
0.01420575  71.00000000  0.00734352  80.00000000  2346.49414203  0.01080318
0.00690485  73.00000000  0.00295121  80.00000000  1906.44887249  0.01100822
0.00091091  66.00000000  0.00047633  80.00000000  1688.73990346  0.01121326
0.00026258  62.00000000  0.00000195  80.00000000  1579.58928931  0.01141830
0.00158069  69.00000000  0.00123372  80.00000000  3269.45701465  0.01162335
0.02090966  78.00000000  0.02090966  80.00000000  2400.00548152  0.01182839
0.00008939  78.00000000  0.00008939  80.00000000  1583.33190148  0.01203343
0.00385776  68.00000000  0.00162823  80.00000000  2553.11584849  0.01223847
0.00518184  78.00000000  0.00518184  80.00000000  1944.93084731  0.01244352
0.02136834  73.00000000  0.01732349  80.00000000  2044.80121714  0.01264856
0.01543995  78.00000000  0.01543995  80.00000000  1921.93603581  0.01285360
0.00062059  76.00000000  0.00046783  80.00000000  2031.65871398  0.01305864
0.00072407  74.00000000  0.00033908  80.00000000  1906.72745848  0.01326369
0.00131632  59.00000000  0.00079765  80.00000000  2999.91812763  0.01346873
0.00045514  69.00000000  0.00015431  80.00000000  2346.66050167  0.01367377
0.00042774  76.00000000  0.00036463  80.00000000  1595.83707480  0.01387881
0.00231214  78.00000000  0.00231214  80.00000000  2176.63346712  0.01408386
0.00521376  78.00000000  0.00521376  80.00000000  2956.68545762  0.01428890
0.00260041  72.00000000  0.00178221  80.00000000  2077.89513633  0.01449394
0.00386972  77.00000000  0.00375285  80.00000000  2054.48815255  0.01469898
0.00013056  70.00000000  0.00003023  80.00000000  2145.41569806  0.01490403
0.00166256  71.00000000  0.00006166  80.00000000  2317.95231028  0.01510907
0.00076493  67.00000000  0.00045473  80.00000000  1765.32497585  0.01531411
0.00091291  71.00000000  0.00040835  80.00000000  2542.99789395  0.01551915
0.00090081  73.00000000  0.00081480  80.00000000  1644.56434613  0.01572420
0.00005354  65.00000000  0.00002241  80.00000000  1468.25023777  0.01592924
0.00186979  78.00000000  0.00186979  80.00000000  2163.02399733  0.01613428
0.00489000  78.00000000  0.00489000  80.00000000  2407.59941685  0.01633932
0.00054294  71.00000000  0.00013041  80.00000000  1673.41302370  0.01654437
0.00122111  78.00000000  0.00122111  80.00000000  1446.09673598  0.01674941
0.00107063  75.00000000  0.00088481  80.00000000  2069.34238298  0.01695445
0.00039837  78.00000000  0.00039837  80.00000000  1768.32315726  0.01715949
0.00019430  75.00000000  0.00001066  80.00000000  1611.30434294  0.01736454
0.00681408  75.00000000  0.00491202  80.00000000  1758.38074750  0.01756958
0.00202225  78.00000000  0.00202225  80.00000000  2314.46962875  0.01777462
0.00033881  78.00000000  0.00033881  80.00000000  1667.95670320  0.01797966
0.00126131  77.00000000  0.00119833  80.00000000  2326.44932983  0.01818471
0.00063090  69.00000000  0.00035928  80.00000000  1477.70636373  0.01838975
0.00218885  76.00000000  0.00121012  80.00000000  2209.04346050  0.01859479
0.00469518  77.00000000  0.00462421  80.00000000  1975.96839567  0.01879983
0.00288024  65.00000000  0.00003198  80.00000000  1982.18965715  0.01900488
0.00120012  78.00000000  0.00120012  80.00000000  1366.49060937  0.01920992
0.00151850  65.00000000  0.00044754  80.00000000  3184.46611710  0.01941496
