16 10 3 2 6 11 5 9 16 15 13 8 9 10 15 16 5 9 5 9 14 6 8 2 13 16 2 13 15 11 13 12 8 11 9 2 8 12 13 1 2 13 9 10 7 5 13 1 13 9 8 6 14 1 2 6 12 4 0 5 13 2 10 9 4 9 10 3 6 2 8 6 3 7 7 8 10 13 4 9
4 0 14 13 1 12 16 12 13 14 16 5 8 7 13 16 14 0 8 6 7 9 13 8 15 11 0 2 11 16 14 15 4 11 11 14 13 16 11 7 1 5 13 6 11 8 2 10 3 4 8 16 16 6 14 6 0 5 4 7 7 9 6 16 1 7 6 15 13 5 3 0 14 15 14 7 2 16 6 0
11 4 5 5 15 16 1 13 8 2 15 4 3 7 2 11 4 16 5 8 14 8 13 13 10 7 11 13 12 2 9 8 6 6 4 2 10 6 11 9 4 9 2 14 1 12 2 16 6 9 8 3 6 15 6 7 6 5 0 1 8 3 1 2 15 3 0 4 11 5 9 7 8 12 10 11 3 0 9 2
11 5 14 15 5 14 6 7 8 12 16 14 12 4 15 15 1 12 13 13 13 11 9 9 15 3 4 1 11 9 6 0 13 0 6 11 7 13 5 16 6 5 16 15 1 13 7 0 16 3 0 6 6 16 15 9 16 8 8 8 13 7 13 0 10 15 8 2 13 0 1 6 15 13 11 12 12 13 9 9
4 4 6 10 5 0 14 4 7 7 4 15 10 1 7 15 8 9 8 8 10 10 14 0 3 2 15 11 6 3 6 16 11 0 16 16 4 2 14 8 5 2 7 4 8 16 5 6 4 0 16 7 6 2 2 15 12 2 1 16 3 12 10 12 15 15 10 10 8 13 13 2 7 5 6 7 4 9 3 14
13 16 3 14 16 7 8 15 12 10 9 11 9 12 0 11 5 6 5 9 9 6 16 5 1 7 11 11 0 10 16 4 12 4 10 0 11 4 4 10 2 12 1 12 16 14 7 3 1 8 16 8 6 8 3 3 2 9 13 15 12 5 15 12 14 15 5 11 6 14 15 1 5 3 13 10 5 11 13 8
12 5 0 11 16 1 2 13 16 4 3 14 10 5 16 0 13 8 10 6 4 1 4 13 13 11 8 4 5 1 15 8 16 11 0 10 14 10 11 2 13 7 7 5 3 14 7 4 14 3 12 16 15 7 5 15 14 10 8 14 9 1 10 16 11 7 9 16 0 7 4 3 10 15 5 1 14 16 5 9
5 9 10 3 6 14 14 11 10 5 0 11 5 5 15 7 6 12 0 7 12 10 13 4 7 0 15 4 1 12 14 0 15 0 6 14 0 3 16 8 1 6 5 1 2 1 13 8 7 2 9 2 14 2 6 9 2 13 13 15 0 12 1 8 12 8 4 16 12 16 6 9 6 2 0 15 12 7 9 5
3 0 0 6 3 7 6 10 8 0 9 13 15 0 7 1 16 13 16 10 0 2 13 6 2 5 7 16 11 8 9 12 10 14 5 2 12 2 2 2 12 0 4 1 11 16 3 0 6 9 1 12 6 0 8 14 15 2 11 2 12 6 16 7 16 7 11 5 11 6 16 6 1 0 10 0 8 15 15 1
5 15 10 4 14 7 11 0 15 16 6 14 7 15 11 11 13 7 0 8 8 7 5 1 9 16 16 13 5 11 15 16 13 0 9 2 12 12 0 1 0 14 16 1 1 0 15 15 13 0 12 5 6 16 9 12 5 13 10 5 14 5 14 2 6 10 4 4 1 2 3 16 5 12 1 2 8 4 11 6
