44
40
12
15
27
1
13
10
12
40
2
3
3
4
4
5
3
6
16
7
8
35
6
18
7
19
8
7
48
12
45
2
9
14
15
26
52
27
14
63
17
18
15
8
11
1
32
21
33
17
19
10
24
43
26
25
38
62
16
23
39
15
40
41
42
42
26
43
27
45
50
34
16
32
21
37
22
48
19
50
39
40
57
21
18
42
62
58
30
40
2
40
42
61
37
25
62
42
29
7
8
43
64
45
46
49
8
48
48
64
64
52
31
63
64
0
52
63
51
63
63
18
64
63
63
63
64
63
63
64
64
64
63
64
63
64
63
62
64
44
39
63
64
60
31
42
26
54
27
57
59
2
16
32
63
16
22
48
15
21
55
