52
40
51
52
28
1
11
1
11
18
2
3
3
4
13
5
41
17
6
7
61
45
5
9
63
21
10
11
23
3
9
3
25
3
14
15
11
11
27
5
5
60
18
19
9
20
21
34
18
35
34
41
24
36
25
26
39
38
17
28
23
18
15
41
12
26
28
27
27
44
27
34
35
32
31
24
48
23
38
38
52
40
51
52
42
37
38
54
60
60
56
39
32
57
42
62
62
45
63
42
61
45
51
64
38
21
50
40
55
38
16
64
64
20
14
63
63
52
27
64
64
63
63
63
9
63
63
64
64
64
63
64
64
63
25
63
63
63
64
28
63
63
44
41
61
64
63
61
59
44
61
34
35
61
61
60
61
58
38
10
10
