9
10
55
52
41
1
19
50
1
2
27
3
14
46
4
4
5
2
6
18
7
19
8
64
9
2
10
30
24
25
12
13
26
24
14
26
27
16
7
43
18
29
17
10
2
31
20
21
12
33
23
35
10
5
37
25
25
26
27
39
47
29
41
28
28
42
31
27
32
33
50
45
25
24
47
36
33
26
49
55
36
57
55
52
41
40
41
54
43
43
57
41
56
46
58
62
63
26
27
48
64
19
19
47
47
49
36
49
24
50
64
64
26
8
63
26
56
64
63
63
43
64
64
63
64
64
64
63
63
63
63
63
59
62
49
62
25
51
62
58
61
29
61
61
61
60
31
18
32
61
62
56
56
62
62
57
33
64
49
54
63
