25
9
41
32
37
11
1
58
15
2
36
3
3
4
41
5
6
4
5
49
5
45
5
6
9
64
10
28
11
8
12
62
13
6
14
15
11
7
12
28
17
18
60
31
19
10
32
21
33
22
22
23
36
24
25
37
26
27
21
22
12
53
41
30
31
7
49
26
25
51
62
34
35
53
52
28
53
29
54
24
39
23
41
32
40
57
59
58
39
2
39
38
62
29
15
62
24
64
42
64
5
42
38
6
52
64
54
53
11
51
64
64
64
52
63
59
63
55
12
64
63
63
63
50
63
63
63
52
63
63
64
64
64
64
25
59
63
64
63
63
63
63
64
62
63
52
8
56
59
62
62
62
62
62
52
48
63
55
12
24
62
