29
12
20
14
30
12
19
24
23
23
36
1
23
21
25
2
31
12
3
3
36
12
4
3
25
5
4
5
0
15
6
16
16
27
25
8
35
4
18
19
9
4
36
5
20
11
21
4
12
22
12
35
8
9
24
14
29
15
15
30
26
16
35
35
27
1
28
18
33
34
36
29
2
20
35
31
35
31
10
32
23
36
33
1
7
25
2
34
2
25
35
2
6
12
36
4
28
28
21
0
30
6
22
1
2
3
23
36
4
36
2
21
36
36
36
36
31
35
32
34
35
8
35
30
35
27
35
30
36
15
35
35
36
26
35
27
36
18
36
33
34
36
17
