29
24
30
30
15
36
34
36
15
30
32
1
15
10
10
12
2
34
13
3
23
21
4
1
4
5
5
15
6
6
16
16
17
7
17
35
8
27
26
9
22
21
20
10
6
11
21
6
12
25
22
13
7
24
24
14
36
25
25
35
29
26
33
16
27
27
18
28
7
29
29
29
19
30
30
15
13
31
14
36
32
32
33
23
33
35
18
34
34
25
3
35
26
25
1
36
5
22
12
6
23
27
22
18
7
17
28
8
35
33
35
35
35
34
36
26
36
35
35
35
34
35
13
34
36
27
36
36
36
25
35
15
12
35
21
5
35
18
28
35
5
35
35
