29
9
9
10
21
8
13
12
22
29
1
9
1
18
2
2
11
35
3
3
36
4
4
27
20
14
5
1
16
6
6
16
23
7
1
17
17
8
4
19
25
27
10
20
21
32
21
11
4
12
35
13
32
24
34
14
4
25
25
15
30
16
1
27
17
28
28
18
29
12
14
29
19
7
5
21
31
16
13
9
36
23
33
0
34
2
25
11
35
22
21
36
4
16
27
15
1
8
26
22
6
6
7
1
23
32
21
34
31
36
33
4
25
10
35
20
32
35
28
35
35
35
35
31
35
32
36
36
35
35
36
36
27
35
34
36
36
33
35
29
36
36
36
