34
5
8
14
31
12
12
17
36
33
19
1
34
16
11
36
2
25
12
3
32
1
4
4
1
5
5
1
29
6
2
6
7
17
33
8
18
8
9
9
29
20
10
31
28
5
11
22
36
22
2
13
36
36
14
33
25
31
15
6
26
16
28
27
34
29
28
18
8
29
19
34
13
35
32
31
31
13
0
22
33
12
23
34
35
6
25
25
1
12
5
36
0
4
4
27
26
1
1
29
23
17
31
7
19
33
34
30
36
26
33
5
36
35
20
36
33
35
35
36
35
35
31
35
32
34
35
28
36
36
35
26
35
9
27
36
7
35
35
8
36
19
21
