29
30
33
20
36
22
15
16
18
32
1
1
18
1
17
2
11
25
3
3
28
33
4
4
4
5
5
15
21
6
6
7
7
1
17
8
8
18
9
9
35
34
35
29
10
11
21
2
8
12
28
13
23
14
14
24
30
10
15
25
1
15
17
17
27
13
32
0
28
19
19
29
30
33
31
36
21
2
36
35
32
9
11
22
33
1
20
34
25
12
3
35
25
23
20
36
5
29
5
29
6
6
7
7
1
22
16
36
36
9
35
35
36
35
35
35
35
35
31
35
33
36
13
35
34
14
35
30
33
35
30
36
31
35
27
35
4
35
15
36
35
35
32
