19
34
18
21
30
29
8
22
13
24
15
1
34
33
19
2
11
26
2
3
35
13
4
14
21
4
5
28
2
21
6
16
7
35
31
30
8
5
19
9
25
35
10
20
20
3
21
35
12
28
13
13
23
28
9
8
25
2
15
25
16
16
26
17
31
10
33
28
6
19
29
19
12
33
30
11
31
8
22
1
22
32
32
34
33
0
23
24
34
11
3
35
26
36
14
21
4
5
24
23
29
26
30
4
3
1
33
36
4
36
33
31
35
6
35
14
35
35
35
35
36
35
35
36
33
35
0
36
35
35
3
35
15
21
35
29
10
35
32
6
35
3
0
