36
4
20
30
26
10
21
12
8
15
32
18
1
28
2
2
19
34
3
3
23
4
4
36
23
14
5
14
1
6
28
16
7
7
17
34
8
18
33
4
19
10
1
35
36
11
21
21
12
23
12
2
13
8
24
14
9
30
15
9
6
36
26
35
17
9
1
3
28
29
0
36
33
20
30
31
14
22
31
8
15
32
34
33
2
33
24
19
34
3
3
35
35
36
36
24
36
19
23
15
26
2
16
7
7
28
20
8
35
33
35
33
36
7
36
34
11
35
18
35
35
27
35
25
35
35
35
35
30
36
16
6
35
18
35
35
34
35
34
28
35
32
3
