29
30
12
20
0
34
31
32
8
32
1
11
1
33
15
2
23
11
3
3
20
4
4
13
13
14
5
25
1
30
6
16
7
1
7
3
8
33
1
9
19
35
10
20
21
26
11
22
12
12
22
23
13
24
2
35
33
9
15
16
16
26
26
27
11
18
18
0
28
29
19
29
30
12
20
0
31
36
32
35
32
3
33
24
33
14
34
9
25
17
35
0
4
4
36
23
4
29
13
27
28
26
30
15
1
20
32
36
33
36
18
15
35
35
35
36
36
35
35
12
36
22
36
4
35
31
35
35
35
35
16
35
26
36
35
35
18
35
0
36
35
36
12
