29
18
7
7
7
31
22
32
8
9
1
1
1
24
2
2
11
2
3
3
35
13
4
4
4
5
5
27
1
6
6
4
24
7
17
3
8
26
6
9
1
32
20
10
33
11
11
35
22
23
13
13
13
6
35
14
33
25
7
16
16
35
27
1
27
36
36
28
29
19
7
29
9
36
21
21
31
9
32
36
32
1
7
33
24
25
25
34
23
25
35
35
0
19
36
22
5
17
25
24
22
6
14
17
7
15
36
36
19
6
35
33
35
35
35
36
35
34
35
32
36
35
35
35
18
36
34
33
35
25
35
36
35
35
35
35
36
36
22
35
19
7
21
