29
30
15
21
9
34
31
13
35
9
33
1
0
10
11
2
25
13
3
19
3
19
4
4
2
14
5
28
2
6
22
17
7
7
2
19
8
19
33
19
9
10
10
21
10
11
36
11
27
12
30
23
13
24
24
9
29
25
15
31
16
36
27
17
10
17
28
28
19
19
29
29
30
20
21
21
31
31
12
32
32
33
1
22
35
14
34
25
24
19
35
3
36
26
36
27
14
5
28
20
25
24
21
7
1
7
8
35
34
33
36
9
25
35
35
35
36
36
32
35
33
34
35
34
34
35
28
2
35
15
35
36
36
29
35
10
29
35
28
35
35
36
31
