9 9 4 4 9 5 5 15 15 15 15 15 15 1 1 8 8 1 0 0 1 1 1 3 3 3 0 4 4 4 2 13 14 14 14 13 6 5 4 4 14 14 5 15 15 15 2 2 3 3 3 3 3 3 3 3 6 6 2 2 13 13 13 13 13 6 8 8 15 15 6 6 6 6 6 15 15 6 6 6
8 15 15 15 15 15 15 8 8 8 8 8 8 1 1 1 12 12 2 14 14 14 14 3 3 3 3 4 4 4 14 3 3 3 3 0 6 0 0 0 0 0 0 0 6 7 7 7 0 0 2 10 10 10 10 10 11 11 16 16 16 1 1 1 1 15 12 12 15 15 14 1 0 0 0 0 0 0 0 0
6 6 6 7 7 7 7 7 7 7 7 7 7 7 1 13 13 13 2 13 13 2 3 3 3 2 2 2 2 2 2 15 15 15 15 15 6 0 0 4 7 7 7 7 7 7 3 3 3 3 3 2 2 2 2 16 16 16 10 10 10 14 14 16 16 0 14 6 15 15 15 1 15 9 15 9 0 0 0 0
4 15 15 15 15 15 15 15 15 15 15 7 15 15 1 15 9 9 2 1 1 14 3 3 3 3 15 15 15 15 12 12 5 14 14 14 14 14 14 14 14 16 8 16 15 2 6 8 9 9 9 9 9 2 2 2 9 9 9 9 8 9 8 8 8 8 7 8 7 7 9 9 9 9 9 9 9 9 9 9
3 11 11 11 0 15 15 15 15 15 15 15 15 15 1 15 13 13 1 15 16 16 3 3 3 3 15 4 0 15 15 15 15 15 15 15 15 15 15 15 7 4 8 8 8 8 8 8 8 8 8 8 8 8 8 8 8 8 16 16 16 4 4 12 12 12 15 12 12 12 12 16 12 12 12 12 12 12 8 10
15 15 5 4 5 5 5 10 10 7 7 7 7 1 1 1 11 11 11 11 12 12 12 12 12 3 4 4 4 2 2 2 2 2 2 2 2 2 2 2 6 6 6 6 8 8 8 8 8 8 8 8 8 8 8 8 8 8 8 8 16 16 16 13 16 16 13 13 13 16 16 13 13 16 13 4 4 4 4 4
15 5 13 13 15 16 5 16 16 16 16 16 16 16 1 10 10 10 10 1 2 1 3 3 12 1 4 4 4 1 1 3 3 5 5 5 5 5 5 7 5 5 5 16 0 0 7 0 0 0 0 0 0 0 0 0 0 0 0 0 16 16 13 13 16 13 13 13 16 15 15 13 13 15 15 13 0 0 0 0
0 0 0 14 16 16 16 16 16 8 8 8 8 8 1 8 8 1 2 2 2 1 1 3 3 3 2 11 4 4 4 4 4 0 0 0 14 14 14 14 14 0 0 0 0 0 0 16 16 4 4 4 3 3 3 3 3 3 3 3 3 3 13 13 13 13 3 3 13 10 13 10 13 13 13 13 10 13 13 13
14 14 14 14 14 14 14 14 10 10 10 10 10 1 1 12 16 16 2 2 1 1 1 3 1 1 4 4 4 2 12 12 12 2 2 2 14 14 14 6 2 2 5 5 5 2 2 16 16 16 16 16 5 5 5 5 5 5 5 5 5 5 5 5 5 5 5 5 2 2 2 16 8 16 16 1 16 16 2 16
8 12 12 16 7 7 7 9 9 9 9 9 9 9 1 9 16 9 2 2 16 16 3 3 3 3 3 4 4 4 4 4 4 4 4 4 6 6 4 4 15 15 15 16 16 16 7 8 7 9 7 7 7 7 7 7 0 1 1 1 1 16 16 16 1 1 14 14 15 14 14 14 14 14 15 14 14 14 14 16
