1 3 3 3 13 8 3 10 14 15 10 4 2 15 5 0 2 13 10 1 10 10 3 6 13 10 13 10 13 5 5 5 2 1 5 5 10 12 5 3 3 4 3 3 16 3 3 14 6 3 5 1 1 15 0 7 10 3 10 10 10 6 10 8 10 10 5 4 5 5 5 5 5 6 11 5 9 15 16 5
5 5 5 5 5 5 5 5 5 3 7 7 5 3 3 14 3 3 3 2 3 10 10 10 10 10 10 10 10 10 10 10 10 8 10 10 10 10 10 10 10 10 10 10 10 10 10 5 10 0 10 10 10 10 5 5 5 5 5 5 5 5 5 5 5 5 3 3 3 3 3 3 7 3 3 3 3 5 5 3
5 5 5 5 16 5 5 5 5 3 7 7 5 4 11 3 3 15 3 3 3 3 3 3 5 5 5 6 10 10 15 11 10 10 10 10 10 10 10 10 10 10 4 3 3 7 3 3 3 3 3 5 5 0 3 3 3 5 5 16 3 3 3 8 5 8 3 5 5 3 3 3 3 3 5 3 5 5 5 13
5 5 5 5 5 5 5 5 5 3 7 7 5 3 3 3 3 3 3 3 0 3 3 3 14 5 10 10 10 10 10 10 3 10 3 5 5 2 5 5 5 5 3 3 3 3 3 4 10 10 10 3 10 10 10 10 10 10 10 10 10 10 10 10 10 3 7 3 5 3 10 10 3 3 3 3 5 5 3 12
1 3 3 3 3 13 10 10 10 9 10 12 10 14 4 5 4 10 10 7 7 5 4 10 6 3 3 3 3 3 3 15 11 3 16 3 3 3 3 3 9 10 10 3 5 10 11 4 15 5 5 5 5 5 5 4 5 5 5 4 1 5 3 3 3 0 3 7 3 3 3 3 8 3 10 10 8 12 10 10
5 5 5 5 5 5 5 5 5 3 7 7 5 3 3 3 3 3 3 3 3 3 3 5 3 10 10 10 10 10 10 10 10 10 10 10 10 10 10 10 10 10 10 10 10 10 8 5 5 5 3 3 3 3 16 3 3 3 3 3 3 5 5 5 5 5 5 5 5 5 5 5 5 5 5 5 5 3 5 5
5 15 5 5 5 5 5 5 5 3 7 7 13 15 4 0 12 3 3 3 6 5 5 5 5 5 5 10 10 7 10 10 15 10 10 9 10 10 10 10 11 5 5 5 3 10 10 10 10 7 16 3 5 5 5 16 12 2 3 2 5 10 10 10 10 10 10 10 9 10 4 10 10 10 10 10 5 10 10 10
5 10 13 16 5 5 5 5 5 3 11 11 5 3 3 11 2 3 14 10 10 10 10 2 10 0 0 3 14 13 10 9 10 13 10 3 5 5 10 16 3 10 13 15 6 5 11 10 3 3 3 3 3 5 5 5 5 2 16 5 5 5 5 3 5 5 5 5 5 5 5 3 13 13 5 5 5 5 11 5
5 5 5 5 5 5 5 5 5 3 7 7 5 3 3 3 3 3 3 3 3 3 3 5 3 10 10 10 10 10 10 10 10 10 10 10 10 10 10 10 10 10 10 10 10 10 10 10 10 10 6 3 3 3 3 5 5 5 5 5 5 5 5 5 5 5 5 5 3 3 3 3 3 3 10 3 3 3 3 5
5 5 5 5 5 5 5 5 5 3 7 7 5 3 3 3 3 3 3 3 3 13 3 3 5 5 5 5 10 10 10 10 10 10 10 10 10 10 10 10 10 10 10 10 10 10 10 10 10 10 10 10 10 3 3 3 5 10 10 10 5 5 5 3 3 3 3 3 3 3 3 3 3 3 3 3 5 5 5 5
