# Results obtained using DQN. CPU time: 19.671701908111572
0.00297105  58.00000000  0.00039842  80.00000000  2758.98350467  0.00000000
0.00035561  74.00000000  0.00026909  80.00000000  2787.63310686  0.00000000
0.00014430  74.00000000  0.00012225  80.00000000  2020.96798160  0.00000000
0.00031705  78.00000000  0.00031705  80.00000000  1905.24507501  0.00000000
0.00014511  78.00000000  0.00014511  80.00000000  1795.69303494  0.00000000
0.00117816  77.00000000  0.00114909  80.00000000  2274.99651130  0.00000000
0.00477276  71.00000000  0.00328746  80.00000000  3536.29422956  0.01046703
0.00144563  69.00000000  0.00081062  80.00000000  2889.79528188  0.02569180
0.00077576  73.00000000  0.00046531  80.00000000  1425.62824462  0.04091657
0.00732832  74.00000000  0.00208822  80.00000000  2077.62004025  0.05614135
0.01553159  69.00000000  0.01546297  80.00000000  1741.37196484  0.07136612
0.00185659  77.00000000  0.00183992  80.00000000  2359.38199038  0.08659089
0.00010978  57.00000000  0.00001107  80.00000000  2226.24033405  0.10181566
0.00015054  78.00000000  0.00015054  80.00000000  1392.00899580  0.11704043
0.00223044  66.00000000  0.00000479  80.00000000  2209.82054158  0.13226520
0.00004944  58.00000000  0.00002593  80.00000000  1943.71923204  0.14748997
0.00036418  72.00000000  0.00032263  80.00000000  1557.07159465  0.16271475
0.00051034  78.00000000  0.00051034  80.00000000  2255.09380199  0.17793952
0.00016689  75.00000000  0.00006323  80.00000000  1740.88339110  0.19316429
0.00034505  78.00000000  0.00034505  80.00000000  2043.25807888  0.20838906
0.00036100  60.00000000  0.00024394  80.00000000  1627.90302163  0.22361383
0.00610205  78.00000000  0.00610205  80.00000000  1615.06555977  0.23883860
0.00052435  78.00000000  0.00052435  80.00000000  1224.02485632  0.25406338
0.00006809  78.00000000  0.00006809  80.00000000  1983.21068001  0.26928815
0.00261654  66.00000000  0.00100076  80.00000000  1791.92715111  0.28451292
0.00836875  78.00000000  0.00836875  80.00000000  2038.28966141  0.29973769
0.00007764  78.00000000  0.00007764  80.00000000  1476.98271951  0.31496246
0.00570743  76.00000000  0.00552024  80.00000000  2160.52942184  0.33018723
0.00828997  78.00000000  0.00828997  80.00000000  2712.35398984  0.34541201
0.00371596  78.00000000  0.00371596  80.00000000  1645.46893739  0.36063678
0.00044923  78.00000000  0.00044923  80.00000000  2962.61531377  0.37586155
0.00352698  76.00000000  0.00309480  80.00000000  2113.23324970  0.39108632
0.00037934  62.00000000  0.00002607  80.00000000  1861.81774562  0.40631109
0.00113363  78.00000000  0.00113363  80.00000000  1881.95777228  0.42153586
0.00119452  78.00000000  0.00119452  80.00000000  1702.17201639  0.43676064
0.00047012  78.00000000  0.00047012  80.00000000  1792.85071564  0.45198541
0.00003024  58.00000000  0.00001844  80.00000000  1853.73716027  0.46721018
0.03877320  74.00000000  0.03445024  80.00000000  1891.35900285  0.48243495
0.00162803  67.00000000  0.00053467  80.00000000  2297.02376939  0.49765972
0.02055423  74.00000000  0.01398505  80.00000000  2235.35946308  0.51288449
0.00077835  78.00000000  0.00077835  80.00000000  2105.97440581  0.52810926
0.01407461  78.00000000  0.01407461  80.00000000  2025.81851564  0.54333404
0.01716837  78.00000000  0.01716837  80.00000000  2145.36827844  0.55855881
0.08976820  78.00000000  0.08976820  80.00000000  2236.59114884  0.57378358
0.03058561  76.00000000  0.02578349  80.00000000  2142.44509335  0.58900835
0.01709525  78.00000000  0.01709525  80.00000000  1543.03787824  0.60423312
0.00303195  74.00000000  0.00197549  80.00000000  2543.37203801  0.61945789
0.00003774  78.00000000  0.00003774  80.00000000  1768.20746090  0.63468267
0.02222965  70.00000000  0.01721402  80.00000000  1941.18881028  0.64990744
0.20263175  78.00000000  0.20263175  80.00000000  2423.19257542  0.66513221
0.00018725  66.00000000  0.00016324  80.00000000  2044.69743721  0.68035698
0.00837474  75.00000000  0.00611393  80.00000000  2024.66810194  0.69558175
0.00983777  72.00000000  0.00657430  80.00000000  2045.96757999  0.71080652
0.00567824  75.00000000  0.00407414  80.00000000  2052.33885277  0.72603130
0.00130325  76.00000000  0.00100671  80.00000000  1898.26853625  0.74125607
0.01155836  65.00000000  0.00430984  80.00000000  2131.90283472  0.75648084
0.01123862  78.00000000  0.01123862  80.00000000  2013.14514022  0.77170561
0.01695962  78.00000000  0.01695962  80.00000000  1597.03888599  0.78693038
0.03889066  78.00000000  0.03889066  80.00000000  2038.58600403  0.80215515
0.02639257  78.00000000  0.02639257  80.00000000  2094.46964801  0.81737993
0.01682916  78.00000000  0.01682916  80.00000000  1761.47202791  0.83260470
0.00429014  78.00000000  0.00429014  80.00000000  2002.81139329  0.84782947
0.04166291  78.00000000  0.04166291  80.00000000  2077.12649755  0.86305424
0.00059352  57.00000000  0.00049888  80.00000000  2057.11951783  0.87827901
0.00421769  78.00000000  0.00421769  80.00000000  1980.12770409  0.89350378
0.00960727  78.00000000  0.00960727  80.00000000  2023.17084266  0.90872855
0.01553140  78.00000000  0.01553140  80.00000000  2006.39278129  0.92395333
0.11952557  78.00000000  0.11952557  80.00000000  2185.62295262  0.93917810
0.03161231  68.00000000  0.00255682  80.00000000  2020.89453337  0.95440287
0.23785539  78.00000000  0.23785539  80.00000000  2074.26790812  0.96962764
0.00112208  78.00000000  0.00112208  80.00000000  2073.01987374  0.98485241
0.00535718  78.00000000  0.00535718  80.00000000  2073.03859819  0.99000000
0.10053870  78.00000000  0.10053870  80.00000000  2073.12370634  0.99000000
0.00122312  78.00000000  0.00122312  80.00000000  2073.02520899  0.99000000
0.01268194  65.00000000  0.00071542  80.00000000  1993.08304647  0.99000000
0.00036107  78.00000000  0.00036107  80.00000000  2073.02519847  0.99000000
0.00106497  78.00000000  0.00106497  80.00000000  2073.02520541  0.99000000
0.00025456  78.00000000  0.00025456  80.00000000  2073.02519388  0.99000000
0.00106497  78.00000000  0.00106497  80.00000000  2073.02520541  0.99000000
0.00106497  78.00000000  0.00106497  80.00000000  2073.02520541  0.99000000
0.00106497  78.00000000  0.00106497  80.00000000  2073.02520554  0.99000000
0.00410454  78.00000000  0.00410454  80.00000000  2073.02541344  0.99000000
0.00106497  78.00000000  0.00106497  80.00000000  2073.02520541  0.99000000
0.00698597  78.00000000  0.00698597  80.00000000  2072.49767951  0.99000000
0.00106499  78.00000000  0.00106499  80.00000000  2073.02520656  0.99000000
0.00106497  78.00000000  0.00106497  80.00000000  2073.02520541  0.99000000
0.00106480  78.00000000  0.00106480  80.00000000  2073.06125430  0.99000000
0.00104206  78.00000000  0.00104206  80.00000000  2155.78869201  0.99000000
0.00106497  78.00000000  0.00106497  80.00000000  2073.02520541  0.99000000
0.01088500  78.00000000  0.01088500  80.00000000  2073.02687557  0.99000000
0.00106497  78.00000000  0.00106497  80.00000000  2073.02520541  0.99000000
0.00630708  78.00000000  0.00630708  80.00000000  2044.57788285  0.99000000
0.00106497  78.00000000  0.00106497  80.00000000  2073.02520541  0.99000000
0.01053868  78.00000000  0.01053868  80.00000000  2070.47574883  0.99000000
0.00647040  78.00000000  0.00647040  80.00000000  2073.02569995  0.99000000
0.00106480  78.00000000  0.00106480  80.00000000  2073.06125430  0.99000000
0.01000621  78.00000000  0.01000621  80.00000000  2073.02649758  0.99000000
0.01739981  78.00000000  0.01739981  80.00000000  2085.92968138  0.99000000
0.05458747  78.00000000  0.05458747  80.00000000  2058.30048604  0.99000000
0.00106497  78.00000000  0.00106497  80.00000000  2073.02520541  0.99000000
0.00106497  78.00000000  0.00106497  80.00000000  2073.02520541  0.99000000
