34
29
20
9
14
15
32
9
32
9
35
1
1
33
15
2
2
2
24
3
3
14
14
4
4
21
5
5
15
16
6
6
3
7
7
18
8
8
18
8
9
35
9
10
5
31
11
21
35
12
12
6
2
23
36
14
24
35
25
15
14
9
26
15
27
17
27
5
17
28
14
29
34
19
30
20
11
14
31
21
35
32
9
35
33
35
33
34
34
16
15
24
35
35
25
5
36
36
19
5
5
29
20
6
6
3
7
31
5
36
36
36
36
9
35
35
35
36
35
35
35
35
35
35
35
35
36
36
35
35
35
36
35
35
35
35
35
35
35
35
35
35
36
35
5
36
1
