13 13 12 12 12 12 12 12 12 12 12 15 7 1 1 1 1 1 1 12 12 1 1 1 10 14 10 4 4 1 5 5 1 13 13 13 13 13 6 6 6 6 6 15 15 15 15 6 9 6 6 9 8 8 8 8 6 6 13 13 13 1 1 1 1 1 13 13 13 13 13 13 13 13 13 13 13 13 13 13
10 16 16 16 16 16 16 16 16 16 16 16 16 16 1 11 14 14 2 2 2 15 14 3 3 2 4 4 4 2 12 12 12 12 12 15 16 16 16 14 15 15 15 6 6 15 6 3 3 3 3 8 3 3 3 3 3 3 3 3 3 11 11 0 11 11 6 6 6 6 6 6 11 11 13 6 6 6 6 11
5 15 15 15 11 11 11 11 9 9 9 9 9 9 1 9 9 9 9 13 13 13 13 13 16 16 3 4 4 4 4 4 4 13 13 13 13 14 4 7 7 7 7 7 7 4 4 9 16 16 8 6 6 6 6 6 6 6 6 6 6 6 6 6 6 6 6 6 6 6 6 6 6 6 6 6 4 6 4 6
3 11 11 11 11 11 11 11 11 7 7 13 13 1 13 13 13 13 2 11 11 13 3 3 3 3 1 1 1 1 1 13 13 13 13 13 6 6 1 5 5 7 7 7 16 16 9 9 9 9 9 9 9 9 9 9 9 9 9 9 9 16 16 16 16 16 9 9 9 9 9 9 9 9 9 9 9 9 9 9
7 7 7 7 7 7 14 14 14 14 14 9 9 9 1 9 9 9 9 9 9 10 1 1 10 13 4 4 4 4 0 0 5 5 5 5 16 16 16 16 16 16 16 16 16 15 6 6 6 6 6 6 6 6 6 6 6 6 6 6 6 6 6 6 6 6 6 6 6 6 6 6 6 6 6 6 6 6 6 6
10 5 5 5 5 9 16 16 16 16 9 9 9 14 1 9 8 8 2 2 14 2 3 14 14 4 4 4 4 4 12 12 12 12 1 6 6 6 6 15 15 15 15 15 15 15 6 6 6 8 8 8 6 6 6 6 8 8 8 8 8 8 8 8 8 8 8 8 6 6 6 6 6 6 6 6 6 6 6 6
16 13 13 4 4 13 6 6 11 6 14 14 14 1 1 11 8 8 2 11 11 15 3 3 3 3 3 11 15 11 11 3 3 3 3 0 4 4 7 15 7 15 15 15 15 15 15 7 7 10 10 8 8 8 8 8 8 8 8 8 8 8 8 7 7 7 7 7 7 7 7 16 7 7 7 16 16 16 6 16
3 11 11 11 11 11 12 12 12 12 7 7 7 7 1 10 10 10 10 1 10 10 3 3 10 10 1 1 1 11 11 5 5 1 1 6 1 6 14 14 14 14 14 14 7 7 7 7 7 4 4 4 4 1 1 1 1 1 1 1 1 1 1 1 1 1 1 4 4 4 4 4 4 4 4 4 9 9 9 9
5 5 5 5 5 5 11 11 11 11 11 13 13 13 1 16 16 15 15 15 15 10 10 10 10 4 4 4 1 4 4 4 4 4 4 4 6 14 14 14 14 6 7 7 1 0 7 6 6 6 6 10 10 10 10 10 10 8 8 8 8 8 8 8 8 8 8 6 6 6 6 6 6 6 6 6 6 6 6 5
7 7 7 7 7 7 16 16 16 14 7 7 10 10 1 10 10 12 2 12 12 10 3 3 3 3 1 1 12 12 12 14 5 5 5 5 4 4 6 6 2 15 15 15 15 15 1 1 1 1 1 1 1 1 1 1 1 1 1 1 1 1 1 1 1 1 1 1 1 16 16 16 16 11 11 16 15 15 15 15
