15 6 15 15 14 5 5 5 16 16 16 10 10 1 1 1 16 12 16 13 13 10 10 10 13 13 13 2 11 11 13 5 16 16 16 6 6 2 2 2 2 7 7 7 7 7 7 7 9 7 16 6 9 9 9 7 7 7 7 7 7 1 7 7 7 7 7 7 7 7 7 7 7 7 7 7 7 7 9 9
5 13 13 13 13 13 13 13 13 13 13 8 8 8 1 11 11 11 16 11 11 9 3 3 3 1 16 16 16 4 5 5 5 2 2 2 2 2 2 2 2 4 4 4 4 15 9 9 9 9 9 4 4 4 4 4 4 4 4 4 4 5 5 5 5 5 5 5 5 5 5 5 5 5 5 5 5 5 5 5
3 11 11 11 11 11 12 12 12 12 7 7 7 7 1 10 10 10 10 1 10 10 3 3 10 10 1 1 1 11 11 5 5 1 1 6 1 6 14 14 14 14 14 14 7 7 7 7 7 4 4 4 4 1 1 1 1 1 1 1 1 1 1 1 1 1 1 4 4 4 4 4 4 4 4 4 9 9 9 9
4 4 4 4 4 4 9 9 6 6 6 6 9 9 1 9 16 9 16 16 16 9 3 3 3 0 0 15 0 0 5 5 5 5 5 5 0 0 0 0 0 14 14 14 14 14 5 5 5 5 5 10 10 10 10 10 10 10 10 10 10 10 10 10 10 10 10 10 10 10 10 10 10 10 5 5 5 5 5 5
0 4 4 4 4 4 6 6 8 6 6 8 8 8 1 1 1 2 2 2 2 2 2 2 10 4 4 4 4 4 11 11 4 14 14 14 14 14 4 4 4 4 4 4 7 7 7 16 7 7 16 5 9 9 9 9 9 9 9 9 9 9 9 5 9 9 0 0 0 0 0 0 9 0 9 0 0 0 0 0
12 4 12 12 12 0 9 9 9 9 9 9 9 9 1 9 0 13 13 11 11 11 11 0 0 0 11 4 11 14 1 15 5 5 5 5 6 15 15 15 15 15 15 15 15 15 5 5 5 5 5 8 5 5 5 5 5 5 5 5 5 5 5 11 11 9 8 8 8 8 8 8 8 8 8 8 9 11 11 11
3 11 11 11 11 11 11 11 11 11 11 11 11 1 1 11 16 16 16 11 11 16 3 3 16 16 16 16 16 16 16 12 12 0 13 6 0 0 7 7 7 15 15 15 15 15 16 16 9 5 5 5 5 5 5 5 5 5 5 5 5 4 4 7 4 7 7 7 7 11 11 11 11 11 11 11 11 11 11 11
8 14 14 14 14 14 8 8 8 8 16 8 8 8 1 8 10 8 8 10 10 10 10 10 13 13 4 4 4 2 13 5 5 5 5 5 13 0 0 15 7 7 7 14 7 8 5 5 9 6 6 6 5 6 6 5 5 5 5 5 5 5 5 6 6 6 6 6 6 6 6 7 7 7 7 7 7 7 7 7
3 14 14 14 14 14 14 14 14 14 14 14 14 14 1 12 12 0 2 2 15 15 15 15 15 0 4 4 4 4 4 0 0 16 13 6 13 6 15 15 6 15 15 5 5 5 9 6 6 9 9 16 6 6 7 7 7 7 7 7 7 7 7 7 7 7 7 7 6 6 6 6 6 6 6 9 6 6 6 6
9 8 8 8 8 9 8 8 8 8 8 11 7 7 1 8 15 8 8 2 13 13 13 3 16 10 3 3 3 3 3 2 2 2 2 4 4 4 16 16 2 15 15 15 15 8 8 8 7 7 7 7 7 7 7 7 7 7 7 7 7 7 7 7 7 11 11 8 11 11 8 8 8 8 8 8 8 8 8 8
13 14 14 14 14 14 7 7 7 7 7 12 12 7 1 12 1 12 0 0 0 3 3 3 11 11 13 13 13 13 13 13 13 13 15 15 15 15 7 7 7 7 7 7 7 7 2 16 16 16 9 9 7 7 7 4 6 6 6 7 7 9 9 9 2 9 9 9 9 9 9 9 9 9 9 9 9 9 9 9
10 16 16 16 16 16 16 16 16 16 16 16 16 16 1 11 14 14 2 2 2 15 14 3 3 2 4 4 4 2 12 12 12 12 12 15 16 16 16 14 15 15 15 6 6 15 6 3 3 3 3 8 3 3 3 3 3 3 3 3 3 11 11 0 11 11 6 6 6 6 6 6 11 11 13 6 6 6 6 11
8 8 8 8 8 14 8 8 8 8 8 8 8 1 1 14 11 2 2 2 14 14 14 3 3 14 14 14 14 14 12 2 2 5 12 12 6 4 2 2 2 2 2 2 7 7 16 16 16 16 16 10 10 10 10 10 3 3 3 3 3 3 3 3 3 3 3 3 3 3 3 8 8 8 8 8 8 8 8 8
16 15 15 15 15 15 15 15 15 15 15 15 7 1 1 14 14 13 9 2 13 13 13 13 3 3 14 14 2 13 2 3 3 3 3 6 6 4 4 7 7 7 7 7 7 16 16 16 9 16 16 8 8 8 8 5 8 0 0 0 0 0 6 7 7 7 5 5 5 5 5 16 0 0 16 0 0 0 0 0
10 15 15 15 15 15 15 15 15 15 15 9 9 9 1 14 14 14 2 14 14 10 10 2 2 10 10 4 4 4 3 5 5 5 3 3 3 3 3 3 3 15 15 15 15 3 3 6 3 3 3 10 10 10 10 10 10 10 10 10 10 10 10 10 9 9 7 7 7 7 7 11 7 7 7 7 4 4 4 4
3 13 13 13 13 13 13 13 13 13 13 0 13 0 1 11 11 11 11 11 11 1 3 3 3 11 11 4 15 12 14 14 14 12 13 13 6 6 15 15 15 15 15 15 15 15 8 8 8 8 8 8 8 3 3 3 10 8 8 8 8 8 8 8 8 8 6 8 8 8 8 8 16 8 8 8 12 8 8 5
11 8 8 8 8 8 11 8 8 8 8 8 8 11 1 10 11 11 2 2 9 9 12 3 2 2 12 12 12 12 5 5 13 12 12 12 6 6 2 2 2 3 3 3 3 16 5 5 5 5 5 10 10 10 10 10 12 12 12 12 12 12 12 12 12 12 12 12 12 12 12 12 12 12 12 12 12 12 12 12
6 6 6 6 6 6 6 6 6 6 14 0 0 1 1 1 1 1 2 16 16 16 10 10 10 2 2 2 2 2 1 5 5 1 1 6 6 6 6 14 1 1 3 8 8 8 9 9 9 9 9 9 9 9 9 9 5 5 5 5 5 5 5 5 5 5 5 5 5 5 5 5 5 5 5 5 5 5 5 5
15 15 4 4 4 15 15 15 6 6 15 15 13 15 1 13 13 13 13 10 10 10 3 3 10 10 13 13 13 13 5 0 0 13 0 5 6 1 15 15 15 15 1 1 1 16 16 16 16 1 1 1 1 1 1 1 1 1 1 1 1 1 1 1 1 1 1 6 6 6 6 6 6 6 6 6 6 6 6 6
5 5 5 5 5 5 11 11 11 11 11 13 13 13 1 16 16 15 15 15 15 10 10 10 10 4 4 4 1 4 4 4 4 4 4 4 6 14 14 14 14 6 7 7 1 0 7 6 6 6 6 10 10 10 10 10 10 8 8 8 8 8 8 8 8 8 8 6 6 6 6 6 6 6 6 6 6 6 6 5
14 14 14 14 14 14 14 14 6 6 13 7 12 12 1 13 13 13 13 13 13 13 11 11 11 11 4 4 4 13 0 0 0 4 4 6 6 3 3 3 3 16 16 16 16 16 16 16 6 6 6 10 8 8 9 9 8 8 8 8 16 16 16 16 16 8 5 5 5 5 5 5 5 5 16 16 16 16 16 5
0 0 0 0 0 0 0 0 10 10 10 10 0 10 1 0 10 10 10 10 11 15 11 3 11 11 4 4 4 16 16 2 2 4 13 3 6 13 6 6 4 7 7 7 7 7 1 1 7 1 1 6 6 6 6 6 7 7 7 7 7 6 6 6 6 6 7 7 7 8 8 7 7 7 7 7 7 7 7 7
9 9 9 9 9 9 0 0 0 0 0 0 0 0 1 11 11 11 11 11 11 3 3 3 3 3 1 1 1 2 2 2 2 3 3 3 14 4 4 4 4 4 4 15 16 4 4 9 9 9 9 9 9 9 9 9 9 9 9 9 9 3 9 9 9 9 9 9 9 7 7 6 6 6 6 6 6 6 6 6
9 10 10 10 10 8 11 11 9 9 9 9 9 1 1 1 0 0 0 0 0 3 3 3 3 3 15 0 0 0 5 5 12 12 12 14 3 5 5 1 1 1 1 1 1 1 1 8 1 16 7 7 7 1 1 1 1 1 3 3 13 13 13 13 13 13 13 13 13 13 13 13 13 13 13 13 13 13 13 13
16 16 16 16 16 16 6 6 6 6 6 10 10 10 1 10 12 12 12 12 12 15 10 10 10 15 12 12 12 12 5 15 15 15 0 6 15 15 15 15 15 15 15 15 15 15 15 2 2 2 2 1 1 1 1 1 1 1 1 1 1 1 1 1 1 1 15 15 15 15 15 15 15 15 15 15 15 15 15 15
16 16 16 16 16 16 11 11 11 11 11 9 9 14 1 14 11 11 8 8 8 2 10 3 3 3 15 15 15 15 15 5 3 12 5 5 1 5 5 7 7 7 15 15 15 15 16 16 16 16 16 1 1 5 5 5 5 5 5 5 5 5 5 5 5 5 5 5 5 5 5 5 10 10 1 1 1 1 1 1
7 13 13 13 13 13 13 8 8 8 8 8 13 8 1 8 13 13 11 11 11 16 3 3 3 16 3 4 4 4 4 13 15 15 15 15 15 15 15 15 15 15 15 15 15 15 8 8 8 8 8 1 1 1 1 1 1 10 10 10 10 10 14 6 6 6 15 15 15 15 15 15 15 15 15 15 4 4 4 4
0 10 10 10 10 10 6 0 0 0 11 0 11 11 1 8 8 8 2 2 2 11 11 11 11 15 15 15 15 15 16 16 16 16 4 6 6 6 16 16 15 15 15 15 15 15 3 3 3 3 3 3 3 3 3 3 11 3 11 11 11 11 11 11 11 11 13 13 13 13 13 13 13 13 13 13 14 14 6 14
5 11 11 11 11 11 10 11 11 11 11 14 14 1 1 1 1 1 1 15 0 15 10 10 10 10 10 16 16 0 0 3 16 0 6 6 6 6 6 6 6 2 15 15 15 15 16 16 16 6 6 6 6 8 8 8 8 8 11 2 2 8 8 8 16 16 16 16 16 16 16 13 13 13 13 6 6 6 6 6
13 13 12 12 12 12 12 12 12 12 12 15 7 1 1 1 1 1 1 12 12 1 1 1 10 14 10 4 4 1 5 5 1 13 13 13 13 13 6 6 6 6 6 15 15 15 15 6 9 6 6 9 8 8 8 8 6 6 13 13 13 1 1 1 1 1 13 13 13 13 13 13 13 13 13 13 13 13 13 13
4 6 6 6 6 6 6 12 12 12 13 9 9 13 1 9 9 10 14 14 14 14 14 13 13 14 13 4 13 13 3 13 13 13 14 6 6 6 14 1 1 1 1 5 5 15 1 1 1 1 1 1 1 1 10 10 1 1 1 1 1 1 1 3 3 3 3 3 3 3 3 3 3 3 3 3 3 3 3 3
5 15 15 15 11 11 11 11 9 9 9 9 9 9 1 9 9 9 9 13 13 13 13 13 16 16 3 4 4 4 4 4 4 13 13 13 13 14 4 7 7 7 7 7 7 4 4 9 16 16 8 6 6 6 6 6 6 6 6 6 6 6 6 6 6 6 6 6 6 6 6 6 6 6 6 6 4 6 4 6
0 9 9 9 9 9 9 9 9 9 9 6 9 9 1 9 9 9 9 9 9 2 2 2 2 4 4 4 4 4 4 5 4 2 15 6 3 3 3 3 3 3 3 15 15 15 9 16 6 6 6 10 10 10 10 10 10 10 10 10 10 11 11 11 11 11 11 11 11 11 11 6 6 6 6 6 7 7 7 7
3 0 0 0 0 0 0 0 0 8 9 16 16 16 1 9 9 12 2 2 16 2 2 2 2 2 2 2 4 12 12 12 5 5 5 5 5 15 7 7 7 15 15 15 15 15 15 15 7 7 7 10 10 10 10 10 10 10 10 10 10 10 10 10 6 6 6 6 3 3 6 7 7 6 7 7 6 6 6 6
4 12 7 7 7 7 12 12 12 12 12 11 12 1 1 12 1 1 1 12 11 12 12 12 13 13 12 13 4 13 13 1 1 1 1 1 0 0 0 0 7 7 7 7 7 7 0 0 0 0 0 0 0 0 0 0 16 16 16 16 16 7 7 7 7 7 16 16 16 16 16 2 2 2 2 2 2 2 2 2
15 7 7 7 7 7 5 16 16 16 16 7 7 11 1 11 10 10 10 15 15 15 10 10 10 3 2 2 2 5 5 5 1 1 5 5 3 1 15 15 15 15 15 15 15 15 15 9 9 0 0 2 2 2 2 2 2 2 0 8 8 3 3 3 3 3 3 3 3 3 3 3 3 3 3 3 16 16 16 16
9 15 15 5 9 9 9 9 9 9 9 9 9 9 1 1 13 15 1 15 15 2 3 3 3 13 11 3 3 3 3 5 5 5 5 1 2 5 5 5 5 5 5 5 5 5 7 16 16 9 10 10 10 9 9 9 5 5 5 5 5 16 16 16 16 16 14 14 14 14 14 14 14 14 14 14 14 14 14 13
16 10 10 10 10 10 5 13 13 13 13 13 14 14 1 14 14 11 14 14 14 11 3 13 15 11 14 4 12 12 12 2 2 12 3 2 2 2 3 3 3 2 2 2 8 8 8 16 16 4 4 4 4 4 4 4 8 8 8 8 8 10 10 10 10 10 7 7 7 7 7 7 7 7 16 7 16 16 16 16
11 11 11 11 11 11 6 6 6 9 9 9 9 9 1 9 12 12 2 12 12 10 10 3 3 12 12 14 14 14 14 15 15 15 15 15 15 15 6 6 6 15 8 8 8 8 15 15 16 6 6 6 10 7 7 6 6 6 6 6 6 6 6 6 6 6 6 6 6 6 6 6 6 6 6 6 6 6 6 6
7 7 7 7 7 7 7 7 7 7 7 7 7 1 1 1 1 1 1 10 10 1 1 1 1 1 1 1 1 1 1 5 5 5 1 13 16 6 6 1 6 15 8 8 8 15 15 9 9 9 9 0 0 0 0 0 0 0 0 0 1 1 1 16 16 16 16 1 16 16 16 1 16 1 1 1 10 10 10 10
3 12 12 12 5 15 8 15 15 15 8 8 8 0 1 0 0 0 2 9 11 12 12 3 3 3 11 4 4 11 11 13 13 13 13 13 13 13 13 7 7 1 1 1 1 1 5 5 5 5 5 5 5 5 5 5 5 5 5 5 5 10 10 10 10 10 10 10 10 10 10 10 10 10 10 10 10 10 16 10
16 13 13 4 4 13 6 6 11 6 14 14 14 1 1 11 8 8 2 11 11 15 3 3 3 3 3 11 15 11 11 3 3 3 3 0 4 4 7 15 7 15 15 15 15 15 15 7 7 10 10 8 8 8 8 8 8 8 8 8 8 8 8 7 7 7 7 7 7 7 7 16 7 7 7 16 16 16 6 16
6 6 6 6 6 6 6 6 10 6 7 10 10 10 1 1 8 1 2 1 10 2 3 3 3 3 2 4 4 4 4 3 3 14 14 14 14 14 14 6 14 3 16 16 16 3 0 0 0 0 10 1 1 1 1 1 3 3 3 3 3 3 3 3 3 3 1 1 1 1 1 5 5 5 5 5 5 5 5 5
0 10 10 10 10 10 0 0 0 0 0 14 14 10 1 14 14 14 14 10 10 10 10 10 10 2 4 4 4 4 13 13 13 13 13 13 6 4 6 6 2 16 16 16 16 16 16 16 8 8 8 8 8 8 8 8 8 8 8 8 8 8 8 8 8 8 8 8 8 8 8 8 8 8 8 8 4 4 4 4
7 7 7 7 7 7 16 16 16 14 7 7 10 10 1 10 10 12 2 12 12 10 3 3 3 3 1 1 12 12 12 14 5 5 5 5 4 4 6 6 2 15 15 15 15 15 1 1 1 1 1 1 1 1 1 1 1 1 1 1 1 1 1 1 1 1 1 1 1 16 16 16 16 11 11 16 15 15 15 15
16 8 8 8 8 10 12 12 12 12 7 12 12 12 1 12 10 10 2 0 10 9 9 3 3 10 2 4 4 15 15 1 15 15 15 15 15 15 15 15 15 15 15 15 15 15 4 4 8 8 8 8 8 8 8 8 8 8 8 8 5 0 0 0 0 0 0 5 5 5 5 16 16 16 16 16 0 0 0 0
16 16 16 16 16 16 7 7 16 16 7 7 16 1 1 1 12 11 11 2 11 11 1 10 2 3 3 3 3 14 14 14 5 5 15 5 13 1 1 1 2 15 15 15 2 2 2 2 9 2 9 9 9 9 9 9 9 9 9 9 10 10 10 16 16 16 16 16 16 16 16 16 16 16 16 16 16 16 16 16
9 9 9 9 9 14 14 14 14 14 14 14 14 1 14 14 14 2 2 9 14 14 3 16 16 16 3 1 1 16 16 13 13 13 13 13 6 6 6 7 7 7 7 7 15 4 7 7 8 8 8 8 8 8 8 8 8 8 8 8 8 8 8 8 8 8 8 8 8 8 8 8 8 8 8 8 8 8 8 8
3 11 11 11 11 11 11 11 11 7 7 13 13 1 13 13 13 13 2 11 11 13 3 3 3 3 1 1 1 1 1 13 13 13 13 13 6 6 1 5 5 7 7 7 16 16 9 9 9 9 9 9 9 9 9 9 9 9 9 9 9 16 16 16 16 16 9 9 9 9 9 9 9 9 9 9 9 9 9 9
16 16 16 16 0 0 0 0 0 0 0 0 0 1 0 0 9 9 1 9 16 2 2 2 2 2 2 2 2 2 5 5 0 5 5 5 5 0 0 0 0 0 0 0 0 0 1 1 1 1 1 1 1 1 1 1 1 1 1 1 1 1 14 14 14 14 12 15 14 1 1 1 15 15 15 1 13 13 13 13
4 4 8 4 4 15 8 8 13 7 7 13 13 1 13 13 8 2 2 2 2 16 10 10 2 16 16 16 16 2 15 12 15 15 15 15 15 15 7 7 7 7 7 7 7 15 7 7 7 7 7 7 7 7 7 11 11 11 11 11 11 7 7 7 7 7 7 7 7 7 7 7 7 7 7 7 7 7 7 10
6 6 6 6 6 6 15 15 15 15 10 7 15 1 1 1 15 2 2 2 15 1 3 3 3 1 11 11 11 11 12 16 16 16 16 16 16 16 16 16 14 16 7 7 7 1 1 8 8 8 8 8 7 7 7 7 7 1 1 7 7 8 10 10 10 10 10 10 10 10 10 10 10 10 10 10 8 8 8 8
0 4 4 0 0 0 0 0 0 0 0 7 10 10 13 13 13 2 2 2 2 2 3 3 3 3 3 3 3 3 3 13 13 13 13 13 3 15 15 15 15 14 1 1 6 6 9 8 8 8 8 8 9 6 2 6 9 9 9 8 8 8 8 8 8 8 8 8 8 8 8 8 8 8 8 8 8 8 8 8
8 8 8 7 7 7 5 5 12 7 7 7 9 1 1 1 15 9 9 1 9 9 9 3 3 3 1 15 14 14 1 5 0 0 0 0 1 14 14 14 14 6 6 1 1 1 9 9 8 8 7 7 2 2 2 2 2 7 7 8 8 8 8 8 8 8 8 8 8 8 8 8 8 8 8 8 8 8 8 8
9 9 9 9 9 9 7 7 7 12 12 12 12 12 1 12 12 2 2 2 2 2 14 14 14 11 2 11 1 2 2 14 14 14 13 13 13 13 13 14 7 14 4 4 4 4 4 5 5 5 5 5 5 5 5 5 5 5 5 5 5 8 8 8 8 8 5 5 5 5 5 5 5 5 5 5 5 5 5 5
4 4 4 4 4 5 5 15 15 15 15 9 16 1 1 16 16 16 2 2 14 14 14 3 14 14 14 14 14 14 14 14 14 14 14 6 13 13 13 13 13 5 5 5 5 5 9 9 9 9 9 9 9 9 9 9 9 9 9 9 9 9 9 9 9 9 9 9 9 9 9 9 9 9 9 9 9 9 9 9
10 5 5 5 5 9 16 16 16 16 9 9 9 14 1 9 8 8 2 2 14 2 3 14 14 4 4 4 4 4 12 12 12 12 1 6 6 6 6 15 15 15 15 15 15 15 6 6 6 8 8 8 6 6 6 6 8 8 8 8 8 8 8 8 8 8 8 8 6 6 6 6 6 6 6 6 6 6 6 6
14 7 7 7 7 7 7 7 7 7 7 13 13 1 13 13 9 1 2 1 1 1 14 3 3 14 3 14 3 3 3 13 15 15 14 14 15 15 15 15 15 15 15 15 15 8 8 9 9 9 9 9 9 9 9 9 9 9 9 9 9 9 9 9 9 9 9 9 9 8 8 8 8 8 8 8 8 8 8 8
8 8 8 16 16 16 16 16 16 16 16 16 16 1 16 11 12 12 12 2 12 14 14 10 10 10 12 11 11 3 12 5 5 5 4 4 13 6 6 6 7 7 7 5 5 5 0 0 0 1 1 1 2 2 2 2 2 2 8 8 8 8 8 8 8 7 7 7 7 7 7 4 4 4 4 4 4 4 4 3
12 7 16 16 16 16 16 16 16 16 16 16 16 1 1 13 13 13 13 2 13 13 13 13 13 13 12 11 11 11 12 5 5 5 13 13 6 6 6 6 0 0 0 0 0 16 16 16 7 7 7 7 7 7 7 7 7 7 7 7 7 6 7 7 7 7 11 11 11 11 11 11 11 11 11 11 11 11 11 11
0 0 0 0 0 0 9 9 9 13 13 13 13 1 1 8 13 13 2 2 2 2 2 2 10 10 10 2 11 11 2 4 13 13 13 13 13 13 1 1 15 15 15 15 15 6 6 6 6 6 6 6 6 6 6 6 6 6 6 6 6 6 6 6 6 6 6 6 6 6 6 4 6 6 6 6 6 6 6 6
7 7 7 7 7 7 14 14 14 14 14 9 9 9 1 9 9 9 9 9 9 10 1 1 10 13 4 4 4 4 0 0 5 5 5 5 16 16 16 16 16 16 16 16 16 15 6 6 6 6 6 6 6 6 6 6 6 6 6 6 6 6 6 6 6 6 6 6 6 6 6 6 6 6 6 6 6 6 6 6
