30
16
6
19
27
18
9
9
8
8
21
1
1
1
1
2
11
2
2
3
2
3
3
4
4
14
32
5
14
5
15
6
6
15
7
16
7
25
8
8
8
9
18
19
9
10
19
11
20
11
11
12
21
12
22
13
22
23
14
23
24
15
24
25
16
25
16
26
26
17
16
18
19
27
18
28
32
32
32
13
19
20
32
21
21
11
32
18
14
23
24
3
18
31
32
32
32
20
5
25
6
31
22
28
16
29
32
32
32
32
32
32
32
32
32
32
32
32
31
32
31
32
31
32
31
32
31
31
32
31
31
31
31
32
31
31
32
31
