2 2 8 2 2 2 2 4 5 2 10 2 4 11 11 11 11 11 11 11 11 11 11 11 11 11 11 11 11 11 11 16 16 16 16 16 16 16 16 16 16 16 16 16 16 16 14 14 14 14 14 16 16 16 16 16 16 16 16 16 16 8 8 8 8 8 8 8 8 8 8 8 8 8 8 8 8 8 8 8
2 2 2 2 2 13 2 2 2 2 7 7 7 16 16 16 16 16 16 16 16 16 16 16 16 16 16 16 16 16 16 16 16 16 16 16 16 16 16 16 16 16 16 16 16 16 16 16 16 16 16 7 7 7 7 7 7 7 7 7 7 7 7 7 7 7 16 16 16 16 16 7 7 7 7 7 7 7 7 7
2 2 2 2 2 2 2 2 4 2 2 2 2 10 10 2 2 4 14 14 14 14 14 14 14 14 14 14 14 14 14 14 14 14 14 14 14 14 14 14 14 14 14 14 14 14 2 2 2 2 2 2 2 2 2 2 2 2 2 2 2 2 2 2 2 2 16 16 16 16 16 2 2 2 2 2 2 2 2 2
2 2 2 2 2 2 2 2 9 2 2 9 2 12 2 4 1 9 11 11 11 11 11 14 14 14 15 15 15 15 15 15 15 15 15 15 14 15 15 15 15 15 15 15 15 15 15 15 15 15 15 15 15 15 14 15 15 15 15 15 15 15 0 0 0 0 0 0 0 0 0 0 0 0 0 0 0 0 0 0
1 1 10 10 10 10 11 11 11 10 10 10 10 10 10 10 11 11 11 11 11 2 11 11 11 11 2 2 2 2 2 2 2 2 2 2 2 2 2 2 2 2 2 2 2 2 2 2 2 2 2 2 2 2 2 2 2 2 2 2 2 2 2 2 2 2 2 2 2 2 2 2 2 13 2 2 2 2 2 2
2 2 2 2 1 1 12 12 12 12 12 12 12 12 12 12 12 12 12 12 12 12 12 12 12 12 12 12 12 12 12 12 1 1 1 1 12 12 12 12 12 6 6 6 6 3 15 15 5 5 4 4 4 4 4 4 4 4 4 4 4 4 4 4 4 4 4 4 4 4 4 4 2 4 4 4 2 2 2 2
2 2 2 4 2 2 2 2 9 15 4 2 7 2 4 2 2 12 12 12 12 12 12 12 12 12 12 12 12 12 12 12 12 12 12 12 2 2 2 2 11 12 12 12 12 12 2 2 2 2 2 6 6 6 6 6 6 6 6 6 6 15 15 15 15 15 6 6 6 6 6 2 2 2 2 2 2 2 2 2
14 2 2 2 2 14 4 2 2 2 2 6 4 2 2 2 5 15 15 15 15 15 15 15 15 15 15 15 15 15 15 15 15 15 15 15 15 15 15 15 15 15 15 15 15 15 15 15 15 15 15 6 6 6 6 6 15 15 15 15 15 6 6 6 6 6 6 6 6 6 6 6 6 6 6 6 6 6 6 6
6 2 2 3 2 8 2 8 4 4 2 8 2 4 8 14 14 14 14 14 14 14 14 14 14 14 14 14 14 14 14 14 14 14 14 14 14 14 14 14 14 14 14 14 14 14 14 14 14 14 14 14 14 14 14 14 0 8 8 8 8 8 8 8 8 8 8 8 8 8 8 8 8 8 8 8 8 8 8 8
2 2 2 10 2 2 2 2 10 4 2 2 2 2 7 4 2 2 10 0 0 0 0 0 0 0 0 0 0 0 0 0 0 0 0 0 0 0 0 0 0 0 0 0 0 0 0 0 0 0 0 0 0 0 0 0 0 0 0 0 0 0 0 0 0 0 16 16 16 16 16 0 0 0 0 0 0 0 0 0
