2 9 9 9 9 9 1 1 1 1 1 8 8 8 8 8 9 9 9 9 9 13 13 13 13 13 5 5 5 5 5 3 3 3 3 3 4 4 4 4 4 4 4 4 4 4 5 5 5 5 5 2 2 2 2 2 11 11 11 11 11 0 0 0 0 0 2 2 7 2 2 15 15 15 15 2 8 1 8 8
6 14 14 14 14 14 1 1 1 1 1 15 15 15 15 15 12 12 12 12 12 12 12 12 12 12 1 1 1 1 1 2 2 2 2 2 3 3 3 3 3 0 0 0 0 0 3 3 3 3 3 4 4 4 4 4 11 11 11 11 11 6 6 6 6 6 5 5 5 5 5 3 3 3 3 3 15 15 15 15
5 8 8 8 8 8 10 10 10 10 10 2 2 2 2 2 1 1 1 1 1 12 9 12 12 12 11 11 11 11 11 5 5 5 5 5 4 4 4 4 4 15 15 15 15 15 7 7 7 7 7 3 3 3 3 3 6 6 6 6 6 11 11 11 11 11 6 6 6 6 6 13 13 13 13 13 13 13 13 13
12 11 11 11 11 11 13 13 13 13 13 8 8 8 8 8 3 3 3 3 3 15 15 15 15 15 9 9 9 9 9 12 12 12 12 12 9 9 9 9 9 0 0 0 0 0 7 7 7 7 7 2 2 2 2 2 7 7 7 7 7 3 3 3 12 3 6 6 6 6 12 10 10 10 10 10 6 6 6 6
6 0 0 0 0 0 6 6 6 6 6 15 15 15 15 15 15 15 15 15 15 13 13 13 13 13 11 11 11 11 11 3 3 3 3 3 14 14 14 14 14 9 9 9 9 9 11 11 11 11 11 5 5 5 5 5 1 1 1 1 1 5 5 5 5 5 10 10 10 10 10 6 6 6 6 6 7 7 7 7
13 4 4 4 4 4 1 1 1 1 1 8 8 8 8 8 1 1 1 1 1 9 9 9 9 9 12 12 12 12 12 9 9 9 9 9 14 14 14 14 14 9 9 9 9 9 1 1 1 1 1 1 1 1 1 1 3 3 3 3 3 6 6 6 6 6 2 2 2 8 10 6 6 6 6 6 10 2 2 4
15 13 13 13 13 13 12 12 12 12 12 1 1 1 1 1 0 0 0 0 0 4 4 4 4 4 13 13 13 13 13 0 0 0 0 0 6 6 6 14 6 3 3 3 3 3 0 0 0 0 0 7 7 7 7 7 3 3 3 3 3 7 7 7 7 7 14 14 14 8 14 14 14 14 14 14 14 14 14 14
15 13 13 13 13 13 15 15 15 15 15 1 1 1 1 1 14 14 14 14 14 5 5 5 5 5 2 2 2 2 2 13 13 13 13 13 10 5 10 10 10 13 13 13 13 13 3 3 3 3 3 7 7 7 7 7 3 3 3 3 3 0 0 0 12 12 3 3 3 3 3 8 8 8 8 8 13 13 13 13
14 1 1 1 1 1 1 1 0 1 1 3 3 3 3 3 6 6 6 6 6 11 11 11 11 11 11 11 11 11 11 2 2 2 2 2 6 6 6 6 6 9 9 9 9 9 4 4 4 4 4 12 12 12 12 12 4 4 4 4 4 11 11 11 11 11 6 6 6 6 6 6 6 6 6 6 5 5 5 5
14 12 12 12 12 12 12 12 12 12 12 1 1 1 1 1 1 1 1 1 1 4 4 4 4 4 0 0 0 0 0 5 5 5 5 5 8 8 8 8 8 9 9 9 9 9 11 11 11 11 11 6 6 6 6 6 5 5 5 5 5 3 3 3 9 9 4 4 13 13 13 4 4 4 4 4 3 3 3 3
