3 3 3 3 9 9 5 5 5 11 5 5 11 11 11 11 11 11 11 11 11 11 11 11 11 11 5 15 15 7 2 2 4 4 4 4 4 4 4 4 4 2 2 2 2 2 11 2 2 2 2 2 5 5 5 5 5 5 5 4 0 0 0 0 0 0 0 0 5 5 5 5 5 5 5 3 4 5 5 5
3 10 10 9 9 9 9 8 8 8 8 8 8 8 8 8 8 8 8 8 11 11 11 11 0 0 3 0 0 3 0 0 0 0 0 0 0 0 0 0 0 0 0 0 3 0 2 3 3 3 3 3 3 3 3 3 6 6 6 6 6 6 9 9 9 13 9 9 7 6 6 14 6 6 6 6 6 6 6 6
3 8 9 9 9 9 5 5 5 5 5 11 11 11 8 8 11 11 11 11 11 11 11 11 11 11 3 1 1 1 14 14 14 14 14 14 0 0 0 14 14 4 14 1 14 1 1 9 9 3 9 3 3 3 9 9 3 3 3 3 3 12 12 12 12 12 12 12 12 12 12 6 6 12 12 12 12 12 12 12
3 3 3 3 9 9 5 5 5 11 5 5 11 11 11 11 11 11 11 11 11 3 11 11 11 11 11 11 3 5 2 2 2 2 2 2 2 2 2 2 2 2 2 2 2 2 2 2 2 2 2 2 2 2 2 2 2 2 2 2 2 2 2 2 2 2 2 2 2 2 2 2 5 5 11 11 11 11 11 11
3 9 9 9 9 9 8 8 8 8 8 11 11 11 11 11 14 11 11 11 11 11 11 11 11 11 5 15 15 15 15 15 15 15 15 15 2 2 2 2 1 1 1 1 1 1 1 3 3 3 3 3 3 3 3 3 3 3 3 3 3 3 3 3 8 8 8 8 0 0 15 15 15 15 15 15 15 3 8 8
3 3 5 5 5 5 5 5 0 0 0 0 0 0 0 0 0 0 0 0 0 0 0 11 11 11 0 0 4 0 4 4 4 4 4 4 4 4 4 4 4 4 4 4 4 4 4 4 4 4 4 4 4 4 4 4 6 6 6 6 6 6 6 13 6 1 13 1 1 13 13 5 5 5 13 5 15 15 15 13
10 10 10 10 10 10 10 10 10 11 11 11 11 8 8 8 0 0 0 0 0 11 11 11 11 0 0 0 0 0 0 0 0 0 0 0 1 1 1 1 1 1 1 1 1 1 6 6 6 6 6 6 6 6 6 6 6 6 6 6 6 6 6 6 6 6 6 6 6 6 6 6 6 6 6 12 12 10 10 10
9 9 9 9 9 5 8 8 8 8 0 0 0 0 0 0 0 0 0 0 0 0 0 0 0 0 0 0 0 0 0 15 4 4 4 4 4 4 4 4 1 1 1 1 1 1 4 4 4 4 4 4 4 4 11 11 2 2 2 2 2 5 13 5 5 5 13 5 15 13 13 13 13 13 13 13 15 15 15 15
3 3 9 9 5 5 7 7 7 7 7 7 7 7 7 7 7 7 7 7 7 0 0 0 0 0 0 0 0 0 0 1 1 1 1 1 1 1 1 1 1 1 1 1 1 1 1 6 6 6 6 6 6 6 6 6 6 6 6 12 6 6 6 6 6 6 13 6 6 1 1 1 6 13 6 6 6 6 6 6
10 3 3 3 8 8 8 8 8 8 8 8 8 8 8 8 8 1 8 1 0 0 0 0 0 0 0 0 0 0 0 12 0 0 4 13 13 4 15 15 13 13 13 6 6 6 6 6 6 6 4 6 6 6 6 6 6 6 6 6 6 6 6 6 6 6 6 6 6 6 6 6 6 6 6 6 6 6 6 6
