# Results obtained using DQN. CPU time: 124.44366717338562
0.00483213  78.00000000  0.00483213  80.00000000  2493.26388781  0.00000000
0.00008265  78.00000000  0.00008265  80.00000000  1986.43773369  0.00000000
0.00206957  78.00000000  0.00206957  80.00000000  1609.86401913  0.00000000
0.00024285  78.00000000  0.00024285  80.00000000  2674.81150091  0.00000000
0.00082092  70.00000000  0.00016563  80.00000000  1818.20852872  0.00000000
0.00116443  78.00000000  0.00116443  80.00000000  1819.22758170  0.00000000
0.00463243  78.00000000  0.00463243  80.00000000  1880.12323105  0.10530598
0.00303953  74.00000000  0.00064781  80.00000000  1597.73828714  0.25847830
0.02475518  65.00000000  0.02250969  80.00000000  3960.71314442  0.41165063
0.00183466  77.00000000  0.00157389  80.00000000  2216.78737810  0.56482296
0.00707934  78.00000000  0.00707934  80.00000000  2189.10359241  0.71799529
0.01148990  65.00000000  0.00105652  80.00000000  2365.06249051  0.87116762
0.00601924  65.00000000  0.00083827  80.00000000  1292.61061493  0.99000000
0.17786469  78.00000000  0.17786469  80.00000000  3548.27071998  0.99000000
0.17784917  78.00000000  0.17784917  80.00000000  3548.26954574  0.99000000
0.17784917  78.00000000  0.17784917  80.00000000  3548.26954574  0.99000000
0.04928766  78.00000000  0.04928766  80.00000000  2561.92793664  0.99000000
0.17784917  78.00000000  0.17784917  80.00000000  3548.26954574  0.99000000
0.17784917  78.00000000  0.17784917  80.00000000  3548.26954574  0.99000000
0.17784917  78.00000000  0.17784917  80.00000000  3548.26954574  0.99000000
0.07602315  77.00000000  0.07521190  80.00000000  3038.05083646  0.99000000
0.17784917  78.00000000  0.17784917  80.00000000  3548.26954574  0.99000000
0.32831932  78.00000000  0.32831932  80.00000000  3560.43018123  0.99000000
0.17770462  58.00000000  0.17729386  80.00000000  3548.28825376  0.99000000
0.17784917  78.00000000  0.17784917  80.00000000  3548.26954574  0.99000000
0.17784971  78.00000000  0.17784971  80.00000000  3548.26906591  0.99000000
0.32873584  76.00000000  0.29667279  80.00000000  3552.13197904  0.99000000
0.14183591  56.00000000  0.03393309  80.00000000  3544.45000797  0.99000000
0.17784917  78.00000000  0.17784917  80.00000000  3548.26954574  0.99000000
0.17770462  58.00000000  0.17566610  80.00000000  3548.33139034  0.99000000
0.17784917  78.00000000  0.17784917  80.00000000  3548.26954574  0.99000000
0.07984495  69.00000000  0.02783183  80.00000000  2282.10227077  0.99000000
0.33329076  78.00000000  0.33329076  80.00000000  3545.23902095  0.99000000
0.17784917  78.00000000  0.17784917  80.00000000  3548.26954574  0.99000000
0.17903989  78.00000000  0.17903989  80.00000000  3548.27333775  0.99000000
0.17772518  58.00000000  0.17770765  80.00000000  3548.30518833  0.99000000
0.17834581  58.00000000  0.02234699  80.00000000  3547.72717754  0.99000000
0.17770462  58.00000000  0.09410264  80.00000000  3547.96573193  0.99000000
0.06980475  61.00000000  0.04420189  80.00000000  3523.78354182  0.99000000
0.17784914  78.00000000  0.17784914  80.00000000  3548.26953044  0.99000000
0.17921996  58.00000000  0.17894716  80.00000000  3548.39093895  0.99000000
0.46094892  78.00000000  0.46094892  80.00000000  3560.87782180  0.99000000
0.17784917  78.00000000  0.17784917  80.00000000  3548.26954574  0.99000000
0.17784917  78.00000000  0.17784917  80.00000000  3548.26954574  0.99000000
0.05439298  59.00000000  0.03514264  80.00000000  3387.49448134  0.99000000
0.17787230  78.00000000  0.17787230  80.00000000  3548.26719664  0.99000000
0.17784917  78.00000000  0.17784917  80.00000000  3548.26954574  0.99000000
0.17784917  78.00000000  0.17784917  80.00000000  3548.26954574  0.99000000
0.17770462  58.00000000  0.17680644  80.00000000  3548.28348019  0.99000000
0.17784917  78.00000000  0.17784917  80.00000000  3548.26954574  0.99000000
0.01348427  61.00000000  0.00019461  80.00000000  1316.88560073  0.99000000
0.17784917  78.00000000  0.17784917  80.00000000  3548.26954574  0.99000000
0.33938406  78.00000000  0.33938406  80.00000000  3464.87845901  0.99000000
0.17784917  78.00000000  0.17784917  80.00000000  3548.26954574  0.99000000
0.24878795  78.00000000  0.24878795  80.00000000  3520.14060358  0.99000000
0.17784917  78.00000000  0.17784917  80.00000000  3548.26954574  0.99000000
0.42623998  77.00000000  0.41288727  80.00000000  3558.93127109  0.99000000
0.17786730  78.00000000  0.17786730  80.00000000  3548.26267758  0.99000000
0.17784917  78.00000000  0.17784917  80.00000000  3548.26954574  0.99000000
0.33561673  61.00000000  0.27846632  80.00000000  3566.43615768  0.99000000
0.17784917  78.00000000  0.17784917  80.00000000  3548.26954574  0.99000000
0.17784917  78.00000000  0.17784917  80.00000000  3548.26954574  0.99000000
0.17784917  78.00000000  0.17784917  80.00000000  3548.26954574  0.99000000
0.38566203  77.00000000  0.38185716  80.00000000  3552.94393526  0.99000000
0.17770376  58.00000000  0.09483338  80.00000000  3547.97558843  0.99000000
0.17784917  78.00000000  0.17784917  80.00000000  3548.26954574  0.99000000
0.37842053  77.00000000  0.36484314  80.00000000  3436.84198004  0.99000000
0.17784917  78.00000000  0.17784917  80.00000000  3548.26954574  0.99000000
0.33128074  76.00000000  0.30216312  80.00000000  3582.80197324  0.99000000
0.17784917  78.00000000  0.17784917  80.00000000  3548.26954574  0.99000000
0.17784917  78.00000000  0.17784917  80.00000000  3548.26954574  0.99000000
0.44773560  76.00000000  0.40062164  80.00000000  3556.06740130  0.99000000
0.17854663  78.00000000  0.17854663  80.00000000  3548.25873497  0.99000000
0.17784917  78.00000000  0.17784917  80.00000000  3548.26954574  0.99000000
0.17784917  78.00000000  0.17784917  80.00000000  3548.26954574  0.99000000
0.07955554  53.00000000  0.07199640  80.00000000  3542.85089981  0.99000000
0.19090693  78.00000000  0.19090693  80.00000000  3548.21939275  0.99000000
0.17825460  59.00000000  0.11617491  80.00000000  3547.93074447  0.99000000
0.17784917  78.00000000  0.17784917  80.00000000  3548.26954574  0.99000000
0.39604693  76.00000000  0.36911947  80.00000000  3556.90108261  0.99000000
0.17784917  78.00000000  0.17784917  80.00000000  3548.26954574  0.99000000
0.23252416  78.00000000  0.23252416  80.00000000  3515.82341258  0.99000000
0.17784917  78.00000000  0.17784917  80.00000000  3548.26954574  0.99000000
0.17779841  78.00000000  0.17779841  80.00000000  3548.26908038  0.99000000
0.17784917  78.00000000  0.17784917  80.00000000  3548.26954574  0.99000000
0.17784917  78.00000000  0.17784917  80.00000000  3548.26954574  0.99000000
0.17784917  78.00000000  0.17784917  80.00000000  3548.26954574  0.99000000
0.17784917  78.00000000  0.17784917  80.00000000  3548.26954574  0.99000000
0.33334512  78.00000000  0.33334512  80.00000000  3491.74054779  0.99000000
0.17779806  78.00000000  0.17779806  80.00000000  3548.25855071  0.99000000
0.17784917  78.00000000  0.17784917  80.00000000  3548.26954574  0.99000000
0.17770462  58.00000000  0.12291215  80.00000000  3547.75575272  0.99000000
0.34748152  78.00000000  0.34748152  80.00000000  3479.01215369  0.99000000
0.17784917  78.00000000  0.17784917  80.00000000  3548.26954574  0.99000000
0.25644629  72.00000000  0.02451800  80.00000000  3535.69943957  0.99000000
0.17784917  78.00000000  0.17784917  80.00000000  3548.26954574  0.99000000
0.23287806  78.00000000  0.23287806  80.00000000  3548.93460606  0.99000000
0.17898677  78.00000000  0.17898677  80.00000000  3548.27675073  0.99000000
0.17895911  78.00000000  0.17895911  80.00000000  3548.31774980  0.99000000
0.17784917  78.00000000  0.17784917  80.00000000  3548.26954574  0.99000000
0.22191734  78.00000000  0.22191734  80.00000000  1999.58182670  0.99000000
0.17784917  78.00000000  0.17784917  80.00000000  3548.26954574  0.99000000
0.07619261  61.00000000  0.04632264  80.00000000  3180.50145956  0.99000000
0.17784917  78.00000000  0.17784917  80.00000000  3548.26954574  0.99000000
0.17784917  78.00000000  0.17784917  80.00000000  3548.26954574  0.99000000
0.17784917  78.00000000  0.17784917  80.00000000  3548.26954574  0.99000000
0.03511870  78.00000000  0.03511870  80.00000000  1683.68371702  0.99000000
0.17770462  58.00000000  0.14182855  80.00000000  3548.16989732  0.99000000
0.17904674  78.00000000  0.17904674  80.00000000  3548.29202064  0.99000000
0.17784917  78.00000000  0.17784917  80.00000000  3548.26954574  0.99000000
0.17784917  78.00000000  0.17784917  80.00000000  3548.26954574  0.99000000
0.17784917  78.00000000  0.17784917  80.00000000  3548.26954574  0.99000000
0.19739061  65.00000000  0.02990258  80.00000000  3194.99172181  0.99000000
0.17784917  78.00000000  0.17784917  80.00000000  3548.26954574  0.99000000
0.17784917  78.00000000  0.17784917  80.00000000  3548.26954574  0.99000000
0.17784917  78.00000000  0.17784917  80.00000000  3548.26954574  0.99000000
0.17784917  78.00000000  0.17784917  80.00000000  3548.26954574  0.99000000
0.17770462  58.00000000  0.01763465  80.00000000  3547.46388033  0.99000000
0.17784917  78.00000000  0.17784917  80.00000000  3548.26954574  0.99000000
0.17784917  78.00000000  0.17784917  80.00000000  3548.26954574  0.99000000
0.06980475  61.00000000  0.04420189  80.00000000  3523.78354182  0.99000000
0.17784917  78.00000000  0.17784917  80.00000000  3548.26954574  0.99000000
0.07800968  62.00000000  0.01820660  80.00000000  3487.51716551  0.99000000
0.06797693  78.00000000  0.06797693  80.00000000  3275.40100746  0.99000000
0.18602957  78.00000000  0.18602957  80.00000000  3548.32550984  0.99000000
0.65181925  63.00000000  0.01660723  80.00000000  3683.31619467  0.99000000
0.21591654  59.00000000  0.15290305  80.00000000  3549.44007782  0.99000000
0.17784917  78.00000000  0.17784917  80.00000000  3548.26954574  0.99000000
0.18222964  78.00000000  0.18222964  80.00000000  3548.31759754  0.99000000
0.17784917  78.00000000  0.17784917  80.00000000  3548.26954574  0.99000000
0.34302049  77.00000000  0.33838864  80.00000000  3548.78624077  0.99000000
0.35637457  78.00000000  0.35637457  80.00000000  3565.31414349  0.99000000
0.50011053  64.00000000  0.00822056  80.00000000  3777.40364907  0.99000000
0.17784917  78.00000000  0.17784917  80.00000000  3548.26954574  0.99000000
0.17784917  78.00000000  0.17784917  80.00000000  3548.26954574  0.99000000
0.17784917  78.00000000  0.17784917  80.00000000  3548.26954574  0.99000000
0.17793387  78.00000000  0.17793387  80.00000000  3548.26172948  0.99000000
0.43958050  77.00000000  0.41961134  80.00000000  3559.95240941  0.99000000
0.22009435  78.00000000  0.22009435  80.00000000  3543.44651793  0.99000000
0.17784917  78.00000000  0.17784917  80.00000000  3548.26954574  0.99000000
0.29818039  62.00000000  0.22005662  80.00000000  3209.59242746  0.99000000
0.17770576  58.00000000  0.12122220  80.00000000  3547.63214599  0.99000000
0.27611699  77.00000000  0.26310952  80.00000000  3375.61059271  0.99000000
0.17784917  78.00000000  0.17784917  80.00000000  3548.26954574  0.99000000
0.17784917  78.00000000  0.17784917  80.00000000  3548.26954574  0.99000000
0.17784917  78.00000000  0.17784917  80.00000000  3548.26954574  0.99000000
0.44790470  63.00000000  0.00781625  80.00000000  3770.20435607  0.99000000
0.17750590  58.00000000  0.01763103  80.00000000  3547.43725994  0.99000000
0.17784917  78.00000000  0.17784917  80.00000000  3548.26954574  0.99000000
0.33334512  78.00000000  0.33334512  80.00000000  3491.74054775  0.99000000
0.17784917  78.00000000  0.17784917  80.00000000  3548.26954574  0.99000000
0.17784917  78.00000000  0.17784917  80.00000000  3548.26954574  0.99000000
0.37276373  78.00000000  0.37276373  80.00000000  3559.31227841  0.99000000
0.17784917  78.00000000  0.17784917  80.00000000  3548.26954574  0.99000000
0.17784917  78.00000000  0.17784917  80.00000000  3548.26954574  0.99000000
0.17784917  78.00000000  0.17784917  80.00000000  3548.26954574  0.99000000
0.36829312  78.00000000  0.36829312  80.00000000  3551.46861074  0.99000000
0.17784917  78.00000000  0.17784917  80.00000000  3548.26954574  0.99000000
0.33758242  78.00000000  0.33758242  80.00000000  3478.50368290  0.99000000
0.17784917  78.00000000  0.17784917  80.00000000  3548.26954574  0.99000000
0.17847041  78.00000000  0.17847041  80.00000000  3524.57131197  0.99000000
0.43732053  66.00000000  0.07791763  80.00000000  3567.40154457  0.99000000
0.40565442  76.00000000  0.37973377  80.00000000  3558.17740464  0.99000000
0.17784917  78.00000000  0.17784917  80.00000000  3548.26954574  0.99000000
0.17786715  78.00000000  0.17786715  80.00000000  3548.27560013  0.99000000
0.25423574  60.00000000  0.06910536  80.00000000  3551.51330925  0.99000000
0.17784917  78.00000000  0.17784917  80.00000000  3548.26954574  0.99000000
0.18800035  61.00000000  0.09440520  80.00000000  3548.26692907  0.99000000
0.17784917  78.00000000  0.17784917  80.00000000  3548.26954574  0.99000000
0.17778387  58.00000000  0.08216060  80.00000000  3547.71812442  0.99000000
0.37913458  76.00000000  0.36282725  80.00000000  3554.00550143  0.99000000
0.17793682  78.00000000  0.17793682  80.00000000  3548.26771033  0.99000000
0.32218473  62.00000000  0.12735114  80.00000000  3569.15870548  0.99000000
0.17776412  58.00000000  0.17776189  80.00000000  3548.30250284  0.99000000
0.17784917  78.00000000  0.17784917  80.00000000  3548.26954574  0.99000000
0.17784917  78.00000000  0.17784917  80.00000000  3548.26954574  0.99000000
0.17784917  78.00000000  0.17784917  80.00000000  3548.26954574  0.99000000
0.10632292  75.00000000  0.09753422  80.00000000  3476.98984693  0.99000000
0.47496115  71.00000000  0.12950618  80.00000000  3149.17060788  0.99000000
0.17784920  78.00000000  0.17784920  80.00000000  3548.26959454  0.99000000
0.17856383  78.00000000  0.17856383  80.00000000  3548.29115315  0.99000000
0.17784917  78.00000000  0.17784917  80.00000000  3548.26954574  0.99000000
0.17784917  78.00000000  0.17784917  80.00000000  3548.26954574  0.99000000
0.17784917  78.00000000  0.17784917  80.00000000  3548.26954574  0.99000000
0.29538721  65.00000000  0.15554812  80.00000000  3569.03942881  0.99000000
0.17784917  78.00000000  0.17784917  80.00000000  3548.26954574  0.99000000
0.17784917  78.00000000  0.17784917  80.00000000  3548.26954574  0.99000000
0.17770462  58.00000000  0.17210271  80.00000000  3548.22814344  0.99000000
0.39436436  76.00000000  0.36315049  80.00000000  3557.14034442  0.99000000
0.17784917  78.00000000  0.17784917  80.00000000  3548.26954574  0.99000000
0.38914418  78.00000000  0.38914418  80.00000000  3566.43891104  0.99000000
0.17784917  78.00000000  0.17784917  80.00000000  3548.26954574  0.99000000
0.17815619  78.00000000  0.17815619  80.00000000  3548.27641744  0.99000000
0.17784917  78.00000000  0.17784917  80.00000000  3548.26954574  0.99000000
0.17210755  62.00000000  0.11977757  80.00000000  3517.97861183  0.99000000
0.20613093  76.00000000  0.19595665  80.00000000  3549.68039261  0.99000000
0.33110831  78.00000000  0.33110831  80.00000000  3559.76430537  0.99000000
0.23660221  61.00000000  0.19837457  80.00000000  3385.30864520  0.99000000
0.17784917  78.00000000  0.17784917  80.00000000  3548.26954574  0.99000000
0.52198121  78.00000000  0.52198121  80.00000000  3565.98100136  0.99000000
0.33576374  61.00000000  0.26981019  80.00000000  3567.19726212  0.99000000
0.17784917  78.00000000  0.17784917  80.00000000  3548.26954574  0.99000000
0.09897591  78.00000000  0.09897591  80.00000000  3494.81243068  0.99000000
0.17784917  78.00000000  0.17784917  80.00000000  3548.26954574  0.99000000
0.19088348  78.00000000  0.19088348  80.00000000  3548.18951583  0.99000000
0.17784917  78.00000000  0.17784917  80.00000000  3548.26954574  0.99000000
0.38552058  78.00000000  0.38552058  80.00000000  3501.15095498  0.99000000
0.22029350  59.00000000  0.07978736  80.00000000  3549.23092315  0.99000000
0.20200330  60.00000000  0.04452574  80.00000000  3581.23432591  0.99000000
0.17784917  78.00000000  0.17784917  80.00000000  3548.26954574  0.99000000
0.29819482  62.00000000  0.21986567  80.00000000  3209.58845230  0.99000000
0.17784917  78.00000000  0.17784917  80.00000000  3548.26954574  0.99000000
0.17786406  78.00000000  0.17786406  80.00000000  3548.29296880  0.99000000
0.17784917  78.00000000  0.17784917  80.00000000  3548.26954574  0.99000000
0.17770462  58.00000000  0.13661715  80.00000000  3547.98233399  0.99000000
0.40224699  76.00000000  0.37498569  80.00000000  3558.39660430  0.99000000
0.17778464  58.00000000  0.03391973  80.00000000  3547.45643362  0.99000000
0.17784917  78.00000000  0.17784917  80.00000000  3548.26954574  0.99000000
0.13714022  78.00000000  0.13714022  80.00000000  3164.36947124  0.99000000
0.17784917  78.00000000  0.17784917  80.00000000  3548.27028063  0.99000000
0.17789385  58.00000000  0.03558386  80.00000000  3547.20147715  0.99000000
0.17792187  78.00000000  0.17792187  80.00000000  3548.31011197  0.99000000
0.33105990  76.00000000  0.29826793  80.00000000  3594.03209983  0.99000000
0.17784917  78.00000000  0.17784917  80.00000000  3548.26954574  0.99000000
0.17784917  78.00000000  0.17784917  80.00000000  3548.26954574  0.99000000
0.33718183  76.00000000  0.30905540  80.00000000  3552.63185348  0.99000000
0.17784917  78.00000000  0.17784917  80.00000000  3548.26954574  0.99000000
0.30039731  78.00000000  0.30039731  80.00000000  3497.58827252  0.99000000
0.33037605  76.00000000  0.30012372  80.00000000  3582.80970959  0.99000000
0.17784917  78.00000000  0.17784917  80.00000000  3548.26954574  0.99000000
0.17770462  58.00000000  0.17760367  80.00000000  3548.35193653  0.99000000
0.47496115  71.00000000  0.12950618  80.00000000  3149.17060788  0.99000000
0.33758242  78.00000000  0.33758242  80.00000000  3478.50368290  0.99000000
0.13912967  58.00000000  0.09764992  80.00000000  3523.53060927  0.99000000
0.30554228  61.00000000  0.28932350  80.00000000  3557.51332987  0.99000000
0.34002179  78.00000000  0.34002179  80.00000000  3548.76264395  0.99000000
0.17784917  78.00000000  0.17784917  80.00000000  3548.26954574  0.99000000
0.17784917  78.00000000  0.17784917  80.00000000  3548.26954574  0.99000000
0.17829594  78.00000000  0.17829594  80.00000000  3548.27184453  0.99000000
0.17784917  78.00000000  0.17784917  80.00000000  3548.26954574  0.99000000
0.08524821  77.00000000  0.07871815  80.00000000  3364.80297204  0.99000000
0.17784917  78.00000000  0.17784917  80.00000000  3548.26954574  0.99000000
0.18113726  65.00000000  0.07139820  80.00000000  2340.70993363  0.99000000
0.17456344  58.00000000  0.08909072  80.00000000  3547.39060210  0.99000000
0.17784917  78.00000000  0.17784917  80.00000000  3548.26954574  0.99000000
0.17784917  78.00000000  0.17784917  80.00000000  3548.26954574  0.99000000
0.17784917  78.00000000  0.17784917  80.00000000  3548.26954574  0.99000000
0.17784917  78.00000000  0.17784917  80.00000000  3548.26954574  0.99000000
0.04224400  57.00000000  0.00856514  80.00000000  3427.73615547  0.99000000
0.32651530  60.00000000  0.22465074  80.00000000  3492.96119825  0.99000000
0.17784917  78.00000000  0.17784917  80.00000000  3548.26954574  0.99000000
0.27014997  76.00000000  0.25385285  80.00000000  3547.27525840  0.99000000
0.18224837  59.00000000  0.16233516  80.00000000  3548.58202265  0.99000000
0.47495760  77.00000000  0.45844175  80.00000000  3487.43372955  0.99000000
0.17784917  78.00000000  0.17784917  80.00000000  3548.26954574  0.99000000
0.40799778  76.00000000  0.37980356  80.00000000  3558.74925177  0.99000000
0.38031743  78.00000000  0.38031743  80.00000000  3548.41760474  0.99000000
0.28685808  78.00000000  0.28685808  80.00000000  3544.79341458  0.99000000
0.17786533  58.00000000  0.13815127  80.00000000  3547.44955808  0.99000000
0.17784917  78.00000000  0.17784917  80.00000000  3548.26954574  0.99000000
0.17784917  78.00000000  0.17784917  80.00000000  3548.26954574  0.99000000
0.14183591  56.00000000  0.03393309  80.00000000  3544.45000797  0.99000000
0.00889207  78.00000000  0.00889207  80.00000000  2449.09999677  0.99000000
0.17784917  78.00000000  0.17784917  80.00000000  3548.26954574  0.99000000
0.33771780  78.00000000  0.33771780  80.00000000  3478.50463379  0.99000000
0.17945671  58.00000000  0.17460490  80.00000000  3552.14044414  0.99000000
0.17784917  78.00000000  0.17784917  80.00000000  3548.26954574  0.99000000
0.17784917  78.00000000  0.17784917  80.00000000  3548.26954574  0.99000000
0.17784914  78.00000000  0.17784914  80.00000000  3548.26953044  0.99000000
0.17784917  78.00000000  0.17784917  80.00000000  3548.26954574  0.99000000
0.17784917  78.00000000  0.17784917  80.00000000  3548.26954574  0.99000000
0.13328581  78.00000000  0.13328581  80.00000000  3261.88706037  0.99000000
0.21098058  78.00000000  0.21098058  80.00000000  3549.83287714  0.99000000
0.17784917  78.00000000  0.17784917  80.00000000  3548.26954574  0.99000000
0.17784917  78.00000000  0.17784917  80.00000000  3548.26954574  0.99000000
0.17784917  78.00000000  0.17784917  80.00000000  3548.26954574  0.99000000
0.11206867  62.00000000  0.00257294  80.00000000  3201.95754821  0.99000000
0.33056926  76.00000000  0.30025076  80.00000000  3582.78587551  0.99000000
0.17784917  78.00000000  0.17784917  80.00000000  3548.26954574  0.99000000
0.43991491  78.00000000  0.43991491  80.00000000  3561.72064880  0.99000000
0.17779635  78.00000000  0.17779635  80.00000000  3548.27389092  0.99000000
0.28836348  59.00000000  0.11935556  80.00000000  3492.64467424  0.99000000
0.17933600  58.00000000  0.17914512  80.00000000  3548.33072434  0.99000000
0.17784917  78.00000000  0.17784917  80.00000000  3548.26954574  0.99000000
0.37188931  77.00000000  0.35899700  80.00000000  3553.63091535  0.99000000
0.21549063  78.00000000  0.21549063  80.00000000  3549.86825025  0.99000000
0.33632571  78.00000000  0.33632571  80.00000000  3542.31564417  0.99000000
0.17784917  78.00000000  0.17784917  80.00000000  3548.26954574  0.99000000
0.17784917  78.00000000  0.17784917  80.00000000  3548.26954574  0.99000000
0.17784917  78.00000000  0.17784917  80.00000000  3548.26954574  0.99000000
0.41661943  78.00000000  0.41661943  80.00000000  3248.95714246  0.99000000
0.17921996  58.00000000  0.16814933  80.00000000  3547.96101102  0.99000000
0.17667916  58.00000000  0.10894442  80.00000000  3547.27596234  0.99000000
0.01450552  78.00000000  0.01450552  80.00000000  2547.77420194  0.99000000
0.17784917  78.00000000  0.17784917  80.00000000  3548.26954574  0.99000000
0.17784917  78.00000000  0.17784917  80.00000000  3548.26954574  0.99000000
0.35212249  76.00000000  0.32934574  80.00000000  2112.25683378  0.99000000
0.17770462  58.00000000  0.17658433  80.00000000  3548.26947525  0.99000000
0.17784917  78.00000000  0.17784917  80.00000000  3548.26954574  0.99000000
0.17784917  78.00000000  0.17784917  80.00000000  3548.26954574  0.99000000
0.11800939  77.00000000  0.11546830  80.00000000  3023.67974885  0.99000000
0.17778759  78.00000000  0.17778759  80.00000000  3548.25529546  0.99000000
0.17904007  78.00000000  0.17904007  80.00000000  3548.26626532  0.99000000
0.17784917  78.00000000  0.17784917  80.00000000  3548.26954574  0.99000000
0.17784917  78.00000000  0.17784917  80.00000000  3548.26954574  0.99000000
0.17849636  78.00000000  0.17849636  80.00000000  3548.27739222  0.99000000
0.17784917  78.00000000  0.17784917  80.00000000  3548.26954574  0.99000000
0.17784917  78.00000000  0.17784917  80.00000000  3548.26954574  0.99000000
0.17784917  78.00000000  0.17784917  80.00000000  3548.26954574  0.99000000
0.17784917  78.00000000  0.17784917  80.00000000  3548.26954574  0.99000000
0.17784917  78.00000000  0.17784917  80.00000000  3548.26954574  0.99000000
0.17784917  78.00000000  0.17784917  80.00000000  3548.26954574  0.99000000
0.17784917  78.00000000  0.17784917  80.00000000  3548.26954574  0.99000000
0.17786468  78.00000000  0.17786468  80.00000000  3548.26492969  0.99000000
0.13335629  59.00000000  0.08866807  80.00000000  3537.27165026  0.99000000
0.17784917  78.00000000  0.17784917  80.00000000  3548.26954574  0.99000000
0.17830312  58.00000000  0.11624548  80.00000000  3548.04483654  0.99000000
0.17784917  78.00000000  0.17784917  80.00000000  3548.26954574  0.99000000
0.17784917  78.00000000  0.17784917  80.00000000  3548.26954574  0.99000000
0.17784917  78.00000000  0.17784917  80.00000000  3548.26954574  0.99000000
0.17783180  78.00000000  0.17783180  80.00000000  3548.26100211  0.99000000
0.17784917  78.00000000  0.17784917  80.00000000  3548.26954574  0.99000000
0.17784917  78.00000000  0.17784917  80.00000000  3548.26954574  0.99000000
0.33242441  76.00000000  0.30132354  80.00000000  3552.50359770  0.99000000
0.17770462  58.00000000  0.17689809  80.00000000  3548.26442183  0.99000000
0.17784917  78.00000000  0.17784917  80.00000000  3548.26954574  0.99000000
0.17999418  78.00000000  0.17999418  80.00000000  3548.25039764  0.99000000
0.17784917  78.00000000  0.17784917  80.00000000  3548.26954574  0.99000000
0.32587701  76.00000000  0.29266861  80.00000000  3552.07105176  0.99000000
0.17770462  58.00000000  0.17503812  80.00000000  3548.25946448  0.99000000
0.33561673  61.00000000  0.27846632  80.00000000  3566.43615768  0.99000000
0.17784917  78.00000000  0.17784917  80.00000000  3548.26954574  0.99000000
0.17784917  78.00000000  0.17784917  80.00000000  3548.26954574  0.99000000
0.17784917  78.00000000  0.17784917  80.00000000  3548.26954574  0.99000000
0.17456343  58.00000000  0.08909066  80.00000000  3547.39064859  0.99000000
0.17784917  78.00000000  0.17784917  80.00000000  3548.26954574  0.99000000
0.28139379  78.00000000  0.28139379  80.00000000  3538.28153259  0.99000000
0.17784917  78.00000000  0.17784917  80.00000000  3548.26954574  0.99000000
0.17784917  78.00000000  0.17784917  80.00000000  3548.26954574  0.99000000
0.17790367  78.00000000  0.17790367  80.00000000  3548.30025783  0.99000000
0.17784917  78.00000000  0.17784917  80.00000000  3548.26954574  0.99000000
0.17770462  58.00000000  0.17760367  80.00000000  3548.35193653  0.99000000
0.17784917  78.00000000  0.17784917  80.00000000  3548.26954574  0.99000000
0.17784917  78.00000000  0.17784917  80.00000000  3548.26954574  0.99000000
0.19381253  78.00000000  0.19381253  80.00000000  3548.61253095  0.99000000
0.40106202  62.00000000  0.05924042  80.00000000  3564.68714771  0.99000000
0.36130467  76.00000000  0.34062474  80.00000000  3553.37819965  0.99000000
0.47733048  77.00000000  0.46131987  80.00000000  3487.39913383  0.99000000
0.10684553  59.00000000  0.01279404  80.00000000  3221.30320114  0.99000000
0.17784917  78.00000000  0.17784917  80.00000000  3548.26954574  0.99000000
0.21430967  59.00000000  0.08127659  80.00000000  3545.68816663  0.99000000
0.41343826  76.00000000  0.39334669  80.00000000  3555.73724329  0.99000000
0.17784917  78.00000000  0.17784917  80.00000000  3548.26954574  0.99000000
0.17784917  78.00000000  0.17784917  80.00000000  3548.26954574  0.99000000
0.17784917  78.00000000  0.17784917  80.00000000  3548.26954574  0.99000000
0.16539788  77.00000000  0.16207941  80.00000000  3536.80697351  0.99000000
0.17793687  78.00000000  0.17793687  80.00000000  3548.26574278  0.99000000
0.17784917  78.00000000  0.17784917  80.00000000  3548.26954574  0.99000000
0.17784917  78.00000000  0.17784917  80.00000000  3548.26954574  0.99000000
0.17784917  78.00000000  0.17784917  80.00000000  3548.26954574  0.99000000
0.17784970  78.00000000  0.17784970  80.00000000  3548.27156474  0.99000000
0.32273109  78.00000000  0.32273109  80.00000000  3558.72602424  0.99000000
0.17784917  78.00000000  0.17784917  80.00000000  3548.26954574  0.99000000
0.35740643  78.00000000  0.35740643  80.00000000  3480.06394519  0.99000000
0.17784917  78.00000000  0.17784917  80.00000000  3548.26954574  0.99000000
0.33230335  76.00000000  0.30121622  80.00000000  3552.50293507  0.99000000
0.17770462  58.00000000  0.17686724  80.00000000  3548.26786324  0.99000000
0.17784917  78.00000000  0.17784917  80.00000000  3548.26954574  0.99000000
0.43675683  63.00000000  0.18720316  80.00000000  3576.72548282  0.99000000
0.17784917  78.00000000  0.17784917  80.00000000  3548.26954574  0.99000000
0.17784917  78.00000000  0.17784917  80.00000000  3548.26954574  0.99000000
0.35453767  78.00000000  0.35453767  80.00000000  3221.46059523  0.99000000
0.17784917  78.00000000  0.17784917  80.00000000  3548.26954574  0.99000000
0.12549402  56.00000000  0.00063244  80.00000000  3543.21801808  0.99000000
0.10989383  76.00000000  0.10123548  80.00000000  3443.28491896  0.99000000
0.40851196  76.00000000  0.38102333  80.00000000  3558.90215383  0.99000000
0.13981647  56.00000000  0.13143978  80.00000000  3545.96257906  0.99000000
0.31363993  78.00000000  0.31363993  80.00000000  3550.29024147  0.99000000
0.17784917  78.00000000  0.17784917  80.00000000  3548.26954574  0.99000000
0.33685550  62.00000000  0.07866732  80.00000000  3604.14094420  0.99000000
0.17784917  78.00000000  0.17784917  80.00000000  3548.26954574  0.99000000
0.17784917  78.00000000  0.17784917  80.00000000  3548.26954574  0.99000000
0.33242441  76.00000000  0.30132354  80.00000000  3552.50359770  0.99000000
0.17784917  78.00000000  0.17784917  80.00000000  3548.26954574  0.99000000
0.17784917  78.00000000  0.17784917  80.00000000  3548.26954574  0.99000000
0.17770462  58.00000000  0.14802069  80.00000000  3548.14865203  0.99000000
0.24317734  78.00000000  0.24317734  80.00000000  3457.89595744  0.99000000
0.53697188  77.00000000  0.52782938  80.00000000  3443.08077513  0.99000000
0.18032485  59.00000000  0.11854999  80.00000000  3548.10959467  0.99000000
0.17784917  78.00000000  0.17784917  80.00000000  3548.26954574  0.99000000
0.17784917  78.00000000  0.17784917  80.00000000  3548.26954574  0.99000000
0.17784917  78.00000000  0.17784917  80.00000000  3548.26954574  0.99000000
0.17770465  58.00000000  0.16812910  80.00000000  3548.14761718  0.99000000
0.01145014  78.00000000  0.01145014  80.00000000  2278.70603671  0.99000000
0.39121547  76.00000000  0.36239898  80.00000000  3556.59267269  0.99000000
0.18031967  59.00000000  0.14943284  80.00000000  3548.30287696  0.99000000
0.17770462  58.00000000  0.17735184  80.00000000  3548.31760482  0.99000000
0.17945670  58.00000000  0.17460491  80.00000000  3552.14043514  0.99000000
0.17904911  78.00000000  0.17904911  80.00000000  3548.31536921  0.99000000
0.26091814  76.00000000  0.24524651  80.00000000  3530.68317476  0.99000000
0.17784917  78.00000000  0.17784917  80.00000000  3548.26954574  0.99000000
0.17770462  58.00000000  0.17711169  80.00000000  3548.30562452  0.99000000
0.17784917  78.00000000  0.17784917  80.00000000  3548.26954574  0.99000000
0.17784917  78.00000000  0.17784917  80.00000000  3548.26954574  0.99000000
0.17784917  78.00000000  0.17784917  80.00000000  3548.26954574  0.99000000
0.17784917  78.00000000  0.17784917  80.00000000  3548.26954574  0.99000000
0.17784919  78.00000000  0.17784919  80.00000000  3548.26956558  0.99000000
0.17784917  78.00000000  0.17784917  80.00000000  3548.26954574  0.99000000
0.17784917  78.00000000  0.17784917  80.00000000  3548.26954574  0.99000000
0.17770462  58.00000000  0.17733330  80.00000000  3548.26530674  0.99000000
0.17784917  78.00000000  0.17784917  80.00000000  3548.26954574  0.99000000
0.17784917  78.00000000  0.17784917  80.00000000  3548.26954574  0.99000000
0.16142680  78.00000000  0.16142680  80.00000000  3536.13102650  0.99000000
0.37407898  62.00000000  0.03199721  80.00000000  3610.59416554  0.99000000
0.17784917  78.00000000  0.17784917  80.00000000  3548.26954574  0.99000000
0.32148452  76.00000000  0.29359192  80.00000000  3550.94522817  0.99000000
0.33740900  76.00000000  0.30908931  80.00000000  3552.63266292  0.99000000
0.17783672  78.00000000  0.17783672  80.00000000  3548.26946005  0.99000000
0.51025026  78.00000000  0.51025026  80.00000000  3513.49288381  0.99000000
0.17784917  78.00000000  0.17784917  80.00000000  3548.26954574  0.99000000
0.32249865  78.00000000  0.32249865  80.00000000  3477.58854779  0.99000000
0.17784917  78.00000000  0.17784917  80.00000000  3548.26954574  0.99000000
0.25831373  74.00000000  0.13460525  80.00000000  3551.64962876  0.99000000
0.17784917  78.00000000  0.17784917  80.00000000  3548.26954574  0.99000000
0.17829594  78.00000000  0.17829594  80.00000000  3548.27184453  0.99000000
0.17784917  78.00000000  0.17784917  80.00000000  3548.26954574  0.99000000
0.17784917  78.00000000  0.17784917  80.00000000  3548.26954574  0.99000000
0.17784917  78.00000000  0.17784917  80.00000000  3548.26954574  0.99000000
0.21267838  59.00000000  0.15505238  80.00000000  3545.81615483  0.99000000
0.17784917  78.00000000  0.17784917  80.00000000  3548.26954574  0.99000000
0.38700925  62.00000000  0.14601090  80.00000000  3564.72998970  0.99000000
0.17770462  58.00000000  0.01517833  80.00000000  3547.22580576  0.99000000
0.17784917  78.00000000  0.17784917  80.00000000  3548.26954574  0.99000000
0.17784917  78.00000000  0.17784917  80.00000000  3548.26954574  0.99000000
0.17784917  78.00000000  0.17784917  80.00000000  3548.26954574  0.99000000
0.17784917  78.00000000  0.17784917  80.00000000  3548.26954574  0.99000000
0.17784917  78.00000000  0.17784917  80.00000000  3548.26954574  0.99000000
0.17786469  78.00000000  0.17786469  80.00000000  3548.27071998  0.99000000
0.17784917  78.00000000  0.17784917  80.00000000  3548.26954574  0.99000000
0.17784917  78.00000000  0.17784917  80.00000000  3548.26954574  0.99000000
0.17784917  78.00000000  0.17784917  80.00000000  3548.26954574  0.99000000
0.17784917  78.00000000  0.17784917  80.00000000  3548.26954574  0.99000000
0.17784917  78.00000000  0.17784917  80.00000000  3548.26954574  0.99000000
0.17784917  78.00000000  0.17784917  80.00000000  3548.26954574  0.99000000
0.34185387  61.00000000  0.13561388  80.00000000  3544.30901410  0.99000000
0.03488592  78.00000000  0.03488592  80.00000000  2843.26950502  0.99000000
0.35772723  62.00000000  0.08331532  80.00000000  3429.87587191  0.99000000
0.17784917  78.00000000  0.17784917  80.00000000  3548.26954574  0.99000000
0.17784917  78.00000000  0.17784917  80.00000000  3548.26954574  0.99000000
0.03488592  78.00000000  0.03488592  80.00000000  2843.26950502  0.99000000
0.17999418  78.00000000  0.17999418  80.00000000  3548.25039764  0.99000000
0.31036554  73.00000000  0.21857085  80.00000000  3550.94177104  0.99000000
0.17784917  78.00000000  0.17784917  80.00000000  3548.26954574  0.99000000
0.17784917  78.00000000  0.17784917  80.00000000  3548.26954574  0.99000000
0.17784917  78.00000000  0.17784917  80.00000000  3548.26954574  0.99000000
0.15009258  57.00000000  0.04806994  80.00000000  3545.41249938  0.99000000
0.17830312  58.00000000  0.11494075  80.00000000  3548.01666231  0.99000000
0.17784917  78.00000000  0.17784917  80.00000000  3548.26954574  0.99000000
0.17784917  78.00000000  0.17784917  80.00000000  3548.26954574  0.99000000
0.17784917  78.00000000  0.17784917  80.00000000  3548.26954574  0.99000000
0.33791809  76.00000000  0.30973205  80.00000000  3552.79285252  0.99000000
0.17851512  78.00000000  0.17851512  80.00000000  3548.26962071  0.99000000
0.17784917  78.00000000  0.17784917  80.00000000  3548.26954574  0.99000000
0.23528715  76.00000000  0.21218168  80.00000000  3494.71528368  0.99000000
0.17784917  78.00000000  0.17784917  80.00000000  3548.26954574  0.99000000
0.06806529  60.00000000  0.00333066  80.00000000  3439.40416091  0.99000000
0.18659776  59.00000000  0.08138154  80.00000000  3547.84840302  0.99000000
0.17784917  78.00000000  0.17784917  80.00000000  3548.26954574  0.99000000
0.19268024  71.00000000  0.02204849  80.00000000  3550.99228322  0.99000000
0.17883905  78.00000000  0.17883905  80.00000000  3548.29867017  0.99000000
0.38584747  78.00000000  0.38584747  80.00000000  3564.90561284  0.99000000
0.17784917  78.00000000  0.17784917  80.00000000  3548.26954574  0.99000000
0.17784917  78.00000000  0.17784917  80.00000000  3548.27028063  0.99000000
0.17784917  78.00000000  0.17784917  80.00000000  3548.26954574  0.99000000
0.17770462  58.00000000  0.01568385  80.00000000  3547.24754701  0.99000000
0.17784917  78.00000000  0.17784917  80.00000000  3548.26954574  0.99000000
0.17770462  58.00000000  0.17689571  80.00000000  3548.26071583  0.99000000
0.17784917  78.00000000  0.17784917  80.00000000  3548.26954574  0.99000000
0.17915708  78.00000000  0.17915708  80.00000000  3548.26763719  0.99000000
0.40291998  76.00000000  0.37574877  80.00000000  3557.93318581  0.99000000
0.38592846  62.00000000  0.11311827  80.00000000  3527.61603325  0.99000000
0.33334512  78.00000000  0.33334512  80.00000000  3491.74054659  0.99000000
0.17784917  78.00000000  0.17784917  80.00000000  3548.26954574  0.99000000
0.30729649  78.00000000  0.30729649  80.00000000  3527.63549924  0.99000000
0.34002179  78.00000000  0.34002179  80.00000000  3548.76264395  0.99000000
0.17784917  78.00000000  0.17784917  80.00000000  3548.26954574  0.99000000
0.17784917  78.00000000  0.17784917  80.00000000  3548.26954574  0.99000000
0.25280205  75.00000000  0.19397158  80.00000000  3549.92454463  0.99000000
0.17784917  78.00000000  0.17784917  80.00000000  3548.26954574  0.99000000
0.30650856  62.00000000  0.19070629  80.00000000  3575.84242921  0.99000000
0.17784917  78.00000000  0.17784917  80.00000000  3548.26954574  0.99000000
0.17784917  78.00000000  0.17784917  80.00000000  3548.26954574  0.99000000
0.32454398  78.00000000  0.32454398  80.00000000  3561.72261933  0.99000000
0.33707608  78.00000000  0.33707608  80.00000000  2525.69186726  0.99000000
0.17784917  78.00000000  0.17784917  80.00000000  3548.26954574  0.99000000
0.17777112  78.00000000  0.17777112  80.00000000  3548.28322679  0.99000000
0.17784917  78.00000000  0.17784917  80.00000000  3548.26954574  0.99000000
0.32742513  78.00000000  0.32742513  80.00000000  3559.45756425  0.99000000
0.17784917  78.00000000  0.17784917  80.00000000  3548.26954574  0.99000000
0.50703592  63.00000000  0.01129126  80.00000000  3815.84382540  0.99000000
0.04262530  60.00000000  0.02039767  80.00000000  3730.27486494  0.99000000
0.14080811  77.00000000  0.13919068  80.00000000  2969.96809867  0.99000000
0.20892187  78.00000000  0.20892187  80.00000000  3645.41885085  0.99000000
0.09807653  58.00000000  0.02283874  80.00000000  3593.29507453  0.99000000
0.05429741  56.00000000  0.00013507  80.00000000  3650.31389711  0.99000000
0.09659099  69.00000000  0.08929471  80.00000000  3850.20636271  0.99000000
0.22942481  75.00000000  0.22787797  80.00000000  3623.96044239  0.99000000
0.02081359  78.00000000  0.02081359  80.00000000  3771.39709437  0.99000000
0.28138429  78.00000000  0.28138429  80.00000000  3865.82569045  0.99000000
0.09171502  71.00000000  0.05227758  80.00000000  3682.96690001  0.99000000
0.56769122  60.00000000  0.13109987  80.00000000  4115.39376755  0.99000000
0.03677802  77.00000000  0.03569764  80.00000000  3203.32522982  0.99000000
0.10585770  57.00000000  0.02364693  80.00000000  3619.53951274  0.99000000
0.01858744  58.00000000  0.01205351  80.00000000  2606.43811178  0.99000000
0.00957212  78.00000000  0.00957212  80.00000000  3619.38064508  0.99000000
0.05344339  78.00000000  0.05344339  80.00000000  3751.70867049  0.99000000
0.34270539  59.00000000  0.16243847  80.00000000  3823.25993517  0.99000000
0.04413078  78.00000000  0.04413078  80.00000000  3571.69926330  0.99000000
0.16714617  69.00000000  0.02505072  80.00000000  3694.51252421  0.99000000
0.00055045  78.00000000  0.00055045  80.00000000  3815.73766914  0.99000000
0.00375080  64.00000000  0.00091500  80.00000000  3506.43291160  0.99000000
0.03815345  62.00000000  0.01918641  80.00000000  3467.34918933  0.99000000
0.00108928  51.00000000  0.00000679  80.00000000  3405.31327219  0.99000000
0.01426861  78.00000000  0.01426861  80.00000000  3518.56944616  0.99000000
0.06265597  78.00000000  0.06265597  80.00000000  3627.80991775  0.99000000
0.02829154  59.00000000  0.01877401  80.00000000  3558.89153872  0.99000000
0.00212552  63.00000000  0.00132197  80.00000000  3549.58579537  0.99000000
0.14967960  60.00000000  0.01659782  80.00000000  3969.37676901  0.99000000
0.36069493  62.00000000  0.01408059  80.00000000  3485.20661687  0.99000000
0.11702818  78.00000000  0.11702818  80.00000000  3975.62456669  0.99000000
0.01220486  77.00000000  0.01112207  80.00000000  4063.15080587  0.99000000
0.05239833  63.00000000  0.01009837  80.00000000  3787.83812307  0.99000000
0.18711179  65.00000000  0.01145218  80.00000000  3980.17586111  0.99000000
0.01906805  73.00000000  0.00992277  80.00000000  4121.92325627  0.99000000
0.34781125  63.00000000  0.11015543  80.00000000  3921.22892443  0.99000000
0.03747320  72.00000000  0.00682365  80.00000000  3706.02261901  0.99000000
0.02294335  70.00000000  0.00223074  80.00000000  3975.98404446  0.99000000
0.00597549  74.00000000  0.00440184  80.00000000  3782.02897453  0.99000000
0.00136157  78.00000000  0.00136157  80.00000000  4161.94556326  0.99000000
0.03989826  68.00000000  0.02863513  80.00000000  4174.53411589  0.99000000
0.14289526  68.00000000  0.06054965  80.00000000  4155.59142503  0.99000000
0.53766310  64.00000000  0.03585181  80.00000000  3869.23583414  0.99000000
0.53431725  65.00000000  0.19463807  80.00000000  4123.78497150  0.99000000
0.73688157  62.00000000  0.09594159  80.00000000  4102.28330979  0.99000000
0.70177383  61.00000000  0.64022164  80.00000000  4247.52281977  0.99000000
0.03673717  78.00000000  0.03673717  80.00000000  3991.45536600  0.99000000
0.02650306  68.00000000  0.00768182  80.00000000  4157.06342953  0.99000000
0.06766654  66.00000000  0.03350666  80.00000000  3679.88168172  0.99000000
0.25612796  78.00000000  0.25612796  80.00000000  3563.09071178  0.99000000
0.43757274  64.00000000  0.06921730  80.00000000  3746.00213112  0.99000000
0.16976443  68.00000000  0.00425258  80.00000000  3698.60454883  0.99000000
0.05880755  76.00000000  0.05759042  80.00000000  4045.77874167  0.99000000
0.19467133  65.00000000  0.00852613  80.00000000  3895.71935834  0.99000000
0.06751260  62.00000000  0.02248441  80.00000000  3914.40940856  0.99000000
0.37188536  69.00000000  0.06648249  80.00000000  3893.50653833  0.99000000
0.16747639  72.00000000  0.06354990  80.00000000  3961.16431566  0.99000000
0.01817020  68.00000000  0.01019582  80.00000000  3961.66503953  0.99000000
0.35641466  56.00000000  0.07870236  80.00000000  4187.37590632  0.99000000
0.08307160  78.00000000  0.08307160  80.00000000  3941.98086681  0.99000000
0.24497985  65.00000000  0.05630503  80.00000000  4071.80225155  0.99000000
0.05533813  73.00000000  0.01635290  80.00000000  3947.68231868  0.99000000
0.01695818  67.00000000  0.01018195  80.00000000  3652.59066779  0.99000000
0.00518687  58.00000000  0.00399605  80.00000000  3548.52002343  0.99000000
0.00085858  76.00000000  0.00076676  80.00000000  3820.71033290  0.99000000
0.01305309  77.00000000  0.01298258  80.00000000  3931.86791026  0.99000000
0.08199754  56.00000000  0.00291950  80.00000000  4069.53447637  0.99000000
0.14435823  78.00000000  0.14435823  80.00000000  4207.25468520  0.99000000
0.14510860  55.00000000  0.02688670  80.00000000  4141.79366023  0.99000000
0.71816226  61.00000000  0.15372304  80.00000000  4236.04065783  0.99000000
0.72996739  62.00000000  0.14235095  80.00000000  4152.94589661  0.99000000
0.74192143  65.00000000  0.02724637  80.00000000  3987.67031984  0.99000000
0.00060712  50.00000000  0.00019807  80.00000000  3968.53949765  0.99000000
0.00003506  71.00000000  0.00000482  80.00000000  3413.03316503  0.99000000
0.11938484  69.00000000  0.00587932  80.00000000  3519.67951426  0.99000000
0.00021396  61.00000000  0.00018178  80.00000000  3800.38553953  0.99000000
0.07617314  78.00000000  0.07617314  80.00000000  4031.24140365  0.99000000
0.15399978  67.00000000  0.10675393  80.00000000  3699.55033229  0.99000000
0.02296550  78.00000000  0.02296550  80.00000000  3442.99422518  0.99000000
0.00581291  78.00000000  0.00581291  80.00000000  3475.08766167  0.99000000
0.07521069  57.00000000  0.04286130  80.00000000  4040.17278648  0.99000000
0.00090694  73.00000000  0.00065137  80.00000000  4212.64069255  0.99000000
0.08554818  78.00000000  0.08554818  80.00000000  4145.19909329  0.99000000
0.12112738  64.00000000  0.03902827  80.00000000  2857.73002395  0.99000000
0.00180080  54.00000000  0.00165425  80.00000000  4133.34699465  0.99000000
0.65298417  64.00000000  0.11099767  80.00000000  3788.60608239  0.99000000
0.46345619  70.00000000  0.25991657  80.00000000  3426.22347341  0.99000000
0.04175586  62.00000000  0.02915337  80.00000000  3515.46619671  0.99000000
0.13391408  61.00000000  0.12658234  80.00000000  3688.43733651  0.99000000
0.22209509  61.00000000  0.01576112  80.00000000  4172.22171443  0.99000000
0.20374373  75.00000000  0.20253176  80.00000000  4163.09845044  0.99000000
0.13939319  78.00000000  0.13939319  80.00000000  3700.63017207  0.99000000
0.03400101  67.00000000  0.02683253  80.00000000  4064.40613788  0.99000000
0.07795165  74.00000000  0.06619437  80.00000000  4235.55252567  0.99000000
0.03819755  73.00000000  0.03779574  80.00000000  4224.19668272  0.99000000
0.16405860  67.00000000  0.02262180  80.00000000  4003.60983597  0.99000000
0.04447846  59.00000000  0.00866012  80.00000000  4141.98518157  0.99000000
0.07155694  59.00000000  0.01452538  80.00000000  3808.52506331  0.99000000
0.45566491  68.00000000  0.27831632  80.00000000  4165.05166594  0.99000000
0.30111530  66.00000000  0.01262903  80.00000000  4124.47189124  0.99000000
0.00116761  78.00000000  0.00116761  80.00000000  3980.84164020  0.99000000
0.05322088  52.00000000  0.03482056  80.00000000  4170.47710251  0.99000000
