30
29
9
12
30
20
15
31
0
27
8
21
22
15
17
31
1
11
1
33
1
12
2
2
22
2
1
34
1
3
13
13
3
13
4
20
1
3
14
5
28
5
4
27
26
16
6
1
3
22
25
7
17
33
31
2
8
35
25
19
9
3
5
20
10
28
20
3
10
3
21
11
22
32
22
2
22
33
35
13
33
5
9
4
24
14
8
25
5
35
25
15
26
16
16
26
16
12
27
12
17
0
0
18
28
13
5
9
29
6
30
19
9
14
30
20
9
0
1
31
36
21
22
15
32
16
6
17
15
33
11
34
2
24
2
34
19
5
14
11
35
15
1
13
8
27
36
3
27
5
1
28
5
11
22
19
6
1
21
22
9
7
30
4
10
36
36
35
35
9
35
26
36
33
10
35
20
2
33
35
21
33
35
19
36
2
35
33
35
30
35
32
36
3
34
35
34
26
36
35
36
35
36
16
34
2
35
30
27
32
35
0
6
35
19
35
35
35
3
26
35
