5
22
20
30
12
36
34
11
35
18
23
22
18
22
9
20
22
1
33
17
10
20
27
32
2
21
18
11
11
1
3
24
0
13
22
4
25
27
36
20
5
15
16
2
1
6
1
34
16
26
7
28
32
3
29
18
30
8
18
0
0
9
25
19
0
0
10
5
35
34
5
21
34
11
12
33
36
12
31
8
23
33
1
13
14
24
29
1
15
2
4
15
4
11
26
16
26
11
17
17
6
17
32
28
3
33
28
1
36
29
35
20
20
30
20
30
30
31
35
34
31
22
3
22
32
0
22
0
33
36
24
15
36
36
34
36
34
11
11
2
35
26
14
26
22
1
36
27
15
9
5
15
19
28
4
11
1
6
0
4
9
28
32
33
1
34
3
32
36
1
0
9
35
34
35
25
35
21
35
34
14
36
32
36
15
8
35
12
31
35
34
35
11
35
36
19
35
26
36
3
35
15
36
34
35
3
31
36
17
26
36
33
35
27
36
33
28
8
36
34
24
