20
7
20
9
20
0
32
25
21
34
22
13
21
9
32
33
36
23
1
10
16
21
24
11
2
24
27
12
26
3
12
20
3
30
20
4
14
1
14
21
5
27
28
27
15
6
16
25
33
2
7
1
3
7
8
18
8
18
36
19
9
9
9
35
4
20
10
33
26
27
11
28
6
35
3
12
7
2
7
23
28
13
35
24
0
14
24
30
25
34
0
15
16
16
35
26
11
0
27
17
32
11
6
12
28
33
1
36
29
34
20
7
20
8
30
9
36
35
36
31
22
22
21
22
32
3
36
4
1
33
16
13
24
11
34
4
24
19
15
16
35
3
0
3
20
36
27
19
14
21
22
3
28
13
15
9
3
21
29
2
24
31
3
7
9
31
35
35
34
36
9
36
2
35
34
20
35
36
36
31
35
24
36
35
36
35
3
36
30
21
35
32
35
24
36
34
36
34
35
9
0
35
32
15
35
30
7
36
30
36
5
35
4
4
36
24
9
36
19
13
35
