14
29
34
16
18
35
12
7
20
21
14
35
14
28
36
36
1
26
1
36
1
10
25
2
16
24
2
12
3
1
3
1
20
1
22
4
22
1
26
21
15
5
36
15
26
6
27
22
16
24
22
7
28
17
31
17
8
26
34
4
2
9
19
30
20
34
10
34
36
21
11
21
35
8
22
12
8
22
35
13
29
23
1
35
30
2
14
5
25
15
0
15
30
1
31
26
16
35
5
27
7
4
28
32
18
28
8
29
19
29
0
29
34
11
30
35
20
7
31
35
14
35
32
22
13
10
1
1
23
36
33
18
25
25
11
34
2
25
35
1
8
1
20
15
10
4
22
36
26
21
1
17
29
15
18
0
27
29
16
24
15
24
21
30
33
17
36
2
35
4
33
14
35
6
25
35
27
22
36
32
11
22
35
30
35
34
36
34
36
6
35
31
1
35
17
34
36
28
35
35
36
15
36
1
36
6
36
35
5
35
16
0
28
35
3
15
17
29
35
29
15
