19
30
7
31
15
12
10
12
14
35
34
14
16
10
30
23
10
1
35
10
34
19
24
2
11
2
12
23
3
3
2
3
21
1
4
20
4
21
14
21
16
29
5
27
16
6
29
16
24
2
7
4
31
19
0
8
1
1
3
29
33
9
5
4
20
10
35
9
4
28
9
11
6
0
10
30
12
30
4
34
13
7
24
2
30
30
0
14
34
6
33
26
9
36
16
36
27
5
27
4
4
9
28
18
0
1
9
5
11
6
10
30
20
31
15
12
0
11
21
11
32
14
16
15
22
23
10
33
11
24
34
14
24
6
13
2
12
1
9
36
2
16
15
12
25
27
4
1
14
24
25
29
5
3
29
23
29
13
12
6
7
32
31
19
35
29
34
22
4
7
36
29
13
0
34
10
35
35
4
11
35
35
35
33
35
30
25
36
1
35
33
36
31
35
21
35
0
31
35
13
33
35
9
36
36
36
15
6
35
32
35
34
35
5
5
36
32
9
36
34
27
