20
36
15
24
9
36
0
19
21
34
17
22
36
25
9
27
23
1
20
34
24
11
36
2
34
11
2
13
3
3
1
3
19
36
21
13
36
4
15
5
0
5
28
3
29
6
25
3
30
28
7
17
26
36
18
1
8
28
19
29
9
25
24
19
24
5
10
5
33
21
35
11
3
28
22
27
30
23
12
13
36
13
30
28
24
32
25
35
15
0
31
3
5
30
26
16
35
2
27
3
31
17
28
0
18
9
29
1
4
10
11
30
34
20
9
8
12
4
31
34
17
22
18
32
22
19
23
5
33
0
17
14
36
21
34
24
2
18
25
10
35
3
25
36
27
24
16
36
28
20
0
16
28
27
29
19
19
3
30
21
7
30
2
1
31
1
35
22
31
35
36
36
33
4
36
5
7
8
35
21
33
36
4
35
0
35
35
35
35
34
36
6
0
36
32
32
10
35
28
31
28
3
35
5
4
36
35
34
29
35
33
31
28
35
6
9
36
15
8
36
11
