9
7
20
6
0
35
36
25
15
9
31
0
28
23
36
13
1
9
1
23
1
15
2
1
2
22
12
11
2
3
1
23
3
13
4
4
24
4
14
5
30
5
26
28
31
6
28
3
6
3
7
18
17
7
19
8
24
8
1
5
18
9
5
2
35
35
10
35
36
0
11
21
11
22
11
36
12
22
4
23
7
23
13
14
9
0
24
25
1
7
15
31
5
0
3
26
0
1
16
36
8
27
8
18
28
18
36
29
34
29
9
29
20
19
4
35
30
0
15
15
31
21
36
23
23
22
32
9
36
23
9
33
36
1
2
7
34
6
2
26
35
5
3
19
4
26
7
20
36
28
3
8
12
28
13
6
24
3
6
3
7
18
32
18
27
8
23
27
5
35
2
31
31
35
33
35
36
35
35
35
33
36
0
35
31
35
34
35
12
35
33
31
35
28
1
19
36
31
16
35
15
31
6
35
3
2
26
5
36
34
35
36
6
36
8
36
36
35
9
36
29
