18
13
21
34
7
30
27
11
8
25
8
35
36
18
22
18
1
0
1
35
24
1
22
2
22
11
2
27
28
3
20
22
24
20
27
4
3
14
1
25
20
5
24
20
25
16
6
30
35
28
7
17
17
27
1
24
18
8
5
36
5
19
5
5
19
10
20
26
21
35
7
11
22
12
12
2
4
7
35
23
13
4
33
24
31
14
14
31
15
25
30
3
9
26
16
7
34
27
16
7
36
17
28
32
3
28
4
5
6
29
19
36
6
30
7
10
2
3
21
31
0
35
11
32
22
18
1
0
1
33
24
1
36
12
34
36
25
21
2
3
35
12
15
11
0
1
27
36
18
18
11
19
19
26
25
16
22
28
15
6
16
22
17
28
31
20
35
33
35
36
35
32
5
35
19
34
35
21
35
35
35
35
22
35
32
35
36
7
35
28
13
36
33
35
31
35
31
36
16
28
35
5
28
26
35
8
26
36
35
3
36
28
15
35
3
35
32
36
6
35
9
