0
13
20
14
30
34
0
0
8
18
21
29
36
9
32
32
29
1
16
10
11
10
17
27
2
1
31
1
35
1
3
13
1
22
1
4
20
19
15
14
5
28
16
22
6
6
6
24
6
6
7
2
36
7
30
3
8
31
28
19
4
24
9
20
35
10
2
36
27
11
1
11
22
28
22
12
22
32
12
13
13
23
13
35
33
24
4
25
34
15
32
31
3
16
26
3
16
36
27
36
27
12
32
18
28
2
19
29
19
34
0
14
20
14
30
6
0
0
31
20
21
6
36
32
32
32
14
0
10
33
13
1
17
24
2
34
0
1
35
35
3
35
1
22
1
26
36
21
25
14
28
28
9
27
6
8
6
24
21
6
19
30
16
7
30
3
35
31
35
36
36
17
36
6
36
32
35
20
35
35
35
9
34
35
1
13
35
32
35
13
36
19
35
35
6
36
4
2
9
35
32
32
3
33
35
21
13
36
19
36
27
34
5
19
35
4
20
29
33
13
18
