29
10
36
36
25
25
19
36
31
31
31
13
9
29
17
32
36
1
23
10
29
10
23
19
2
0
34
20
22
1
3
35
36
35
14
26
4
14
28
28
5
25
15
29
6
3
23
30
6
3
7
2
23
23
23
8
2
18
30
5
5
28
9
5
25
35
10
34
6
11
21
6
35
11
12
22
31
12
0
1
31
31
32
14
34
14
24
15
15
25
0
7
15
31
0
26
33
36
32
11
12
12
17
18
28
2
11
36
8
11
29
0
34
20
30
7
14
14
31
31
31
1
36
22
2
32
36
6
16
33
11
7
19
19
2
0
34
15
4
1
2
35
26
35
36
12
21
16
9
28
5
28
16
4
6
18
21
30
24
24
7
30
4
9
4
33
36
35
30
36
32
1
35
30
3
35
26
34
35
32
36
6
36
24
36
35
31
36
32
33
36
29
35
35
13
36
6
32
10
35
28
36
36
15
1
35
24
36
35
20
35
28
35
17
35
6
29
36
1
11
5
