16
27
0
9
0
18
28
15
24
9
27
10
9
1
30
21
2
2
31
20
20
23
3
13
18
4
4
14
16
5
0
15
32
6
17
16
17
7
30
17
17
8
27
4
9
0
19
10
10
31
2
11
21
4
5
12
22
8
13
31
8
31
24
2
32
15
25
31
30
31
26
16
7
31
27
7
18
28
28
3
15
29
32
16
17
30
21
21
22
31
16
16
23
3
32
16
4
21
4
5
5
23
18
26
18
6
13
32
32
30
15
31
26
31
28
31
30
7
31
10
31
31
12
31
14
23
31
30
22
31
27
28
31
26
32
30
32
29
31
30
31
12
0
