28
10
7
27
6
11
8
8
8
29
20
29
1
24
1
11
1
2
29
23
12
20
3
16
4
4
2
13
5
5
0
16
2
6
5
16
7
7
7
3
8
30
0
9
19
8
25
21
10
20
21
10
21
21
11
22
12
13
13
7
23
24
31
24
24
14
25
16
15
15
26
17
11
16
27
8
4
28
19
8
29
20
29
20
31
30
31
31
10
31
23
23
18
32
5
4
4
20
7
21
5
23
26
26
7
5
24
25
32
29
32
28
30
0
32
7
8
32
30
31
20
21
31
14
30
31
22
31
31
28
31
14
24
32
12
13
32
28
32
30
32
13
20
