30
13
10
7
0
19
19
28
32
20
19
14
16
1
20
0
2
2
13
11
28
3
31
29
24
4
13
21
13
5
0
1
15
5
0
28
7
6
23
31
17
18
9
9
19
0
9
10
10
20
11
11
27
21
31
30
6
7
13
23
14
14
0
32
0
31
32
25
1
32
31
17
4
31
27
31
19
19
28
32
10
19
14
19
21
13
30
18
2
20
31
17
32
22
15
24
4
0
14
14
25
17
1
1
17
0
28
7
30
9
32
25
18
12
31
6
31
31
10
31
8
30
32
27
32
31
27
31
7
32
31
31
31
23
31
4
5
32
29
32
32
32
32
