17
20
0
0
31
27
29
20
10
16
19
29
1
21
1
10
15
2
1
12
3
3
12
24
4
4
15
1
24
14
5
0
6
15
6
26
7
7
17
17
8
24
18
32
9
5
9
10
20
5
31
11
26
21
12
12
31
32
12
13
23
14
24
14
15
15
13
25
30
4
26
17
5
7
27
9
32
28
19
28
32
19
29
13
21
21
30
19
2
1
31
14
2
24
24
32
4
20
1
24
5
21
0
6
4
18
4
9
7
32
28
32
25
32
18
32
30
31
31
31
31
31
30
31
26
31
30
31
30
12
31
17
30
31
14
32
32
7
31
30
11
31
22
