16
17
8
27
17
28
18
14
19
19
9
25
19
1
24
20
30
2
11
21
28
3
12
13
4
4
23
14
5
5
21
15
1
6
16
25
7
7
7
22
8
19
18
9
9
3
1
4
10
31
20
11
26
21
32
12
22
23
28
23
23
14
28
4
9
8
25
16
16
2
26
16
17
8
27
17
28
18
32
8
19
29
13
1
1
30
10
14
11
31
23
23
32
12
22
23
22
18
17
20
5
20
1
27
28
24
25
30
16
32
11
8
30
32
26
32
32
18
31
30
31
0
31
25
23
30
31
22
29
28
32
23
0
31
0
31
32
32
32
32
28
32
13
