17
32
0
27
24
6
11
24
18
19
29
29
1
16
1
1
21
2
19
31
12
22
3
12
12
18
4
23
24
5
15
5
6
6
24
6
16
7
17
8
26
26
8
9
9
1
19
19
10
7
31
11
11
21
12
28
0
22
13
32
23
24
13
4
15
15
15
25
5
15
26
17
32
31
27
18
12
8
28
8
19
9
29
2
18
1
30
21
2
19
31
2
16
32
23
2
0
24
25
25
8
14
5
9
26
27
6
27
7
31
29
6
31
16
32
29
32
27
29
32
29
31
11
31
23
32
30
4
32
23
32
30
32
5
32
32
32
32
32
32
32
26
32
