17
16
10
18
7
7
7
28
15
12
8
11
1
32
1
24
1
2
11
20
12
3
14
3
12
4
18
4
5
5
22
15
22
15
6
17
5
7
17
5
8
19
5
18
3
9
25
20
20
20
20
11
21
2
12
12
8
22
7
32
14
14
14
24
32
15
25
14
16
15
1
26
16
27
18
11
28
18
28
32
14
29
0
4
32
30
0
22
31
11
22
13
32
14
4
1
24
18
4
5
5
22
18
6
5
28
24
30
17
17
32
27
26
28
9
32
27
24
31
9
31
32
7
32
2
31
31
27
31
29
31
14
32
22
32
32
32
32
32
32
32
32
12
