14
27
27
31
17
7
16
28
19
15
19
16
9
1
9
10
2
2
31
31
18
3
21
23
4
4
13
13
14
5
14
32
6
6
1
28
17
7
23
27
17
8
3
30
9
32
19
10
19
30
11
11
30
21
27
31
3
22
13
28
23
9
31
24
30
15
31
25
31
10
26
7
31
27
0
27
18
2
28
19
15
19
29
15
1
21
30
11
10
31
31
23
3
32
12
7
4
25
25
3
5
5
20
6
6
20
28
7
7
30
27
32
30
30
8
13
31
11
30
31
25
20
31
30
31
31
31
31
30
31
9
23
31
30
24
31
15
31
30
31
26
32
30
