10
20
32
20
11
15
8
21
35
14
32
0
17
1
1
36
36
11
2
2
31
2
13
3
3
26
29
4
4
14
2
5
5
28
5
16
6
16
36
7
2
7
18
8
6
8
26
9
19
1
10
35
10
10
21
11
21
11
12
22
12
23
13
35
13
13
24
14
32
15
15
15
15
26
11
33
0
17
27
7
18
28
18
18
33
29
19
10
13
30
20
32
15
31
21
35
14
32
35
14
1
36
33
24
36
34
25
22
36
35
3
26
26
16
36
36
20
27
24
24
28
28
0
24
21
30
28
26
36
32
35
29
8
35
4
35
35
35
35
36
35
35
35
35
35
35
35
36
35
35
35
36
35
35
35
29
35
35
10
27
35
35
33
27
17
35
35
33
35
18
36
33
36
35
