18
32
8
18
32
28
19
17
22
26
0
22
9
25
22
14
18
25
18
1
34
1
1
25
22
28
36
2
2
2
12
2
1
1
12
3
19
3
2
26
25
33
4
27
4
1
23
25
5
22
5
24
23
22
6
3
31
17
6
27
17
7
35
31
25
32
8
31
8
34
33
19
9
36
9
26
6
6
10
6
10
1
5
11
35
11
11
35
28
35
23
3
36
12
0
35
13
2
35
0
25
34
14
29
32
25
15
30
5
15
6
26
16
35
11
16
30
34
17
2
17
34
3
8
9
29
30
10
35
18
19
36
6
13
19
2
33
32
33
5
1
14
12
0
22
6
7
22
14
18
23
2
11
34
23
1
36
24
35
36
2
3
23
36
14
25
25
36
3
16
26
2
26
20
21
19
27
4
17
6
24
28
28
18
25
16
24
22
26
36
20
8
27
1
7
35
31
33
32
2
31
34
35
36
32
32
29
35
31
6
4
32
35
35
32
35
35
35
8
35
35
35
35
35
35
36
35
35
35
36
32
35
11
35
34
28
35
19
32
35
13
2
35
16
33
26
35
35
16
6
36
33
10
30
30
35
8
35
29
10
8
35
5
36
36
6
8
