18
30
13
10
11
28
0
17
32
36
32
8
26
22
33
32
0
30
36
30
1
34
1
21
24
11
11
2
11
2
22
20
2
21
12
3
20
3
31
25
24
4
1
4
14
27
20
5
34
15
5
34
2
24
1
6
0
28
2
1
7
17
28
31
0
27
8
18
3
8
25
33
9
1
0
9
33
36
10
2
10
31
34
21
11
32
11
33
27
2
12
31
32
12
23
36
13
36
13
35
14
24
2
14
14
1
15
6
1
15
15
5
9
26
35
9
16
27
10
17
17
0
4
36
28
36
29
18
13
34
2
19
33
20
30
34
20
20
35
6
5
10
7
15
8
32
22
33
32
22
13
36
19
23
34
36
14
24
24
24
24
35
2
36
16
8
16
7
11
17
26
6
25
24
25
24
25
23
5
13
24
11
2
19
7
14
23
1
6
25
0
2
25
32
27
21
32
34
26
34
4
36
30
36
33
33
23
30
21
33
36
35
16
35
35
34
21
35
36
35
35
32
27
35
32
35
12
5
36
36
36
34
35
35
1
35
34
35
16
35
0
1
31
35
35
9
28
35
35
16
35
13
18
35
35
8
36
35
36
35
18
36
34
36
19
30
22
