8
13
7
16
35
9
35
35
8
15
21
15
20
16
22
21
22
35
28
1
1
1
1
1
1
10
11
2
2
2
2
2
18
2
36
3
32
3
27
30
1
4
4
26
14
4
14
34
5
25
5
2
32
28
6
31
6
29
34
25
7
17
7
30
1
33
18
8
28
8
18
1
2
5
9
30
29
20
10
36
10
32
33
27
21
11
11
22
35
35
3
12
2
23
12
29
1
35
13
24
14
14
35
35
1
14
35
25
15
34
9
26
15
16
10
11
36
5
32
17
7
17
10
28
18
33
14
29
35
18
19
5
29
8
19
7
1
20
9
1
32
21
10
31
33
22
16
22
11
22
36
17
13
15
10
1
8
9
23
11
25
2
25
35
6
25
3
9
7
36
11
17
8
27
19
4
6
25
27
15
14
15
25
25
18
16
28
4
13
22
29
8
25
7
13
29
36
33
33
29
35
33
31
33
28
0
22
35
30
2
16
10
24
10
35
2
27
35
11
35
31
35
35
33
21
35
35
12
36
24
35
35
35
35
29
35
35
31
36
35
0
34
35
35
14
36
35
35
11
36
14
36
34
9
35
35
12
27
31
7
35
25
35
10
15
29
15
