7
7
30
10
16
31
22
33
19
35
21
35
32
35
9
14
35
33
23
1
33
1
1
23
15
12
34
2
2
19
2
2
22
28
3
25
3
3
13
31
27
27
14
4
4
27
21
20
5
5
15
34
4
2
6
6
30
5
6
17
4
7
5
4
7
18
25
8
2
33
32
6
19
9
31
31
4
26
32
10
35
4
21
11
22
2
11
22
34
31
2
12
1
3
23
35
33
13
32
24
35
33
6
32
14
25
32
15
34
7
34
26
34
36
16
1
10
27
8
9
5
17
28
13
32
18
29
1
5
8
3
19
9
6
8
30
6
20
31
8
1
21
36
8
35
32
22
9
36
35
22
12
23
33
1
1
23
24
12
34
2
3
24
19
35
20
25
6
4
26
3
20
36
10
36
27
4
27
27
16
4
11
16
22
1
0
18
6
6
30
5
30
17
4
30
36
12
7
35
25
8
2
8
35
33
33
27
33
35
30
28
35
33
35
35
35
35
28
35
30
21
34
35
28
35
24
3
36
35
33
35
35
30
35
33
29
35
35
25
33
27
34
36
34
36
34
16
35
35
10
35
4
1
30
35
35
10
32
22
34
36
15
8
17
36
9
6
