7
30
29
30
7
20
31
21
32
18
14
11
8
22
34
22
14
25
16
23
1
19
1
0
0
36
24
19
2
35
12
2
0
25
22
3
23
26
3
31
13
14
4
4
1
14
22
5
22
5
5
35
2
28
6
35
16
6
36
28
17
7
26
23
33
18
8
18
27
8
31
19
9
9
30
9
4
35
10
35
10
32
6
21
11
21
35
11
36
12
0
12
12
23
3
34
13
1
13
24
29
30
14
34
2
35
25
15
34
26
34
15
11
31
34
10
31
11
3
17
32
28
7
12
3
18
29
7
36
5
19
7
1
0
30
35
30
0
20
31
35
32
21
35
0
21
22
15
22
17
9
11
17
23
33
6
34
0
36
24
14
24
35
24
1
26
35
1
3
26
26
3
36
27
27
4
4
27
14
27
5
22
20
7
29
29
28
22
25
16
5
25
1
14
31
36
27
11
28
33
35
27
33
33
33
35
24
30
9
26
35
35
1
35
22
35
20
35
35
28
35
36
35
35
12
35
35
36
30
35
35
35
36
32
36
34
36
21
35
35
35
20
26
12
35
35
31
10
12
12
35
1
35
31
33
36
30
36
36
29
35
36
12
10
9
35
22
