35
31
8
15
35
32
19
23
36
33
32
21
16
18
26
32
27
34
11
1
1
1
1
0
1
20
23
2
33
2
35
29
12
12
3
36
12
3
22
1
13
2
4
27
25
16
1
20
5
14
33
2
16
27
6
33
17
3
6
36
18
7
26
31
18
8
4
18
8
0
5
9
21
4
9
29
20
10
2
10
35
29
27
36
32
0
11
3
35
28
32
35
12
2
36
23
4
5
24
33
36
3
36
14
31
27
35
15
10
27
27
10
3
29
16
29
27
34
13
17
4
17
5
8
36
1
5
35
13
35
19
30
3
36
33
20
15
7
9
7
21
15
33
36
21
1
8
11
10
9
34
11
3
35
23
35
0
24
5
12
35
24
36
13
12
19
2
3
3
12
2
22
27
15
19
17
27
17
19
1
20
28
14
3
9
20
2
5
15
5
3
17
6
18
29
36
31
33
35
33
31
3
4
33
33
21
35
0
29
31
10
28
10
35
31
4
18
35
28
35
30
35
11
35
35
36
30
36
23
36
36
35
33
36
34
36
36
36
36
35
15
35
1
35
28
3
35
36
35
35
30
29
35
32
35
5
20
36
30
35
35
17
35
36
11
34
35
