11
20
20
10
15
21
12
7
13
21
21
35
0
30
32
20
9
29
33
14
1
1
11
24
16
34
34
2
22
2
2
1
29
12
3
3
13
3
1
3
31
4
4
4
26
4
4
15
5
5
0
30
15
2
30
6
29
6
22
31
17
7
29
17
34
3
8
25
8
24
33
5
9
32
9
0
31
26
20
10
3
33
21
2
11
11
35
22
36
31
34
12
7
35
1
13
32
23
13
24
36
14
3
0
30
14
6
36
36
15
31
26
9
34
16
16
2
6
27
17
17
0
8
12
28
33
11
35
18
33
19
19
36
30
20
20
20
15
34
20
7
11
31
21
8
35
10
32
3
9
15
33
13
13
6
1
24
16
34
24
23
24
11
19
35
25
0
35
3
1
22
6
3
36
25
36
22
23
25
28
28
11
28
4
23
0
23
29
11
29
6
22
29
4
6
29
17
10
36
8
29
35
32
33
33
35
29
33
9
0
18
35
10
33
4
35
11
8
35
3
36
35
35
34
35
33
35
35
33
36
36
13
0
36
36
33
0
36
33
36
35
36
15
36
26
29
36
32
36
22
36
26
35
11
35
8
35
29
23
35
35
12
35
36
36
36
4
