24
36
7
30
21
0
7
29
13
34
31
28
17
28
9
22
22
26
22
16
1
1
19
24
11
21
24
17
2
2
1
32
19
36
3
13
3
26
13
3
36
4
21
4
30
14
14
5
15
20
5
2
32
16
6
21
16
6
17
22
7
18
7
30
22
31
1
8
35
8
0
35
35
9
19
31
5
10
20
2
10
21
3
11
22
11
0
11
31
32
12
22
36
12
31
31
23
13
34
24
7
33
14
0
36
25
11
34
25
15
1
5
16
0
11
16
3
27
3
3
35
17
33
34
36
28
36
18
19
29
3
19
19
0
36
15
30
3
0
36
21
15
31
21
7
17
6
32
22
21
32
13
12
22
33
3
22
19
8
24
24
34
2
34
20
16
25
3
13
3
26
8
20
36
36
21
20
6
1
28
5
3
0
10
2
20
0
29
1
2
6
17
31
7
30
26
30
12
36
35
35
35
36
0
35
35
34
19
35
32
23
35
32
26
35
32
36
34
35
35
13
18
2
36
22
36
7
36
34
32
36
29
24
36
24
36
0
36
36
12
34
36
36
12
6
31
35
30
20
34
32
6
14
35
18
35
2
32
28
36
31
35
0
18
36
23
27
