18
0
18
28
33
13
13
25
15
16
12
22
11
8
0
19
18
8
8
34
1
10
1
19
15
17
11
2
30
2
0
2
29
18
36
21
3
24
26
20
30
4
13
13
4
2
2
22
0
5
34
16
0
25
2
6
3
26
29
17
7
34
2
7
29
25
18
33
8
33
32
31
9
0
30
24
20
35
3
10
35
29
21
32
21
11
3
21
3
36
31
22
12
6
6
23
1
13
29
4
4
14
24
14
2
2
33
15
4
10
10
26
2
36
26
30
36
17
16
27
8
12
18
0
2
18
33
29
32
19
18
13
30
3
20
0
20
33
20
3
31
34
5
12
32
3
9
13
3
0
22
2
34
23
36
17
1
12
13
24
36
35
2
0
2
6
14
36
6
25
22
12
20
25
19
7
20
4
17
28
14
0
11
18
23
19
24
29
23
3
22
23
1
7
36
2
31
33
3
35
33
7
33
12
31
1
35
34
9
20
1
20
35
35
10
36
35
31
35
35
21
36
36
35
19
35
35
27
36
35
13
29
35
1
35
31
14
8
35
5
35
8
33
35
35
33
36
4
16
36
36
9
36
36
33
18
8
33
35
33
35
17
33
15
30
30
11
