17
20
20
34
32
15
0
7
27
32
19
15
24
21
14
16
9
33
15
9
14
1
1
10
30
21
22
2
10
11
2
2
18
12
12
3
3
25
36
12
34
28
4
14
4
1
29
5
22
5
1
5
26
26
6
6
29
16
22
31
7
22
30
7
3
35
8
18
8
1
30
26
0
28
9
3
3
33
20
35
10
4
30
30
26
11
21
5
1
6
12
12
4
31
23
7
13
3
34
5
35
14
14
35
24
2
35
15
15
15
36
26
33
16
5
11
17
5
17
27
31
17
34
5
34
18
2
34
8
0
29
4
9
19
20
20
34
30
14
0
7
8
32
31
21
21
11
35
16
14
35
23
7
23
23
1
33
6
23
34
11
13
35
35
2
10
16
35
4
35
7
3
27
27
36
26
36
27
1
22
5
13
28
1
26
26
26
8
13
2
16
3
1
7
31
30
29
32
24
6
34
34
33
36
36
33
25
9
25
3
36
35
35
20
35
6
35
33
11
35
35
1
27
26
35
35
12
2
11
35
36
36
2
35
35
14
35
27
35
35
35
34
15
35
32
35
16
25
11
17
14
17
35
35
17
33
1
7
35
35
31
35
35
36
35
34
21
