8 8 8 8 8 8 8 8 8 8 8 8 8 8 0 7 0 0 0 0 0 0 0 0 3 0 0 0 0 0 0 0 0 0 0 0 0 0 0 5
8 8 8 8 8 8 8 8 8 8 8 8 8 7 7 7 7 7 7 7 0 0 0 0 3 0 0 0 3 5 4 5 5 5 5 5 0 0 0 0
8 8 8 8 8 8 8 8 8 8 8 8 8 8 8 7 0 8 8 7 0 0 0 3 0 3 3 3 3 5 3 3 0 0 0 0 0 0 0 0
8 8 8 8 8 8 8 8 8 8 8 0 7 7 7 7 0 0 0 0 0 0 3 3 3 3 3 3 3 3 3 3 5 5 5 5 0 0 0 0
8 8 8 8 8 8 8 8 8 8 8 8 8 8 8 7 7 7 7 7 3 3 3 3 3 3 3 3 3 3 3 3 3 3 3 3 3 3 3 3
8 8 8 8 8 8 8 8 8 8 8 8 8 8 8 8 7 7 7 7 7 0 3 3 3 3 3 3 3 3 3 3 3 3 3 3 3 3 3 3
8 8 8 8 8 8 8 8 8 8 8 8 8 7 7 7 8 7 7 7 0 0 3 0 3 3 3 3 3 3 0 0 0 0 0 0 0 0 0 0
8 8 8 4 8 8 8 8 8 5 8 8 7 7 7 7 7 7 7 7 7 3 7 3 3 3 3 3 3 3 3 5 1 3 3 3 3 3 3 3
8 8 8 8 8 8 8 8 8 8 8 8 7 7 7 7 7 7 7 7 0 0 3 3 3 3 3 3 3 5 5 5 5 5 5 5 5 5 5 4
8 8 8 8 8 8 8 8 8 8 8 8 8 7 7 7 7 7 7 0 0 0 3 3 3 3 3 3 3 5 5 5 5 5 5 5 5 5 5 5
8 8 8 8 8 8 8 8 8 8 8 8 8 8 8 8 7 7 7 7 0 0 3 0 3 3 3 3 5 5 5 5 5 5 5 5 5 5 5 3
8 8 8 8 8 8 8 8 8 8 8 8 8 8 8 8 7 7 7 7 7 3 3 3 3 3 3 3 3 3 3 3 3 3 3 3 3 3 3 3
8 8 8 8 8 8 8 8 8 8 8 8 8 8 8 7 8 8 8 8 8 3 3 3 3 3 3 3 3 3 3 3 3 3 3 0 0 0 0 0
8 8 8 8 8 8 8 8 8 8 8 8 8 7 7 7 7 8 8 8 8 8 3 2 3 3 3 3 3 3 3 3 3 3 3 0 0 0 0 0
8 8 8 8 8 8 8 8 8 8 8 8 8 8 8 8 8 8 8 8 8 8 2 3 2 3 3 3 3 3 3 3 3 3 3 3 3 3 3 3
8 8 8 8 8 8 8 8 8 8 8 8 8 7 7 7 7 7 8 8 8 8 2 3 2 3 3 3 3 3 3 3 3 3 3 0 0 0 0 0
8 8 8 8 8 8 8 8 8 8 8 8 8 8 8 8 8 8 8 8 8 8 2 2 3 3 3 3 3 3 3 3 3 3 3 3 3 3 3 3
8 8 8 8 8 8 8 8 8 8 8 8 8 7 7 7 7 7 7 8 8 2 2 3 3 3 3 3 3 3 3 3 3 3 3 3 3 3 3 3
8 8 8 8 8 8 8 5 8 8 8 8 8 8 6 7 7 7 7 7 8 8 2 4 4 4 4 4 2 3 4 4 3 3 4 4 4 4 4 3
8 8 8 8 8 8 8 8 8 8 8 8 8 8 8 8 7 7 8 8 8 2 2 3 3 3 3 3 3 3 3 3 3 3 3 3 3 3 3 3
8 8 8 8 8 8 8 8 8 8 8 8 8 7 7 7 7 7 7 8 8 2 2 3 3 3 3 4 4 4 4 4 4 4 4 4 4 4 4 4
8 8 8 8 8 8 8 8 8 8 8 8 8 8 8 7 7 8 8 8 8 8 2 3 2 3 3 3 3 3 3 4 4 3 3 3 3 3 4 4
8 8 8 8 8 8 8 8 8 8 8 8 8 8 8 8 8 8 8 2 2 2 2 2 4 4 4 4 4 4 4 4 4 4 4 4 4 4 4 4
8 8 8 8 8 8 8 8 8 8 8 8 8 8 7 7 7 7 7 0 0 0 0 3 0 3 0 5 5 5 5 5 5 5 5 3 0 0 0 0
8 8 8 8 8 8 8 8 8 8 8 8 8 8 7 7 7 0 0 8 8 8 2 3 3 3 3 3 3 3 3 3 3 3 3 8 8 3 3 3
8 8 8 8 8 8 8 8 8 8 8 8 8 8 8 8 8 8 8 8 8 8 2 2 3 3 3 3 3 3 3 3 3 3 3 3 3 3 3 3
8 8 8 8 8 8 8 8 8 8 8 8 7 7 8 8 8 8 8 8 8 8 2 2 3 3 3 3 3 3 3 3 3 3 3 3 3 3 3 3
8 8 8 8 8 8 8 8 8 8 8 8 8 8 7 7 7 7 0 8 0 2 2 3 3 3 3 3 3 3 3 3 3 3 3 3 3 3 5 3
8 8 8 8 8 8 8 8 8 8 8 8 8 8 7 7 8 8 8 8 8 8 2 3 2 3 3 3 3 3 3 3 3 3 3 3 3 3 3 3
8 8 8 8 8 8 8 8 8 8 8 8 8 8 8 8 8 8 8 8 8 2 2 3 3 3 3 3 3 3 3 3 3 3 3 3 3 3 3 3
8 8 8 8 8 8 8 8 8 8 8 8 8 7 8 8 8 8 8 8 8 8 2 3 2 3 3 3 3 3 3 3 3 3 3 3 3 3 3 3
8 8 8 8 8 8 8 8 8 8 8 8 8 7 8 8 8 8 8 8 8 2 2 2 2 3 3 3 3 3 3 3 3 3 3 3 3 8 8 3
8 8 8 8 8 8 8 8 8 8 8 8 8 7 7 7 7 7 8 8 8 2 2 2 2 3 3 3 3 3 3 3 3 3 3 3 3 3 3 3
8 8 8 8 8 8 8 8 8 8 8 7 7 7 7 7 7 7 7 8 8 2 2 3 2 2 3 3 3 3 3 3 3 3 3 3 3 3 3 3
8 8 8 8 8 8 8 8 8 8 8 8 8 8 8 8 8 8 8 8 8 2 2 2 2 3 3 3 3 3 3 3 3 3 3 3 3 8 8 3
8 8 8 8 8 8 8 8 8 8 8 8 8 7 7 7 7 7 7 8 8 2 2 3 3 3 3 3 3 3 3 3 3 3 3 3 3 3 3 3
8 8 8 8 8 8 8 8 8 8 8 8 8 8 7 7 8 8 8 8 8 8 2 2 3 3 3 3 3 3 3 3 3 3 3 3 3 3 3 8
8 8 8 8 8 8 8 8 8 8 8 8 8 8 8 8 8 8 8 8 8 8 2 3 2 3 3 3 3 3 3 3 3 3 3 3 8 8 3 3
8 8 8 8 8 8 8 8 8 8 8 8 8 7 7 8 8 8 8 8 8 8 2 3 2 3 3 3 3 3 3 3 3 3 3 3 8 8 3 3
8 8 8 8 8 8 8 8 8 8 8 8 8 7 7 7 7 7 8 8 8 8 2 3 3 2 3 3 3 3 3 3 3 3 3 3 8 8 3 3
8 8 8 8 8 8 8 8 8 8 8 8 8 8 7 7 8 8 8 8 8 8 2 2 3 3 3 3 3 3 3 4 4 4 4 4 8 8 3 3
8 8 8 8 8 8 8 8 8 8 8 8 8 8 7 7 8 8 8 8 8 2 2 3 3 3 3 3 3 3 3 3 3 3 3 4 4 8 5 5
8 8 8 8 8 8 8 8 8 8 8 8 8 8 8 8 8 8 8 8 2 2 2 2 3 3 3 3 3 3 3 4 3 3 3 3 3 8 2 2
8 8 8 8 8 8 8 8 8 8 8 7 7 7 7 7 7 7 7 8 8 2 2 3 3 3 3 3 3 3 3 3 3 3 3 3 3 3 3 3
8 8 8 8 8 8 8 8 8 8 8 8 8 8 8 8 8 8 8 8 8 8 2 3 2 3 3 3 3 3 3 4 3 3 3 3 3 8 5 5
8 8 8 8 8 8 8 8 8 8 8 8 8 8 8 0 8 8 8 0 8 2 2 3 3 3 3 3 3 4 3 4 4 4 4 4 4 4 4 8
8 8 8 8 5 8 8 8 8 8 8 8 0 0 7 7 7 7 7 7 0 2 2 3 3 3 3 3 3 3 3 5 3 3 3 3 3 3 3 8
8 8 8 8 8 8 7 8 8 8 8 8 8 8 8 8 8 8 8 8 8 2 2 3 3 4 4 4 4 4 4 4 4 4 4 4 4 4 4 8
8 8 8 8 8 8 8 8 8 8 8 8 8 8 7 7 7 7 7 8 8 2 2 3 3 3 3 3 3 3 4 4 4 4 4 4 4 4 4 4
8 8 8 8 8 8 8 8 8 8 8 8 8 8 7 7 7 7 7 8 8 2 2 3 3 3 3 3 3 3 3 3 3 3 3 3 3 3 8 5
8 8 8 8 8 8 8 8 8 8 8 8 8 8 8 8 8 8 8 8 8 8 2 3 2 3 3 3 3 3 3 3 3 3 3 3 4 3 3 3
8 8 8 8 8 8 8 8 8 8 8 8 8 8 7 7 7 7 7 8 2 8 2 3 3 3 3 3 3 3 3 3 3 3 3 0 0 0 0 0
8 8 8 8 8 8 8 8 8 8 8 8 8 8 8 8 8 8 8 8 8 2 2 3 3 3 3 3 3 3 3 3 3 3 3 8 8 4 3 3
8 8 8 8 8 8 8 8 8 8 8 8 8 8 7 7 7 7 0 0 0 2 2 3 3 3 3 3 3 3 3 3 3 3 3 3 3 3 8 8
8 8 8 8 8 4 8 8 8 8 8 8 8 8 8 8 8 8 8 8 8 2 2 3 3 3 3 3 3 3 4 4 4 4 4 4 4 8 8 3
8 8 8 8 8 8 8 8 8 8 8 8 8 8 8 7 7 7 7 7 8 2 2 3 3 3 3 3 3 3 3 3 3 3 3 3 3 0 3 8
8 8 8 8 8 8 8 8 8 8 8 7 7 7 7 7 7 7 0 0 8 0 2 3 2 3 3 3 3 3 3 4 4 4 4 4 4 8 8 4
8 8 8 8 8 8 8 8 8 8 8 8 8 8 7 7 7 7 7 7 2 2 3 3 3 3 3 3 3 3 3 3 3 3 3 3 3 3 3 8
8 8 8 8 8 8 8 8 8 8 8 8 8 8 8 7 7 7 7 7 2 8 2 3 3 3 3 3 3 3 3 3 3 3 3 8 5 5 5 5
8 8 0 8 8 8 8 8 8 8 8 8 8 8 8 7 7 7 7 7 2 8 2 3 3 3 3 3 3 3 3 3 3 3 3 5 5 3 5 5
8 8 8 8 8 8 8 8 8 8 8 8 8 8 8 8 8 8 8 8 8 8 2 3 2 3 3 3 3 3 3 3 3 3 3 3 8 8 3 3
8 8 8 8 8 4 8 8 8 8 8 8 8 8 8 8 8 8 8 8 8 2 2 3 3 3 3 3 3 3 4 3 3 3 3 3 4 8 8 3
8 8 8 8 8 8 8 8 8 8 8 8 8 8 7 8 8 8 8 8 8 2 2 3 3 3 3 3 3 3 3 3 3 4 4 4 4 4 4 4
8 8 8 8 8 8 8 8 8 8 8 8 8 8 7 7 7 7 7 7 2 2 3 3 3 3 3 3 3 3 3 3 3 3 4 4 4 4 4 4
8 8 8 8 8 8 8 8 8 8 8 8 8 8 7 8 8 8 8 8 2 8 2 3 3 3 3 3 3 3 4 4 4 4 4 0 0 0 0 0
8 8 8 8 8 8 8 8 8 8 8 8 8 8 8 7 7 8 8 8 8 2 2 3 3 4 4 4 4 4 4 4 4 4 4 4 8 5 5 5
8 8 8 8 8 8 8 8 8 8 8 8 8 8 8 8 8 8 8 8 8 2 2 3 3 3 3 3 3 3 3 3 3 3 3 4 3 3 3 8
8 8 8 8 8 8 8 8 8 8 8 8 8 8 0 0 8 8 8 8 8 2 3 3 3 3 3 3 3 3 3 3 3 3 8 8 3 3 3 3
8 8 8 8 8 8 8 8 8 8 8 8 8 0 0 0 7 7 7 7 7 2 2 3 3 3 3 3 3 3 3 3 3 3 3 3 3 3 8 3
8 8 8 8 8 8 8 8 8 8 8 8 8 8 8 8 7 7 7 7 7 7 3 7 3 8 3 3 5 3 3 5 5 5 5 5 4 4 4 4
8 8 8 8 8 8 0 0 0 0 0 0 0 0 0 8 8 8 2 2 2 8 8 3 2 2 2 3 3 3 4 2 2 2 8 8 3 3 2 2
8 8 8 8 8 8 7 7 7 7 7 8 8 8 8 8 8 8 2 2 2 8 8 3 2 2 2 3 3 3 3 2 2 2 8 8 2 2 2 2
