11 11 11 11 11 12 12 12 12 5 12 12 12 1 1 1 1 12 12 12 12 3 3 12 12 12 12 12 12 11 5 5 11 5 2 2 2 2 2 2 2 2 2 2 2 2 1 1 6 6 8 8 8 8 8 8 8 8 10 5
11 11 11 11 11 11 12 12 12 12 12 12 12 1 12 1 12 12 12 12 12 12 2 3 3 3 3 2 11 12 2 11 2 5 5 1 2 2 2 2 6 2 1 1 1 1 1 5 5 6 6 6 6 2 10 10 10 10 10 10
11 11 11 11 11 12 12 12 12 12 12 12 12 1 12 1 12 12 12 12 12 12 12 3 12 3 2 2 11 2 2 12 5 5 2 2 2 2 2 2 2 2 2 2 2 2 2 6 6 8 8 8 8 1 1 1 8 10 10 5
11 11 11 11 11 11 12 12 7 12 12 12 12 1 12 1 12 12 12 12 12 12 2 3 3 3 3 2 11 12 2 2 5 5 1 2 2 2 2 2 2 2 2 2 2 2 2 2 5 5 6 6 6 6 6 6 6 8 10 10
11 11 11 11 11 12 12 12 12 12 12 12 12 1 1 12 12 12 12 12 12 12 12 12 3 11 11 11 11 2 2 5 5 5 12 5 2 2 2 2 2 2 2 2 6 2 2 6 6 6 6 6 6 2 10 4 10 4 6 10
11 11 11 11 11 12 12 12 12 12 12 12 12 1 1 7 1 12 12 12 12 12 3 3 2 3 2 10 2 2 5 5 1 1 1 12 2 2 2 3 3 1 1 1 4 1 1 1 6 6 10 6 6 2 8 8 10 10 6 6
11 11 11 11 11 12 12 12 12 12 12 12 12 1 12 12 12 12 12 9 12 12 12 3 12 11 11 3 11 11 2 5 5 5 5 5 5 2 2 2 7 7 1 1 1 1 1 7 7 6 6 8 8 8 8 10 10 8 8 6
11 11 11 11 11 11 12 12 12 12 12 12 12 1 1 12 12 12 12 12 12 12 12 2 3 2 11 11 11 11 2 2 5 1 5 12 5 5 2 2 2 2 2 2 2 2 2 2 1 1 5 5 1 1 1 1 1 6 6 6
11 11 11 11 11 11 12 12 12 12 12 12 12 12 1 12 12 12 12 12 12 12 2 3 3 3 3 1 2 11 12 2 2 5 5 2 2 2 2 2 2 2 2 2 2 1 6 2 2 2 6 6 6 8 10 10 6 6 8 8
11 11 11 11 11 11 12 12 12 12 12 12 12 1 12 1 12 12 12 12 12 2 2 2 2 3 2 11 11 11 11 2 5 5 5 12 5 2 2 2 2 2 2 5 5 5 5 5 5 5 5 5 5 5 1 1 1 6 6 6
