0 0 0 0 0 0 0 0 0 0 0 0 10 0 0 0 0 9 9 9 9 2 2 3 3 3 3 3 3 3 3 3 3 3 12 3 3 3 3 3 3 3 3 3 3 3 3 3 3 3 3 3 3 3 3 3 3 3 3 4
0 0 0 0 0 0 0 0 0 0 0 0 0 0 1 0 0 0 9 9 9 9 2 2 3 2 3 3 3 3 3 3 3 3 3 3 3 3 3 3 3 3 3 3 3 3 3 3 3 3 3 3 3 3 3 3 3 3 3 3
0 0 0 0 0 0 0 0 0 0 0 0 0 0 1 0 0 0 0 9 9 12 12 12 12 12 11 3 11 11 11 3 3 3 3 3 3 3 3 3 3 3 3 3 3 3 3 3 3 3 3 3 3 3 3 3 3 7 3 3
0 0 0 0 0 0 0 0 0 0 0 0 0 0 0 0 0 9 9 9 9 12 12 3 12 12 12 11 11 3 11 11 3 3 3 3 3 3 3 3 3 3 3 3 3 3 3 3 3 3 3 3 3 3 3 3 3 3 3 3
0 0 0 0 0 0 0 0 0 0 0 0 0 1 0 0 0 0 9 9 9 9 12 12 12 11 3 12 11 11 11 3 3 3 3 3 3 3 3 3 3 3 3 3 3 3 3 3 3 3 3 3 3 3 3 3 3 3 3 3
0 0 0 0 0 0 0 0 0 0 0 0 0 0 11 0 0 9 9 2 9 9 9 2 2 2 2 3 3 3 11 3 3 3 3 3 3 3 3 3 3 3 3 3 3 3 3 3 3 3 3 3 3 3 3 3 3 3 3 3
0 0 0 0 0 0 0 0 0 0 0 0 0 0 1 0 0 0 9 9 9 9 2 2 3 2 3 3 3 3 3 3 3 3 3 3 3 4 3 3 4 3 3 3 3 3 3 3 3 3 3 3 3 3 3 3 3 3 3 3
0 0 0 0 0 0 0 0 0 0 0 0 0 0 0 0 9 9 9 9 2 2 3 3 3 3 3 3 3 3 3 3 3 3 3 3 4 4 4 4 4 4 4 4 12 4 10 11 0 12 4 11 2 3 2 2 3 3 11 2
0 0 0 0 0 0 0 0 0 0 0 0 0 0 0 0 9 9 9 9 9 2 3 3 3 3 3 3 3 3 3 3 3 12 3 3 3 3 3 4 4 4 4 4 4 4 4 6 7 7 7 7 7 4 4 7 3 3 3 3
0 0 0 0 7 0 0 0 0 0 0 0 0 0 0 0 9 9 9 9 9 2 2 3 3 3 3 3 3 3 3 3 3 12 3 3 3 3 4 4 4 1 1 4 4 4 4 4 3 12 11 11 7 7 7 3 3 2 2 2
