9
9
13
12
10
21
9
13
19
13
13
22
16
8
23
13
16
19
23
1
1
1
11
1
17
11
10
2
2
2
11
2
11
1
3
3
3
12
3
12
12
1
4
4
13
20
2
13
5
5
14
5
18
3
23
6
6
15
20
1
7
16
18
7
16
17
8
5
8
17
2
17
23
9
9
18
23
1
4
10
23
10
19
10
20
24
8
11
20
9
9
5
12
10
21
9
13
11
13
13
22
13
6
5
13
11
14
23
1
23
4
13
1
5
24
16
24
24
13
0
2
13
1
3
17
0
10
9
9
19
19
13
4
19
19
12
13
5
24
23
23
23
19
23
23
23
23
23
21
23
23
23
21
23
23
23
20
23
23
23
23
23
23
23
23
23
23
23
23
23
21
23
23
23
21
8
24
20
21
