18
9
54
23
12
55
12
31
35
31
56
42
1
1
1
1
2
2
2
34
13
3
3
3
14
4
4
4
4
5
5
5
17
6
6
6
7
7
21
7
20
8
8
8
9
9
9
22
10
22
23
11
11
11
12
24
12
12
13
13
28
14
26
3
14
15
28
15
15
16
16
16
30
17
31
30
18
30
32
2
19
20
36
20
20
36
34
33
22
63
22
22
23
36
23
24
37
24
24
14
38
25
39
38
27
26
45
27
43
28
54
44
43
28
30
42
43
30
30
31
25
32
31
46
32
47
32
46
33
48
34
47
53
34
50
51
50
36
53
37
53
52
38
51
38
33
39
54
40
34
55
41
56
34
31
56
42
57
16
57
59
34
61
45
44
62
46
61
20
5
18
34
31
4
47
62
63
64
35
63
50
49
36
28
51
64
45
52
0
30
45
9
42
40
22
48
27
31
64
64
64
12
32
13
63
59
63
26
59
63
13
36
60
64
63
63
63
63
63
64
64
64
63
63
63
63
64
64
9
64
64
34
56
63
63
61
55
59
36
63
17
63
63
59
23
38
61
63
63
63
57
57
63
64
63
63
64
57
55
59
42
55
30
62
57
62
35
59
62
61
47
26
35
61
48
61
50
53
34
63
51
63
30
62
63
53
31
20
51
38
