11 11 11 11 11 11 11 11 10 10 10 10 10 10 10 10 10 10 10 10 10 10 10 10 10 8 10 10 10 10 10 10 10 10 10 7 8 11 11 11 7 7 7 6 6 7 7 7 7 7 8 8 8 8 8 10 11 10 7 7 10 10 10 10 10 10 10 10 10 10 10 10 11 11 11 12 12 12 12 10
11 11 11 11 11 11 11 11 10 10 10 1 10 10 10 10 10 10 10 10 10 10 10 10 10 10 10 8 10 10 10 10 10 10 7 11 11 11 11 11 10 6 7 6 7 7 6 6 7 7 10 11 6 6 10 10 10 10 10 10 10 10 10 10 10 11 11 11 11 6 9 9 9 9 9 10 10 10 10 10
9 11 11 11 11 11 11 11 10 10 10 10 10 10 10 10 10 10 10 10 10 10 10 10 10 8 10 10 10 10 10 10 10 10 10 7 11 11 11 11 11 11 11 15 15 15 10 10 10 11 10 6 6 6 6 6 6 6 10 10 11 11 11 10 10 10 10 10 10 10 10 10 10 10 10 10 10 10 10 10
11 11 11 11 11 11 11 11 10 10 10 10 10 10 10 10 10 10 10 10 10 10 10 10 10 8 10 10 10 10 10 10 10 10 10 7 11 11 11 11 11 11 11 15 15 15 10 10 10 10 10 10 6 10 6 6 6 6 13 10 10 10 10 10 10 10 10 10 10 10 10 10 6 6 6 10 7 6 9 9
11 11 11 11 11 11 11 11 10 10 10 10 10 10 10 10 10 10 10 10 10 10 10 10 10 8 10 10 10 7 11 11 11 11 10 10 10 10 10 6 6 6 6 6 10 4 10 4 6 6 6 6 6 10 6 6 10 10 10 10 10 10 10 10 10 10 7 7 6 6 6 6 6 6 6 6 10 10 10 10
11 11 11 11 11 11 11 11 10 10 10 10 10 0 10 10 10 10 10 10 10 10 10 10 10 8 10 10 10 10 10 10 10 10 7 11 11 11 11 11 11 11 15 15 15 10 6 6 6 6 6 6 6 6 10 10 10 6 6 11 10 10 10 10 10 10 10 10 10 10 10 10 10 10 10 10 10 7 10 10
11 11 11 11 11 11 11 11 10 10 10 10 10 10 10 10 10 10 10 10 10 9 10 10 8 10 10 10 10 10 10 8 10 10 7 11 11 11 11 10 11 11 6 7 7 7 13 7 10 10 7 10 14 14 14 11 14 14 10 10 10 10 10 10 10 10 10 10 10 10 10 10 10 10 10 10 10 3 10 10
11 11 11 11 11 11 11 11 10 10 10 10 10 10 10 3 10 10 10 10 10 10 10 5 10 10 10 10 10 10 2 10 10 10 10 7 7 7 7 7 7 7 7 7 10 10 10 10 10 10 10 10 7 7 7 7 7 7 7 7 7 7 7 7 7 7 12 12 3 11 11 11 11 11 10 10 10 10 10 10
11 11 11 11 11 11 11 11 10 10 10 10 10 10 10 10 10 10 10 10 10 10 10 10 10 8 10 10 10 10 10 10 10 10 10 7 11 11 11 11 11 11 11 15 15 15 6 7 7 6 6 10 10 10 6 6 6 6 6 11 0 0 10 10 10 10 10 10 10 10 10 10 10 10 10 6 10 10 10 10
11 11 11 11 11 11 11 11 10 10 10 10 10 10 10 10 10 10 10 10 10 10 10 10 10 8 10 10 10 10 10 10 10 10 10 7 11 11 11 11 11 4 12 15 15 6 7 7 6 6 10 10 10 10 10 10 10 10 10 10 10 10 11 11 11 11 11 11 11 11 10 10 10 10 10 10 10 10 10 6
