# Results obtained using DQN. CPU time: 21.476206064224243
0.01419611  70.00000000  0.00599516  80.00000000  2243.71784307  0.00000000
0.03092361  63.00000000  0.00607781  80.00000000  2236.73922534  0.00000000
0.01018779  78.00000000  0.01018779  80.00000000  3093.17626020  0.00000000
0.00072702  67.00000000  0.00007736  80.00000000  1348.72578723  0.00000000
0.00258180  78.00000000  0.00258180  80.00000000  2920.26954518  0.00000000
0.00162256  78.00000000  0.00162256  80.00000000  1839.51067821  0.00000000
0.00774521  76.00000000  0.00745439  80.00000000  2326.73834468  0.80655390
0.02680604  68.00000000  0.02285457  80.00000000  3857.07763003  0.99000000
0.03744479  69.00000000  0.00125785  80.00000000  3857.11958131  0.99000000
0.11479378  70.00000000  0.01751173  80.00000000  3859.98164214  0.99000000
0.02680659  68.00000000  0.02285367  80.00000000  3857.07861998  0.99000000
0.00210634  74.00000000  0.00137414  80.00000000  3854.51042733  0.99000000
0.02680604  68.00000000  0.02285457  80.00000000  3857.07763003  0.99000000
0.02261568  68.00000000  0.01404819  80.00000000  3857.06611813  0.99000000
0.02680603  68.00000000  0.02285457  80.00000000  3857.07762999  0.99000000
0.02680604  68.00000000  0.02285457  80.00000000  3857.07763003  0.99000000
0.02680604  68.00000000  0.02285457  80.00000000  3857.07763003  0.99000000
0.02680604  68.00000000  0.02285457  80.00000000  3857.07763003  0.99000000
0.02680604  68.00000000  0.02285457  80.00000000  3857.07763003  0.99000000
0.02680604  68.00000000  0.02285512  80.00000000  3857.07780750  0.99000000
0.02680604  68.00000000  0.02285457  80.00000000  3857.07763003  0.99000000
0.18817438  78.00000000  0.18817438  80.00000000  3857.83986874  0.99000000
0.02680604  68.00000000  0.02285457  80.00000000  3857.07763003  0.99000000
0.02680604  68.00000000  0.02285457  80.00000000  3857.07763003  0.99000000
0.02680604  68.00000000  0.02285457  80.00000000  3857.07763003  0.99000000
0.02680608  68.00000000  0.02167265  80.00000000  3857.07712171  0.99000000
0.02680604  68.00000000  0.02285457  80.00000000  3857.07763003  0.99000000
0.03127045  78.00000000  0.03127045  80.00000000  3857.02611466  0.99000000
0.02680051  68.00000000  0.02284942  80.00000000  3857.07987007  0.99000000
0.02680604  68.00000000  0.02285457  80.00000000  3857.07763003  0.99000000
0.02680604  68.00000000  0.02285457  80.00000000  3857.07763003  0.99000000
0.02680604  68.00000000  0.02285457  80.00000000  3857.07763003  0.99000000
0.02680604  68.00000000  0.02285457  80.00000000  3857.07763003  0.99000000
0.00255929  78.00000000  0.00255929  80.00000000  3786.55546194  0.99000000
0.02727721  78.00000000  0.02727721  80.00000000  3857.04108898  0.99000000
0.02187295  78.00000000  0.02187295  80.00000000  3857.03721013  0.99000000
0.00020135  68.00000000  0.00000938  80.00000000  3837.30885321  0.99000000
0.02680604  68.00000000  0.02285457  80.00000000  3857.07763003  0.99000000
0.02680604  68.00000000  0.02229465  80.00000000  3857.07615755  0.99000000
0.02680604  68.00000000  0.02285457  80.00000000  3857.07763003  0.99000000
0.02680604  68.00000000  0.02285456  80.00000000  3857.07772223  0.99000000
0.00774269  69.00000000  0.00088456  80.00000000  3856.16977063  0.99000000
0.02680604  68.00000000  0.02285457  80.00000000  3857.07763003  0.99000000
0.02680604  68.00000000  0.02285452  80.00000000  3857.07763340  0.99000000
0.00052406  78.00000000  0.00052406  80.00000000  3817.47438931  0.99000000
0.02680604  68.00000000  0.02285457  80.00000000  3857.07763003  0.99000000
0.02680604  68.00000000  0.02285457  80.00000000  3857.07763003  0.99000000
0.02680604  68.00000000  0.02285457  80.00000000  3857.07763003  0.99000000
0.02680604  68.00000000  0.02285457  80.00000000  3857.07763003  0.99000000
0.00022448  63.00000000  0.00013029  80.00000000  3558.65476776  0.99000000
0.02680604  68.00000000  0.02285457  80.00000000  3857.07763003  0.99000000
0.02680604  68.00000000  0.02285457  80.00000000  3857.07763003  0.99000000
0.02680604  68.00000000  0.02285457  80.00000000  3857.07763003  0.99000000
0.02680604  68.00000000  0.02285457  80.00000000  3857.07763003  0.99000000
0.02844822  69.00000000  0.00995414  80.00000000  3857.08206649  0.99000000
0.03784736  66.00000000  0.00021009  80.00000000  3680.63860263  0.99000000
0.02680604  68.00000000  0.02285457  80.00000000  3857.07763003  0.99000000
0.00249173  78.00000000  0.00249173  80.00000000  3863.87735084  0.99000000
0.04289411  72.00000000  0.02674949  80.00000000  3845.63241334  0.99000000
0.02406069  78.00000000  0.02406069  80.00000000  3857.02158404  0.99000000
0.02680604  68.00000000  0.02285457  80.00000000  3857.07763003  0.99000000
0.02680604  68.00000000  0.02285457  80.00000000  3857.07763003  0.99000000
0.03084622  78.00000000  0.03084622  80.00000000  3857.08682892  0.99000000
0.09796933  69.00000000  0.00288004  80.00000000  3862.65514330  0.99000000
0.06102720  71.00000000  0.02743194  80.00000000  3808.13696811  0.99000000
0.00956089  69.00000000  0.00130083  80.00000000  3858.04638377  0.99000000
0.02680604  68.00000000  0.02285457  80.00000000  3857.07763003  0.99000000
0.19088275  78.00000000  0.19088275  80.00000000  3760.10428326  0.99000000
0.02580033  67.00000000  0.02024947  80.00000000  3857.05741990  0.99000000
0.02680287  68.00000000  0.02260493  80.00000000  3857.22483638  0.99000000
0.02680604  68.00000000  0.02285457  80.00000000  3857.07763003  0.99000000
0.05492538  69.00000000  0.01357002  80.00000000  3857.32845213  0.99000000
0.02680475  68.00000000  0.02170499  80.00000000  3857.07617674  0.99000000
0.00010734  77.00000000  0.00010648  80.00000000  2225.16605724  0.99000000
0.02680604  68.00000000  0.02285457  80.00000000  3857.07763003  0.99000000
0.02680604  68.00000000  0.02285457  80.00000000  3857.07763003  0.99000000
0.02680604  68.00000000  0.02285457  80.00000000  3857.07763003  0.99000000
0.02680604  68.00000000  0.02278106  80.00000000  3857.07781717  0.99000000
0.01901258  78.00000000  0.01901258  80.00000000  3857.02909461  0.99000000
0.02680604  68.00000000  0.02285457  80.00000000  3857.07763003  0.99000000
0.02680604  68.00000000  0.02285457  80.00000000  3857.07763003  0.99000000
0.02680604  68.00000000  0.02285457  80.00000000  3857.07763003  0.99000000
0.02680604  68.00000000  0.02285457  80.00000000  3857.07763003  0.99000000
0.04007754  65.00000000  0.00194111  80.00000000  3162.80317958  0.99000000
0.12980538  73.00000000  0.05364293  80.00000000  3861.82231970  0.99000000
0.02680604  68.00000000  0.02285457  80.00000000  3857.07763003  0.99000000
0.02680604  68.00000000  0.00682735  80.00000000  3857.07215149  0.99000000
0.02680604  68.00000000  0.02285457  80.00000000  3857.07763003  0.99000000
0.02680604  68.00000000  0.02284762  80.00000000  3857.07770330  0.99000000
0.02680604  68.00000000  0.02285457  80.00000000  3857.07763003  0.99000000
0.02680604  68.00000000  0.02285457  80.00000000  3857.07763003  0.99000000
0.02680509  68.00000000  0.02260787  80.00000000  3857.22522977  0.99000000
0.00830523  65.00000000  0.00129394  80.00000000  3745.51070636  0.99000000
0.02680604  68.00000000  0.02285512  80.00000000  3857.07767478  0.99000000
0.03793536  75.00000000  0.02817225  80.00000000  3857.18262943  0.99000000
0.02680604  68.00000000  0.02285512  80.00000000  3857.07767478  0.99000000
0.02680604  68.00000000  0.02285457  80.00000000  3857.07763003  0.99000000
0.02680604  68.00000000  0.02285457  80.00000000  3857.07763003  0.99000000
0.02680604  68.00000000  0.02285457  80.00000000  3857.07763003  0.99000000
0.02680604  68.00000000  0.02285457  80.00000000  3857.07763003  0.99000000
0.02680604  68.00000000  0.02285457  80.00000000  3857.07763003  0.99000000
