0 0 0 0 0 0 0 0 0 0 27 0 1 1 1 1 1 2 2 2 2 2 1 2 3 3 3 1 4 4 4 4 4 4 4 4 1 1 1 1 1 6 6 6 6 6 1 1 1 1 1 4 4 4 4 28 4 4 4 4 4 6 6 6 6 6 6 6 6 6 6 4 4 4 4 4 1 1 1 1 1 1 1 1 1 1 1 1 1 1 1 1 1 1 1 1 1 1 1 1 1 4 32 4 4 4 1 1 1 1 1 1 1 1 1 1 1 1 1 1 1 1 1 1 1 1 5 0 0 0 0 0 0 0 0 0 0 0 0 0 0 0 0 0 0 0 0 0 0 0 0 1 1 1 1 1 0 0 0 0
0 0 0 0 0 0 0 0 0 0 0 0 0 1 1 1 1 1 1 1 1 3 3 3 3 3 3 3 3 3 3 3 3 3 3 3 0 0 0 0 0 0 0 0 0 0 0 0 0 0 0 2 2 2 2 11 2 2 2 2 2 2 2 2 2 2 0 0 0 0 0 2 2 2 2 2 2 2 2 2 2 2 2 2 2 2 2 2 2 2 2 2 2 2 2 30 7 7 7 7 7 0 0 0 0 0 8 8 8 8 8 7 7 7 7 7 0 0 0 0 0 0 0 0 0 0 0 0 0 0 0 0 0 0 0 0 0 0 0 0 16 2 2 2 2 2 6 6 6 6 6 6 6 6 6 6 6 6 5 22
0 0 0 0 0 0 0 0 0 0 0 0 0 0 1 1 1 1 0 3 3 3 3 3 0 0 2 2 2 2 2 2 2 2 2 0 0 0 0 0 0 0 0 0 0 0 0 0 0 0 0 3 3 3 3 3 0 0 0 0 0 12 0 0 0 0 0 0 0 0 0 0 0 0 0 0 4 4 4 4 4 3 3 3 3 3 0 0 0 0 0 3 3 30 3 3 3 3 3 3 3 3 3 3 3 3 3 3 3 3 3 0 0 0 0 0 4 4 4 4 4 0 0 0 0 0 4 4 4 4 4 4 4 4 4 4 4 4 4 4 4 3 3 3 3 3 4 4 4 4 4 4 4 4 29 4 4 4 4 4
0 0 0 0 0 0 0 0 0 0 0 0 1 1 1 1 1 1 1 2 2 2 2 2 2 2 4 4 4 4 4 4 4 4 4 4 4 6 6 6 6 6 6 6 6 6 1 1 1 1 1 1 1 1 1 1 1 1 1 1 1 1 1 1 1 1 1 1 1 1 1 7 7 7 7 7 7 7 7 7 7 7 7 7 7 28 3 3 3 3 3 7 7 7 7 7 3 3 3 3 3 1 1 1 1 1 3 3 3 3 3 3 3 3 3 3 25 26 3 3 3 3 3 3 3 3 1 1 1 1 1 1 1 1 1 1 1 1 1 1 1 3 3 3 3 3 2 2 2 2 2 6 6 6 6 6 6 6 6 6
0 0 0 0 0 0 0 0 0 0 0 0 0 0 0 0 2 2 2 2 2 3 3 3 2 2 0 0 0 0 2 5 5 3 3 5 4 4 4 4 4 4 5 5 5 5 5 5 5 5 5 5 5 5 5 5 5 5 5 5 5 32 32 32 32 32 5 5 5 7 5 5 5 5 5 5 30 30 30 30 30 30 30 30 30 30 30 30 30 30 30 30 30 30 30 30 19 19 18 19 19 32 32 32 32 32 17 17 17 17 17 17 17 17 17 17 12 12 12 12 12 12 12 17 32 32 5 5 5 5 5 32 5 5 5 5 12 12 12 12 12 12 12 12 12 12 9 9 9 10 9 12 12 12 12 12 9 9 9 9
0 0 0 0 0 0 0 0 0 0 0 0 1 1 1 1 1 1 2 2 2 2 3 3 3 2 0 0 0 0 0 2 2 2 2 2 0 0 0 0 0 2 2 2 2 2 9 9 9 9 9 9 9 9 9 9 9 9 9 9 9 9 9 9 9 9 3 3 3 3 3 1 1 1 1 1 1 1 1 1 1 1 1 1 1 1 1 1 1 29 1 7 7 7 7 7 7 7 7 7 7 7 7 7 7 7 7 7 7 7 7 7 7 7 7 7 4 4 4 4 4 7 7 7 7 7 4 4 4 4 4 7 7 7 7 7 1 1 1 1 1 7 7 7 7 7 1 1 1 1 1 1 1 1 1 1 1 1 1 1
0 0 0 0 0 0 0 0 0 0 0 0 0 1 1 1 1 2 1 1 1 0 3 3 3 3 3 3 3 3 3 3 3 3 3 3 3 3 3 3 3 3 1 1 1 1 3 3 3 3 3 3 3 3 3 11 0 0 0 0 0 0 0 0 0 0 0 0 0 0 0 3 3 3 3 3 3 3 3 3 3 1 1 1 1 1 1 1 1 1 1 1 1 1 1 1 1 1 1 1 1 1 1 32 1 1 1 1 1 1 1 1 1 1 1 1 1 1 1 1 1 1 1 1 1 1 8 8 8 8 8 8 8 8 8 8 8 8 8 8 8 8 8 8 8 8 8 8 8 8 8 1 1 1 1 1 1 1 1 1
0 0 0 0 0 0 0 0 0 0 0 0 1 1 1 0 0 0 2 2 2 0 1 1 1 1 12 12 12 12 12 12 3 2 5 5 5 5 2 5 5 26 26 1 1 1 26 26 26 26 26 26 26 26 26 26 12 12 12 12 12 12 12 12 12 12 12 12 12 12 10 12 12 12 12 12 17 17 17 17 17 17 17 17 17 17 17 17 17 17 17 17 17 17 29 17 17 17 17 17 17 17 17 17 17 17 32 32 32 32 32 19 19 19 19 19 19 19 19 19 19 19 19 19 19 19 19 19 19 19 19 19 19 19 19 19 19 19 19 19 19 19 19 19 19 19 22 22 22 22 22 22 22 19 19 19 19 19 19 5
0 0 0 0 0 0 0 0 0 0 0 0 0 0 0 0 0 0 0 2 2 3 3 3 3 3 3 3 3 3 3 3 3 3 2 27 2 2 2 2 2 2 2 2 2 2 2 2 2 2 2 2 2 2 2 2 2 2 2 2 2 2 2 2 2 2 2 2 2 2 2 2 2 2 2 2 3 3 3 3 3 3 3 3 3 9 2 2 2 10 2 3 3 31 3 30 3 3 3 3 3 2 2 2 2 2 2 2 2 2 2 2 2 2 2 2 2 2 2 2 2 2 2 2 2 2 0 0 0 0 0 2 2 2 2 2 2 2 2 2 2 2 2 2 2 2 2 2 2 2 2 2 2 2 2 2 2 2 2 2
0 0 0 0 0 0 0 0 0 0 0 0 1 1 1 1 1 2 2 2 2 3 3 3 3 3 1 1 1 1 1 3 3 3 1 1 1 1 1 1 1 1 0 0 0 0 0 0 0 0 0 0 0 0 0 0 4 4 4 4 4 4 4 4 4 4 4 4 4 4 4 4 4 4 4 4 4 4 10 4 4 4 4 4 4 4 4 4 4 4 30 30 30 30 30 30 30 30 4 4 4 4 4 4 4 4 4 4 4 4 4 4 4 4 4 4 1 1 1 1 1 1 1 1 1 1 1 1 1 1 1 1 1 1 1 1 1 1 1 1 1 1 1 1 1 1 1 1 1 4 12 12 12 12 12 12 12 12 12 12
