9 6 8 8 8 8 6 6 6 6 6 8 1 1 1 1 1 8 8 8 2 10 10 11 11 3 3 3 12 12 12 12 12 12 12 12 5 12 5 3 3 3 0 0 0 6 6 6 6 6 2 1 4 4 4 4 1 1 3 3
0 3 11 11 5 5 9 9 9 9 0 6 6 1 1 1 1 1 1 1 9 9 9 9 9 1 1 4 4 4 4 12 12 12 12 6 6 7 7 7 7 7 7 7 7 7 7 7 6 6 6 0 0 1 2 2 2 2 2 2
12 3 0 0 0 0 8 11 11 8 8 9 9 1 1 1 1 1 1 2 2 1 3 3 3 3 3 12 12 3 2 2 2 2 6 6 6 6 6 6 6 12 12 12 12 12 6 6 6 8 6 6 12 6 6 6 12 12 12 12
4 4 4 4 4 10 12 12 12 5 9 7 7 7 10 11 9 9 9 9 9 3 3 3 10 4 4 4 4 4 12 12 12 12 12 12 12 6 6 6 6 3 1 1 1 1 1 1 6 7 10 6 6 6 6 1 1 1 1 1
2 0 0 0 0 0 0 0 0 0 0 7 7 7 7 7 1 0 2 2 2 0 0 3 3 3 3 3 3 3 12 12 12 12 12 2 12 12 12 2 2 4 4 4 4 4 7 7 7 7 7 4 4 4 12 12 4 4 4 4
11 8 8 8 8 8 11 11 11 11 11 8 8 8 1 8 11 11 11 11 11 11 11 11 3 10 4 4 4 4 4 3 3 3 3 3 3 3 3 3 3 3 6 6 6 6 6 6 6 6 6 6 6 6 6 6 6 6 6 6
0 12 12 12 12 12 12 12 12 12 12 12 0 0 0 0 11 11 2 9 2 0 0 0 0 0 11 11 11 3 3 3 3 3 12 3 3 3 7 7 7 7 7 7 7 7 7 7 7 7 7 7 7 7 3 7 7 7 7 7
4 5 4 4 4 4 4 11 11 11 11 0 0 0 0 0 11 2 2 2 2 2 11 1 1 1 4 2 2 2 11 12 5 3 5 5 3 3 3 3 7 3 4 4 4 4 4 4 2 2 2 6 3 3 3 3 3 3 3 3
3 6 4 4 4 7 8 8 8 8 8 6 6 6 1 6 9 8 8 2 2 2 2 2 2 4 4 4 4 4 4 12 5 5 12 12 12 12 12 3 3 3 2 6 3 6 6 6 6 6 6 4 3 3 3 3 8 8 12 12
12 5 5 5 7 7 12 0 0 0 0 0 10 10 12 12 8 8 2 2 9 2 2 3 3 0 0 4 4 4 4 12 12 12 12 12 12 12 1 2 7 0 0 0 0 0 0 1 1 1 1 11 11 11 0 0 8 8 8 8
