26
17
24
11
17
27
22
11
28
0
32
26
15
13
19
8
22
9
17
9
1
17
10
30
10
10
16
2
1
29
21
32
22
22
3
12
19
18
27
4
4
4
24
4
0
0
23
5
15
0
15
22
22
6
1
28
16
16
17
7
30
17
23
8
8
8
27
18
3
32
9
19
4
9
30
20
20
26
10
1
20
30
11
31
2
21
12
6
3
31
22
12
13
28
23
13
14
14
14
29
6
24
25
6
6
6
15
25
16
16
7
7
16
26
6
17
4
11
6
27
18
2
32
28
32
18
2
18
19
8
29
9
10
0
16
16
16
30
32
21
15
2
22
31
11
11
15
1
2
12
32
13
13
23
4
3
24
4
18
0
5
4
26
26
19
18
10
6
1
0
16
7
32
32
32
8
32
29
32
32
0
31
32
32
31
29
32
18
31
2
31
25
31
31
31
32
11
31
18
28
31
8
6
31
8
32
13
31
23
29
31
14
27
31
7
31
9
32
4
31
16
31
16
31
7
31
31
2
