20
9
6
17
27
12
13
18
16
28
29
12
8
21
17
29
29
9
20
1
21
1
32
16
1
1
2
2
2
2
11
2
12
2
3
24
3
31
23
4
4
4
2
14
4
22
5
28
5
15
25
25
2
6
28
16
16
17
7
23
7
29
32
32
8
18
8
32
18
18
28
9
19
19
2
9
10
4
10
20
11
11
11
21
22
32
12
32
22
12
31
27
28
13
23
3
23
14
13
13
28
14
24
15
29
15
15
25
16
16
10
16
6
26
1
1
17
17
27
12
8
4
32
28
32
0
19
19
29
11
20
29
20
1
10
12
13
30
21
1
18
3
22
2
31
32
22
0
3
22
15
32
23
4
23
4
2
2
25
17
22
3
4
15
3
11
16
15
6
20
20
18
2
31
31
32
32
32
32
26
32
32
23
31
30
31
1
31
28
31
26
4
31
11
32
31
32
31
22
32
28
32
26
31
31
3
32
13
30
32
23
31
31
13
28
31
24
32
32
16
32
32
32
32
27
32
13
1
