12
21
17
22
27
7
7
17
18
27
12
18
8
30
9
12
22
10
1
1
1
0
1
10
10
1
12
2
31
2
31
12
21
3
14
3
3
29
13
1
4
4
24
16
16
15
5
5
15
5
15
0
6
27
6
26
16
32
7
7
5
7
2
29
8
3
18
8
18
9
9
28
9
19
30
7
10
20
20
3
20
11
10
21
31
1
12
30
22
12
22
23
32
23
9
13
29
14
6
24
3
24
31
6
15
25
30
25
15
16
26
30
26
32
12
16
17
5
27
12
2
2
18
28
8
0
8
0
12
12
29
30
0
20
12
14
30
21
6
31
21
2
31
2
31
22
11
18
32
3
32
3
23
16
19
16
24
1
25
18
25
9
19
22
12
0
22
27
6
26
16
15
32
7
32
3
32
29
8
31
31
8
31
25
31
28
31
17
31
28
32
31
16
31
29
31
6
21
31
31
25
7
32
6
29
23
32
13
27
25
30
32
30
24
32
20
31
29
29
32
16
11
21
32
21
30
26
32
