0
31
17
28
12
13
18
13
31
14
17
8
20
8
13
10
18
31
18
1
10
1
10
10
30
10
22
2
2
0
1
12
22
12
1
3
3
20
19
4
13
4
2
18
4
15
2
5
15
23
15
6
6
6
16
6
21
32
7
22
7
17
18
18
3
8
4
19
30
4
9
1
19
9
19
20
5
10
2
31
21
21
11
2
21
22
31
12
1
22
30
27
13
4
13
23
8
24
31
3
31
24
15
30
30
15
25
15
10
3
10
16
26
9
11
31
17
11
27
31
17
18
31
28
4
5
19
19
13
10
29
11
20
32
32
30
20
10
21
4
1
31
2
0
2
7
22
22
32
23
23
32
15
19
3
20
6
21
22
9
2
24
26
20
15
12
0
6
8
6
21
30
31
29
31
31
25
32
3
10
31
30
31
29
31
32
31
32
13
20
31
25
1
31
29
21
31
22
32
31
31
29
14
31
26
31
13
4
32
13
31
31
31
3
31
24
31
30
26
31
32
31
10
22
28
32
30
26
