17
27
27
8
12
14
12
8
17
8
17
18
11
14
8
14
23
20
9
1
24
1
26
32
10
11
1
2
1
2
17
0
16
24
3
29
3
13
29
4
1
4
4
29
14
14
5
14
5
29
24
23
24
6
16
27
3
29
6
7
23
17
29
29
1
8
29
3
18
2
28
9
5
25
29
10
20
20
26
10
20
30
11
21
31
4
21
22
12
4
27
27
13
9
13
0
23
14
32
31
14
31
24
10
9
30
15
11
25
32
16
29
7
26
17
27
27
17
12
32
27
17
17
8
28
18
11
9
19
13
29
10
20
5
3
1
1
30
21
11
15
21
15
2
1
31
12
19
20
1
32
23
9
1
18
4
23
16
14
13
24
2
3
11
15
3
11
6
25
27
20
14
7
32
32
13
32
29
32
29
31
21
31
32
28
31
29
31
29
31
24
32
26
32
8
30
31
6
31
24
31
31
12
31
30
31
23
31
18
32
23
32
19
31
14
31
2
32
32
10
31
22
32
32
31
30
31
31
