17
31
12
24
11
14
7
22
19
13
12
26
32
9
9
9
30
28
1
19
23
1
23
22
10
30
31
22
2
25
22
12
1
12
3
12
18
22
13
14
19
4
21
1
22
1
26
5
32
27
26
15
6
16
16
6
16
23
32
7
17
23
27
24
8
32
26
18
19
31
9
31
5
0
19
9
25
10
25
1
5
11
0
11
21
6
26
12
31
22
0
31
7
13
0
7
23
1
3
14
1
24
15
31
10
15
25
15
1
7
26
8
16
11
17
17
17
27
11
12
7
0
28
1
32
19
32
19
8
29
0
19
20
12
6
32
10
30
16
21
11
9
31
9
13
5
9
7
3
32
12
23
13
14
5
18
3
17
0
26
26
20
7
8
26
2
9
26
25
27
24
23
32
7
32
29
32
24
28
32
30
31
26
31
31
31
23
31
32
28
31
10
25
26
31
17
28
11
31
6
17
31
31
22
31
31
29
13
31
7
31
29
26
14
31
24
28
31
5
32
13
31
24
32
31
7
16
5
