30
31
15
9
17
25
17
15
28
9
8
19
29
29
11
20
14
31
25
1
25
1
25
11
1
11
2
31
2
2
1
12
23
12
3
3
29
31
0
24
4
4
24
2
14
5
5
5
1
5
15
0
6
6
16
6
6
29
7
17
7
31
3
8
22
31
8
18
28
19
9
19
9
8
19
10
10
26
25
2
11
31
11
11
21
23
7
12
12
22
0
32
1
23
13
28
23
13
14
8
14
29
24
32
15
25
3
15
4
32
26
6
16
26
30
17
15
30
27
15
17
15
18
9
13
31
28
29
14
5
14
20
0
1
20
19
30
11
8
1
2
12
2
9
31
6
9
22
32
17
14
24
32
24
4
17
24
19
20
5
21
2
0
5
3
23
7
6
9
6
7
6
32
32
31
31
26
32
28
31
7
31
29
31
9
32
32
32
32
30
31
21
25
31
2
31
21
31
31
20
31
32
32
31
11
32
7
31
31
28
32
31
32
8
7
32
31
32
15
31
9
32
21
31
31
6
32
6
