0
8
11
11
27
32
9
12
0
12
8
8
9
30
8
12
18
20
14
1
10
21
1
15
18
19
2
0
18
2
2
0
12
3
12
3
12
23
3
4
18
14
4
1
14
4
5
14
5
29
21
16
6
27
26
16
6
26
21
7
3
31
31
8
18
7
8
18
30
4
27
0
9
9
10
19
10
20
10
30
5
5
11
0
11
6
29
12
22
12
31
4
28
23
13
30
30
32
14
28
1
24
15
15
4
29
25
29
16
26
16
0
16
11
7
11
11
11
27
32
7
12
28
7
18
31
2
30
9
0
29
20
4
13
1
21
4
30
21
9
2
11
1
21
31
0
9
3
5
0
32
23
3
1
18
3
4
17
8
25
5
1
13
17
5
24
14
27
26
16
2
26
16
31
7
31
30
31
31
29
32
16
32
0
31
19
9
31
29
7
31
9
32
32
26
32
32
32
30
31
8
31
24
16
31
27
24
31
26
30
3
31
29
30
31
5
15
31
4
31
14
29
32
31
32
30
8
5
