31
17
12
29
17
27
31
14
31
28
18
14
8
19
8
31
14
9
9
1
11
1
14
14
30
11
2
2
2
2
31
2
12
3
3
3
3
3
2
4
1
4
20
4
28
14
5
26
22
5
25
3
23
6
16
23
1
22
7
17
7
31
7
17
8
26
8
18
32
18
9
24
19
2
32
10
9
10
20
32
2
29
11
21
21
3
21
22
3
4
22
13
12
13
23
13
23
14
5
24
24
2
24
25
9
15
14
25
30
26
0
16
32
26
31
17
12
27
17
27
31
18
2
28
18
28
32
19
29
3
10
29
9
11
20
4
4
1
30
32
6
1
9
31
22
2
3
5
3
23
3
32
17
4
1
4
16
4
4
1
12
26
4
5
26
20
0
6
13
3
22
0
30
31
30
31
24
31
28
32
31
9
32
5
31
31
31
31
31
31
23
31
30
31
17
28
7
31
0
1
31
23
29
31
22
32
31
31
31
31
23
31
3
31
24
32
24
31
3
30
31
11
31
26
31
10
31
26
