4 16 11 7 9 5 1 3 10 2 6 14 11 8 13 5 9 9 16 6 14 12 3 12 9 2 11 9 2 7 8 6 1 15 0 2 0 12 16 7 14 3 8 10 15 8 14 0 5 13 8 3 3 0 14 10 5 9 10 2 1 2 16 0 5 5 12 8 11 13 3 14 11 13 2 6 11 1 2 16
3 12 16 7 16 11 11 6 1 11 12 5 16 16 8 16 7 2 15 1 8 3 0 13 3 14 11 10 2 2 12 16 9 6 16 13 9 3 3 12 0 13 15 0 13 1 12 8 9 16 10 7 11 10 7 8 11 4 6 13 5 10 5 8 4 4 4 11 6 3 1 5 4 5 15 12 0 10 8 0
15 0 15 14 5 5 16 12 1 14 14 13 5 8 8 1 9 15 0 10 16 12 4 13 3 5 9 13 15 14 3 14 0 10 12 0 15 1 11 9 7 2 13 9 7 6 9 5 12 16 3 1 14 8 1 8 15 16 9 6 3 15 8 4 5 12 3 13 0 4 9 6 13 8 0 15 12 8 0 14
6 12 9 14 8 13 13 15 7 0 12 0 6 9 5 11 7 11 13 1 12 7 1 16 11 13 16 13 15 6 11 1 7 3 11 12 12 11 10 13 16 12 5 13 1 15 6 16 3 16 9 6 14 1 9 10 1 2 12 12 9 6 10 1 1 9 11 11 16 0 5 14 0 8 15 8 9 4 1 2
9 6 10 12 0 4 0 4 7 12 5 9 15 2 13 1 3 16 10 2 16 7 1 11 12 5 5 9 1 13 1 2 15 9 13 12 11 11 5 5 15 1 9 10 8 1 11 9 7 1 10 2 13 5 3 8 5 9 16 5 5 11 11 11 9 4 10 12 10 3 3 13 0 11 9 12 12 4 9 6
10 8 3 15 12 7 2 6 2 10 16 6 12 9 6 7 15 5 6 0 0 7 6 11 15 10 13 10 13 8 15 13 3 16 15 15 3 13 5 5 13 1 2 8 0 7 2 8 16 2 1 7 15 5 9 1 13 11 2 13 10 2 7 13 10 9 0 14 5 16 7 10 0 14 6 1 14 15 2 12
14 3 13 6 1 0 10 7 8 10 4 3 10 7 7 9 1 4 11 9 3 6 13 2 0 2 4 5 4 6 6 5 5 0 3 1 14 16 3 4 16 0 0 5 14 10 5 10 13 0 12 3 15 8 5 7 5 15 10 4 14 16 1 0 8 9 8 5 0 14 10 1 14 8 5 15 9 12 7 10
12 7 7 2 13 1 8 9 9 0 16 16 9 13 0 12 14 16 13 3 9 9 13 11 12 5 6 6 1 5 1 4 11 4 5 4 6 9 4 6 9 10 9 13 5 3 3 10 1 3 5 6 16 9 11 1 14 15 5 5 3 16 15 10 8 8 7 14 4 16 3 6 15 15 7 11 9 9 6 11
11 12 9 5 8 2 2 1 0 11 10 11 2 7 7 3 13 15 3 6 6 15 10 2 4 16 12 1 10 1 14 3 0 5 13 13 2 11 14 7 8 16 14 15 9 13 7 3 9 12 13 16 15 16 6 0 14 10 3 12 8 5 2 11 16 0 7 3 2 11 7 8 12 7 2 7 12 2 15 12
15 7 9 2 2 1 6 1 2 1 14 9 11 8 10 10 10 15 12 14 7 3 9 12 16 14 11 4 2 5 0 11 5 3 13 0 13 16 16 4 16 6 1 8 7 5 12 9 16 11 6 15 11 7 16 12 2 7 12 11 11 3 11 8 8 8 11 11 1 3 1 8 6 10 14 0 6 15 1 1
