31
52
30
32
55
12
40
36
29
21
10
64
29
55
1
11
22
62
2
2
2
20
58
45
3
29
32
46
4
15
33
15
5
23
5
35
6
6
6
25
7
18
7
63
4
8
4
4
9
9
9
21
53
10
33
4
11
1
11
50
12
24
12
25
56
13
25
8
4
47
14
15
15
15
5
64
39
16
60
51
61
17
41
30
18
30
56
32
19
6
50
14
20
5
33
61
21
16
46
16
22
59
35
23
18
17
24
60
51
64
1
10
51
49
39
13
14
63
40
1
27
40
41
28
29
22
22
42
63
64
43
60
43
31
44
17
19
32
17
33
26
46
56
34
47
63
20
47
48
16
53
49
55
20
6
15
50
51
38
58
31
59
30
40
52
22
40
41
11
60
61
41
7
55
0
29
6
62
57
15
2
15
58
45
32
29
59
46
37
60
37
15
5
61
18
27
6
62
49
25
7
18
41
63
8
8
13
64
9
25
9
38
23
10
33
33
36
1
11
34
12
5
12
37
49
42
25
8
11
64
61
64
59
61
46
64
22
3
60
17
61
63
56
63
64
30
56
63
63
59
62
64
59
63
63
61
63
19
53
63
54
62
49
47
63
58
55
63
47
64
1
63
61
63
58
62
10
63
40
8
59
63
60
62
26
63
62
57
63
10
43
64
51
45
64
64
63
32
32
63
26
60
63
62
56
63
54
64
63
63
60
49
62
64
6
63
63
51
38
63
