19
39
11
12
59
64
21
40
54
29
42
11
21
1
29
49
61
1
2
62
2
61
35
3
3
3
63
26
4
34
27
24
5
48
5
24
34
6
1
37
49
7
47
2
55
8
20
29
20
9
51
31
31
10
1
32
6
11
6
34
12
49
12
25
13
53
13
55
14
56
14
61
27
61
15
56
16
1
46
17
52
17
30
18
18
56
19
19
19
4
3
8
20
42
21
21
21
10
63
63
3
35
35
23
58
24
50
17
7
24
25
58
5
2
26
20
12
63
27
40
28
40
63
28
29
42
2
10
51
43
43
30
55
12
51
32
24
45
45
5
32
33
34
15
61
34
34
34
48
7
48
4
30
50
58
37
21
57
51
12
19
39
60
64
59
0
8
40
54
29
42
62
42
18
14
22
61
64
2
62
2
26
35
45
3
35
63
35
46
34
39
1
64
48
64
5
34
34
48
37
49
62
63
40
64
40
34
34
51
9
34
31
31
6
41
32
31
36
6
44
43
28
12
25
57
53
59
55
62
61
52
64
58
61
15
62
51
64
51
63
61
63
58
63
54
56
63
50
63
61
63
63
63
44
63
34
63
64
63
43
64
35
63
23
63
61
63
63
7
63
58
62
62
63
53
51
61
63
59
64
64
27
63
26
63
42
7
64
64
63
55
30
62
64
58
64
63
60
62
5
54
63
10
15
61
63
10
34
48
7
63
23
14
34
63
37
0
38
51
39
