39
34
50
8
40
55
56
53
41
9
41
25
42
1
1
1
1
42
2
2
47
2
13
3
3
3
15
1
4
50
4
1
5
5
55
30
6
6
6
6
7
7
19
7
19
8
3
20
49
9
57
22
44
10
2
4
22
11
1
39
24
12
41
51
13
13
13
6
6
14
62
55
15
27
15
44
16
9
36
51
51
43
30
18
55
18
59
19
63
19
61
20
8
33
21
60
21
54
61
34
64
7
61
23
22
24
3
24
10
63
25
64
9
38
26
7
18
27
20
40
28
61
46
55
28
61
7
61
42
12
12
43
31
20
21
32
3
45
64
17
46
63
59
2
47
34
16
35
62
36
48
29
30
49
37
58
31
37
50
51
39
34
39
55
40
55
56
53
41
9
41
54
42
61
31
55
20
42
9
56
57
35
16
18
3
3
15
58
29
47
63
28
60
5
48
60
25
22
64
49
64
47
28
48
30
8
51
7
45
18
12
22
32
54
51
46
22
27
38
39
48
12
40
51
13
13
13
60
50
59
62
11
64
60
62
22
61
33
64
61
43
47
41
63
58
63
14
63
63
63
61
63
53
51
63
59
63
63
63
44
64
64
45
63
22
24
63
61
63
46
64
64
55
63
26
61
18
63
28
61
63
61
57
64
28
61
58
61
63
49
43
43
63
4
11
61
63
60
63
17
64
63
63
2
63
34
23
63
4
64
4
11
59
49
63
61
54
37
58
51
