51
51
39
52
52
16
53
19
53
0
24
54
11
1
1
1
1
43
2
29
2
19
58
45
3
50
1
37
26
4
45
2
60
5
16
16
46
6
3
38
44
7
64
20
8
2
51
8
4
9
5
32
62
10
50
64
54
55
11
44
12
24
12
24
3
13
51
26
14
0
14
3
15
10
15
5
1
37
16
29
17
8
37
13
18
63
13
63
6
32
3
32
20
51
21
62
1
0
34
34
22
23
23
23
23
36
17
62
24
37
49
25
26
26
54
26
39
53
27
27
1
28
48
41
41
16
56
12
30
24
43
10
31
4
44
44
22
62
45
33
45
15
8
25
28
47
35
54
48
54
63
8
36
37
56
37
12
38
38
38
51
51
39
52
52
15
53
11
53
0
14
54
42
1
55
64
43
61
56
44
44
57
34
45
58
39
1
58
16
4
28
2
16
64
12
30
6
61
3
1
21
14
64
0
28
63
6
8
32
52
5
52
8
10
50
53
54
55
38
0
12
49
12
24
42
13
59
60
61
62
53
57
64
60
61
8
1
63
61
63
58
55
60
61
63
58
14
37
63
61
49
63
46
63
21
63
63
63
63
62
64
64
62
63
23
58
63
62
24
63
63
64
26
8
54
63
58
16
63
27
64
9
63
41
29
63
53
12
30
61
63
55
64
63
44
44
63
57
45
63
60
63
8
25
48
64
35
54
64
25
63
57
64
37
62
64
12
14
64
38
