47
24
58
39
22
40
39
38
9
41
55
35
31
1
35
1
0
63
36
2
44
43
25
14
3
41
14
21
41
40
4
16
45
5
2
34
6
17
6
44
18
7
34
4
27
8
1
39
51
21
42
9
38
10
38
23
11
11
11
2
12
24
12
38
13
1
2
13
14
48
59
4
15
27
10
11
16
40
63
50
17
30
43
58
18
30
42
46
19
64
14
10
20
48
43
21
1
63
64
43
4
55
64
36
23
24
57
6
37
18
13
25
1
38
39
26
64
61
27
40
28
61
41
8
63
11
22
54
30
18
63
43
61
31
12
14
9
60
32
45
1
46
48
48
57
47
28
14
11
35
48
14
37
49
37
23
8
18
50
16
39
59
58
39
59
63
57
56
62
41
55
56
54
42
35
20
0
63
36
44
8
9
38
59
3
60
10
64
46
11
47
16
45
48
2
27
48
40
33
44
16
47
64
4
19
50
31
25
51
45
42
38
45
53
33
23
11
11
5
44
23
29
41
38
52
53
43
60
63
62
59
53
64
27
61
36
17
59
63
64
56
64
60
62
64
64
64
64
64
64
64
64
64
48
63
56
63
63
64
50
63
63
64
56
63
64
64
64
64
64
46
64
55
64
61
64
64
61
56
63
56
62
41
63
51
5
60
64
30
18
63
33
17
63
12
58
51
8
64
62
41
64
53
63
0
64
62
64
11
64
48
60
63
49
1
63
2
7
50
64
