41
39
64
12
49
41
25
9
60
54
15
41
11
21
23
1
18
12
2
2
2
26
22
3
3
3
58
50
46
4
24
50
5
1
60
37
44
6
1
63
47
7
3
1
37
8
64
34
59
9
28
21
54
10
46
5
22
11
54
42
6
12
51
3
7
13
3
64
59
14
61
48
9
15
28
39
10
39
54
16
5
11
59
3
18
63
38
19
39
2
20
11
20
51
33
21
15
59
13
22
35
16
53
63
9
23
36
18
24
64
37
1
25
50
26
39
27
39
27
47
53
40
60
15
41
6
41
42
30
63
57
6
56
44
31
1
17
33
33
33
8
46
34
52
28
47
35
25
60
4
48
48
12
0
49
11
38
8
56
38
51
39
6
20
52
40
25
53
58
54
29
41
29
14
30
42
18
12
20
56
17
2
30
3
57
29
58
34
46
4
32
29
43
7
60
42
44
46
28
63
47
7
45
62
37
8
64
49
0
63
26
2
54
50
22
53
40
11
5
19
56
21
51
37
57
10
40
58
59
59
62
61
64
62
60
39
61
64
38
16
30
60
63
36
63
63
63
59
63
58
64
63
64
64
56
63
15
59
63
13
63
62
0
63
59
63
43
64
53
64
63
54
63
0
26
39
63
9
61
63
12
62
63
62
41
63
27
6
62
63
49
1
63
44
35
64
5
63
33
63
56
58
63
52
5
47
47
64
62
62
35
64
61
19
63
61
55
64
20
55
