26
58
60
60
27
28
64
41
57
33
10
31
64
1
35
1
15
36
32
2
64
19
30
35
3
45
40
64
4
24
2
4
16
5
28
2
64
6
17
63
18
7
4
29
51
8
49
46
52
9
5
43
21
10
51
55
22
11
38
24
58
43
12
52
39
13
25
4
14
57
27
15
15
15
9
15
16
4
16
41
29
17
7
18
13
10
13
19
18
0
19
32
20
33
63
21
8
54
22
22
46
64
35
23
7
12
46
56
60
38
37
39
25
26
39
45
54
39
27
55
6
22
63
13
29
18
51
42
29
57
43
31
2
31
45
44
45
60
12
33
7
62
0
11
56
56
35
47
34
36
21
36
62
18
15
58
37
15
29
52
51
58
60
60
39
9
64
41
57
32
57
41
64
27
35
62
25
16
32
13
64
45
30
16
12
45
4
64
61
61
41
4
16
5
28
0
39
63
2
63
18
20
4
29
51
64
42
8
52
2
50
53
0
49
13
31
12
55
40
40
47
41
12
9
33
59
63
62
33
61
64
15
54
15
58
56
16
63
61
63
54
61
63
18
38
14
63
55
48
63
64
63
50
60
63
52
50
43
63
60
61
64
63
23
63
13
64
63
60
63
56
52
64
58
64
6
63
62
27
63
58
4
63
15
63
17
51
63
57
2
62
29
11
63
60
59
45
60
64
33
7
62
64
11
21
61
63
63
25
61
63
36
58
12
63
11
9
62
29
52
