54
0
59
8
64
39
36
53
23
61
19
17
54
0
0
1
29
17
63
2
43
64
45
58
3
55
58
46
4
59
23
15
5
48
5
18
6
36
6
25
7
7
7
26
8
2
8
3
4
9
33
52
40
0
56
23
11
40
11
23
12
24
12
36
8
13
3
25
39
14
34
27
15
0
15
10
10
16
2
17
42
17
44
60
30
52
44
31
19
63
39
32
9
2
21
60
34
11
22
35
1
63
23
35
52
60
24
37
37
17
37
25
19
9
63
26
60
63
40
59
27
28
41
21
29
13
48
50
42
0
43
53
31
44
44
25
15
3
52
45
15
33
34
27
64
61
8
35
9
58
48
54
49
36
1
30
6
10
3
11
51
39
52
26
64
62
3
53
64
61
11
42
54
61
0
55
29
35
56
9
57
64
45
31
64
60
58
46
60
59
59
15
47
48
18
41
48
21
6
64
27
7
63
27
8
2
6
25
20
42
9
52
21
26
40
23
45
40
11
23
12
24
11
11
8
15
5
60
59
62
62
64
15
61
60
64
58
16
6
44
63
63
63
0
63
59
63
31
64
63
57
63
58
54
63
60
63
63
63
63
64
63
63
35
63
60
64
64
46
63
61
64
63
51
63
56
60
63
61
22
64
57
61
21
29
63
61
8
56
0
61
63
44
12
64
25
52
63
20
62
59
61
63
62
22
56
2
36
63
28
44
61
29
64
15
63
6
63
61
4
