47
64
27
52
54
63
53
53
9
18
41
17
45
20
1
23
43
17
17
2
28
57
35
62
3
21
60
63
46
4
59
60
5
17
5
1
6
49
6
56
7
34
7
4
30
8
1
20
9
9
9
6
64
10
5
22
6
11
1
7
24
33
42
37
8
13
12
39
14
56
35
14
64
27
15
62
16
46
29
56
17
63
3
18
30
18
57
19
52
7
32
20
64
33
21
41
21
45
47
16
2
17
23
43
36
24
23
24
54
45
2
38
51
26
38
6
46
61
27
40
21
28
52
56
3
29
42
1
30
54
24
43
63
51
50
32
63
32
32
17
46
16
58
17
47
63
27
6
35
2
36
6
49
63
37
8
50
20
51
17
15
64
27
52
40
62
53
53
53
18
41
9
63
36
55
35
43
36
32
56
28
57
35
62
27
0
45
44
46
43
59
47
63
17
3
37
6
49
44
50
61
62
39
63
8
49
1
47
53
53
64
6
64
49
5
54
0
1
42
36
51
52
54
56
53
34
48
39
55
56
60
63
63
62
50
58
64
50
59
56
61
63
63
56
6
63
57
34
63
7
63
63
64
64
20
63
21
57
63
57
63
58
63
56
63
60
24
64
47
62
64
50
58
64
38
6
64
34
15
63
46
63
21
56
63
59
62
63
62
21
63
42
63
58
58
55
63
32
62
17
40
63
53
28
60
63
62
56
63
28
36
59
63
61
63
64
64
64
35
62
