52
17
64
39
40
34
27
54
34
54
12
19
32
1
61
1
61
12
44
2
43
23
39
3
3
3
50
59
58
4
25
64
5
48
5
33
6
6
49
6
19
7
35
1
8
50
8
41
52
9
5
32
6
10
2
60
7
11
23
23
36
12
3
8
13
2
48
13
14
0
14
46
27
15
27
5
29
16
2
17
48
17
59
55
18
45
31
48
19
3
15
20
60
46
2
21
34
56
34
41
45
41
62
23
53
14
24
18
18
25
51
25
38
38
56
26
52
40
40
27
28
41
28
49
63
29
51
29
12
30
30
8
31
15
7
32
8
59
5
59
58
46
53
46
63
2
35
35
34
35
24
36
57
36
30
50
50
38
37
32
52
52
64
11
40
13
11
54
34
54
62
28
55
40
61
41
61
44
44
44
36
58
21
19
3
39
15
59
46
4
15
22
38
48
48
17
6
49
49
62
19
7
12
1
8
50
31
64
37
16
9
53
22
10
2
34
44
45
23
46
16
48
33
8
54
49
3
13
62
61
14
64
61
61
59
5
59
63
61
63
28
59
63
55
61
63
31
48
63
3
63
61
63
57
10
63
48
60
63
41
10
61
63
56
53
14
63
45
63
63
59
25
63
62
49
56
63
59
63
27
64
41
61
63
63
63
61
63
61
30
63
16
31
64
7
61
8
59
61
20
17
41
63
46
61
2
35
55
62
36
60
57
9
36
63
31
50
38
37
39
