39
57
39
50
11
35
10
51
11
39
42
59
29
42
1
20
53
23
44
2
22
57
37
22
3
58
25
38
24
4
47
23
5
17
5
2
6
61
6
46
18
7
3
1
4
8
35
30
58
9
50
21
45
10
41
48
36
11
61
31
24
12
35
39
46
40
13
44
59
48
5
15
27
2
45
10
16
45
11
40
29
2
17
18
31
12
13
19
55
19
64
40
33
41
21
5
21
34
10
35
22
49
36
23
3
50
7
10
37
51
25
6
16
55
26
39
63
27
40
55
40
28
63
6
63
29
42
62
43
15
30
43
2
31
16
61
51
45
61
33
46
61
9
34
64
53
47
48
3
3
36
0
5
37
10
37
14
50
13
17
39
57
39
17
11
16
53
3
41
12
54
59
4
18
8
28
21
23
44
56
22
57
21
63
62
58
11
14
59
18
47
22
5
60
40
64
6
61
6
18
1
50
62
1
15
28
50
64
63
9
4
9
21
34
44
4
2
11
27
29
24
27
42
4
7
40
34
31
59
64
5
64
21
61
63
63
57
61
59
64
61
45
55
63
31
46
63
19
63
63
63
63
22
63
31
63
21
63
51
63
61
63
63
63
57
63
61
63
63
62
63
48
62
63
50
63
63
62
63
55
40
64
63
11
63
29
42
2
63
59
61
62
56
31
57
61
51
63
61
45
46
61
61
34
62
53
63
62
3
62
57
33
59
64
63
63
62
50
56
17
