64
60
61
28
40
58
59
53
41
54
63
60
19
0
1
19
56
12
2
2
2
63
59
13
3
45
35
44
0
4
37
15
25
5
48
17
24
6
38
3
30
7
27
19
31
8
38
2
9
53
9
53
46
10
5
5
11
23
11
24
6
12
33
0
13
56
13
8
2
14
0
61
39
15
28
42
51
16
49
17
17
17
30
3
18
56
13
31
62
19
32
63
10
20
64
21
55
15
22
16
48
22
61
23
1
36
24
3
45
46
25
55
38
45
1
26
21
51
5
50
28
41
64
49
29
42
30
5
63
30
62
43
52
24
20
32
62
26
64
14
46
33
63
3
47
2
35
54
23
1
36
61
8
28
10
50
37
62
62
51
62
60
52
13
40
58
59
53
41
29
34
60
54
55
42
31
7
22
1
44
14
24
29
34
3
45
35
22
25
59
37
25
26
48
48
64
48
6
61
21
0
7
51
27
51
63
9
52
64
53
9
53
46
53
53
53
46
18
16
24
28
12
46
0
55
36
13
8
2
64
52
61
63
61
52
61
57
58
63
60
62
58
64
64
51
64
51
60
58
63
58
63
64
20
63
56
63
60
63
63
63
40
17
63
49
62
62
57
63
53
25
62
63
53
1
64
64
62
63
1
63
64
64
29
63
19
30
15
63
19
62
63
64
64
64
32
64
60
64
61
63
8
63
22
49
2
35
57
13
63
50
61
11
51
61
59
37
64
10
40
