63
33
21
39
44
14
34
21
64
45
36
28
49
1
1
30
1
58
35
2
36
40
40
26
3
38
25
34
4
31
55
4
17
5
64
48
36
6
18
2
3
7
32
36
44
8
51
54
41
9
41
32
52
10
3
54
11
32
11
49
12
12
12
25
62
13
25
55
4
14
27
41
15
62
46
53
16
42
49
29
17
45
62
30
30
37
19
61
19
61
52
42
33
43
6
21
34
5
34
47
22
23
23
18
23
24
24
37
19
25
53
25
5
39
19
26
27
27
56
40
28
52
20
28
4
29
42
3
29
30
22
64
31
9
15
9
45
32
14
33
46
57
34
8
34
58
12
48
62
63
17
36
57
25
25
37
13
17
6
8
29
39
25
26
35
40
57
57
14
17
16
33
42
61
28
13
32
61
43
44
61
32
40
12
3
38
61
60
46
63
47
11
63
45
64
17
48
49
4
64
64
50
50
23
19
46
51
51
52
43
33
6
52
10
3
54
36
43
23
34
20
12
5
39
13
58
61
27
60
17
62
55
0
64
57
30
10
28
59
61
63
7
63
13
0
55
63
61
58
53
63
1
33
55
63
59
46
63
31
62
63
23
15
63
54
62
35
18
63
61
43
25
9
60
63
52
57
57
22
64
62
64
57
63
2
64
64
59
63
54
63
63
64
58
14
64
35
64
15
64
62
7
64
18
34
64
16
64
64
63
21
64
30
63
63
46
64
32
63
39
