41
48
0
16
18
20
57
9
41
27
36
42
62
12
1
35
30
60
58
2
22
45
34
61
3
33
25
23
4
15
4
26
5
5
17
2
6
6
6
46
7
18
7
29
8
6
8
3
20
9
55
27
61
0
10
52
31
11
31
5
41
12
24
25
60
13
26
25
14
9
50
55
27
15
7
61
16
62
29
57
17
60
12
30
18
30
51
57
6
19
46
32
55
8
63
1
21
8
2
22
35
63
10
23
36
12
24
51
13
38
39
9
38
13
26
0
52
40
63
62
27
41
28
41
29
42
10
24
30
43
30
19
59
61
31
15
32
45
7
46
22
33
61
60
47
34
54
35
48
4
54
49
28
63
50
50
37
57
51
32
51
39
32
17
18
26
14
0
41
33
54
42
24
10
10
42
43
56
17
57
14
32
45
57
24
58
45
28
59
63
64
48
5
60
48
2
6
11
49
50
62
38
42
29
28
63
49
64
42
24
45
35
42
12
0
23
47
33
51
56
23
53
5
8
52
7
58
25
14
63
59
59
61
61
63
60
63
62
57
57
64
60
4
13
18
30
64
57
63
60
4
63
55
63
63
63
52
63
52
63
64
39
63
39
41
63
59
64
64
64
64
63
62
63
9
63
53
61
63
13
27
62
28
63
29
62
45
62
63
60
63
63
63
61
29
64
60
3
24
63
25
55
61
6
63
34
48
15
18
63
16
7
63
63
38
64
37
2
50
10
