47
51
40
40
31
34
40
9
53
13
0
54
34
55
1
11
43
63
31
56
2
56
52
61
3
28
1
0
36
4
28
39
22
5
43
1
64
6
61
43
18
7
43
19
44
8
3
4
30
9
28
21
22
10
1
2
55
11
6
31
42
12
54
25
51
4
13
59
8
26
48
56
15
45
28
48
16
61
57
63
17
30
49
12
18
31
54
19
61
59
39
20
54
14
60
63
21
61
34
22
58
57
5
35
36
24
23
54
24
25
38
38
45
38
26
52
4
3
2
1
28
18
0
41
28
0
29
64
42
62
50
43
12
25
32
11
32
22
22
33
23
14
46
63
47
19
35
11
15
29
13
20
36
13
49
50
27
27
63
7
57
51
22
40
23
34
40
64
53
15
41
54
63
55
15
61
43
64
56
56
2
56
12
18
0
28
1
58
36
22
28
21
47
36
43
44
60
38
61
43
18
47
50
19
62
49
3
4
8
9
19
64
38
10
52
2
53
18
6
55
42
12
14
51
27
33
53
59
60
61
62
64
62
45
61
64
16
61
37
63
63
61
63
58
63
31
46
63
61
64
64
51
35
63
4
63
21
64
39
63
51
63
60
63
60
62
63
48
63
60
64
57
64
64
50
64
4
63
63
7
57
63
54
3
63
61
59
51
64
12
16
44
58
63
32
11
63
32
64
60
23
10
58
63
47
19
53
11
15
36
13
61
63
24
37
50
48
18
63
51
