52
41
36
9
9
19
40
37
17
18
53
54
22
12
1
24
27
56
2
2
2
42
13
3
37
3
28
0
59
4
43
35
5
17
5
41
6
40
6
62
3
7
19
51
46
2
8
41
30
9
1
32
37
10
22
5
22
11
57
24
7
12
24
34
35
13
8
4
26
14
4
44
47
15
61
16
16
16
10
29
63
54
6
17
18
1
63
31
19
39
57
20
63
33
21
15
40
62
21
3
22
63
23
63
36
59
64
47
37
63
25
51
47
52
39
46
47
27
40
46
63
28
41
41
21
42
29
30
43
30
43
63
57
31
17
10
56
45
45
64
46
46
13
47
34
15
35
11
48
21
59
49
36
56
37
11
50
31
63
51
52
39
30
28
9
19
40
53
29
11
28
54
17
60
42
55
0
56
44
2
2
57
45
63
9
45
58
29
59
29
7
47
60
48
61
40
25
27
6
62
5
23
19
51
0
63
52
0
29
8
64
12
37
10
20
5
22
46
29
24
7
28
48
49
58
59
8
62
61
49
64
0
61
62
30
64
40
61
63
57
63
64
64
61
64
52
63
31
19
63
57
60
63
62
21
63
63
60
64
56
63
63
61
63
60
54
63
48
55
63
62
60
63
55
64
64
47
63
62
21
63
49
49
61
2
63
4
55
63
61
64
3
64
64
17
63
56
64
60
63
46
46
63
47
34
15
35
63
55
63
41
49
64
62
37
63
19
60
63
39
