36
57
39
16
37
58
17
40
19
60
25
33
22
1
47
1
24
12
41
2
13
21
57
14
3
46
58
58
4
16
28
4
5
2
5
63
49
6
50
0
18
7
2
42
61
8
20
31
38
9
2
5
50
10
23
38
6
11
4
24
43
12
7
49
25
13
36
50
8
14
63
42
15
39
15
42
16
29
9
17
63
17
5
18
18
18
31
19
52
19
62
0
20
33
57
33
21
14
34
22
10
63
23
0
63
36
10
18
24
48
25
38
55
39
56
39
21
27
46
47
40
28
13
28
57
4
0
30
4
30
43
59
44
14
32
32
32
55
63
33
46
57
34
2
34
47
29
63
48
35
6
11
49
30
37
50
55
2
10
51
38
56
17
18
52
58
17
40
53
41
25
54
63
59
55
1
28
35
43
2
31
20
57
31
63
62
46
58
29
46
33
21
47
59
60
63
38
42
61
17
42
9
51
43
62
51
45
6
44
63
27
5
64
53
53
64
53
7
16
9
43
56
53
12
25
5
41
50
51
30
64
44
64
54
28
64
35
46
63
23
63
63
63
63
5
63
61
12
63
48
11
63
61
64
57
63
58
35
63
62
33
63
55
63
58
63
62
63
24
48
62
63
62
52
58
22
63
53
48
55
63
62
60
63
0
13
63
9
63
63
52
63
44
63
0
38
63
57
63
29
64
62
37
63
5
63
35
63
33
62
63
46
62
5
50
63
28
20
17
51
