14
17
27
7
11
12
27
18
13
31
11
10
9
29
30
25
19
20
1
1
1
10
19
17
18
2
15
2
2
18
12
29
19
3
3
1
19
0
32
4
4
23
4
14
1
31
5
5
32
15
6
4
6
6
16
2
16
3
7
1
2
17
27
23
8
31
28
3
9
24
1
19
31
29
31
20
10
2
25
2
11
1
21
5
7
12
2
31
5
9
13
9
32
23
13
32
30
32
24
14
24
7
3
15
29
32
32
26
2
0
4
0
32
17
27
7
13
5
28
18
1
17
11
10
10
32
29
29
20
20
4
1
11
20
31
20
12
31
21
8
16
32
12
12
3
18
3
15
0
0
3
4
9
23
13
0
3
25
5
9
14
15
6
23
17
21
32
2
29
31
29
21
29
31
27
22
29
31
22
3
31
31
25
31
31
31
31
31
31
31
31
31
26
31
29
31
29
12
31
31
30
32
32
24
32
32
28
32
30
32
24
32
26
28
32
32
8
32
32
32
29
32
32
30
17
