12
51
9
53
38
41
37
30
1
1
27
2
13
2
3
58
64
4
4
5
5
49
6
6
7
7
50
8
3
9
64
10
23
32
23
35
12
11
11
63
13
14
27
15
43
28
63
17
29
17
18
4
19
32
11
1
21
33
22
59
13
23
36
23
18
54
13
26
25
27
40
1
27
15
29
48
43
30
16
44
31
32
29
29
62
34
47
14
35
16
49
22
50
37
29
51
52
22
53
39
41
26
41
55
1
27
56
15
23
45
58
64
4
59
60
5
49
6
61
61
14
50
25
17
0
64
53
64
53
55
15
2
11
51
48
58
64
64
64
64
51
63
58
63
63
13
63
56
63
62
63
64
63
22
63
63
60
64
60
63
63
13
64
63
63
63
62
63
8
63
14
62
30
17
62
56
55
62
29
62
23
56
61
63
16
61
21
64
37
29
46
