38
55
52
40
0
19
41
15
1
1
55
2
2
13
3
14
27
4
62
5
48
54
6
30
7
41
63
8
1
48
9
10
10
1
11
7
12
3
13
25
46
14
10
35
15
16
48
14
17
4
18
12
19
3
32
63
20
21
22
34
44
23
43
24
43
20
25
26
26
2
39
40
63
28
22
18
42
12
31
50
9
32
33
16
46
33
21
47
64
16
36
49
1
63
62
38
51
33
40
0
53
41
15
63
1
55
11
56
64
57
14
58
0
60
5
59
19
6
17
49
42
62
8
62
8
64
46
48
47
17
41
12
51
56
51
27
58
64
64
64
61
63
63
55
63
61
63
63
54
63
63
61
21
63
49
63
23
62
64
64
59
64
64
64
64
63
64
63
12
59
56
63
61
63
61
60
62
64
62
57
63
6
47
64
35
36
49
0
63
61
12
