20
7
9
7
21
9
8
7
6
13
11
22
0
8
18
11
14
13
20
1
1
15
1
18
16
10
10
2
24
2
10
11
18
16
11
1
3
2
1
24
13
12
4
23
2
2
20
14
14
5
23
21
14
21
6
23
6
15
24
21
7
16
7
7
22
22
8
8
8
17
4
8
18
4
18
9
18
24
24
10
10
19
10
5
20
11
6
24
11
20
24
6
12
21
6
21
21
13
13
0
22
0
22
14
11
14
2
10
23
9
15
11
10
16
24
16
13
24
9
10
8
8
17
10
1
6
2
1
18
13
17
6
15
2
12
16
9
2
19
23
24
24
5
24
22
15
24
24
23
23
23
20
23
18
23
23
24
23
23
23
24
24
22
24
22
24
21
24
10
24
24
1
24
24
2
24
24
24
24
