7
9
12
6
9
7
21
21
21
19
9
13
18
7
7
7
0
8
8
21
1
15
1
16
15
10
17
2
2
2
17
2
20
18
11
3
3
12
3
3
12
18
4
4
4
4
13
23
13
14
5
19
23
19
3
6
15
4
15
4
7
23
7
24
16
23
3
8
4
17
1
17
9
0
9
23
18
9
24
2
10
0
19
23
6
23
11
11
20
6
11
12
12
8
7
21
13
8
13
9
13
22
7
22
14
9
8
23
8
15
23
8
10
15
24
9
16
24
5
2
2
1
17
5
3
3
18
3
3
3
0
15
4
4
7
19
19
15
15
24
21
23
23
21
23
23
21
23
19
23
23
23
22
23
23
23
23
22
23
22
23
23
23
23
23
9
24
24
22
23
23
17
23
22
23
23
10
23
21
