12
7
0
22
24
21
12
23
13
9
22
24
0
22
8
8
11
24
9
11
1
1
9
1
10
1
14
2
15
2
11
17
12
21
17
20
3
12
12
13
12
0
4
0
13
1
13
2
5
2
5
2
2
2
6
6
15
6
23
1
3
16
7
3
16
0
8
1
17
8
17
17
9
18
23
9
18
21
0
19
23
10
19
6
6
6
11
20
5
3
2
12
5
24
21
12
23
13
9
22
24
8
22
9
13
14
9
0
23
1
1
15
1
4
24
4
24
0
2
16
10
7
9
17
5
18
12
0
18
18
12
12
2
13
1
3
2
19
24
23
0
23
2
6
23
21
23
23
23
24
22
24
3
24
0
22
23
23
10
24
24
24
23
23
22
23
20
23
22
23
9
19
23
7
23
22
23
23
22
