5
12
21
10
7
8
0
11
12
12
23
0
22
13
18
15
8
11
23
14
1
1
20
15
24
1
10
2
2
10
2
16
17
17
11
3
3
1
13
3
12
4
17
4
1
0
16
0
2
5
23
14
14
3
6
15
6
21
21
2
6
7
16
7
1
16
23
8
8
17
8
5
23
4
18
8
9
18
2
10
22
19
20
5
10
20
11
20
23
20
12
12
8
7
23
21
11
12
13
23
11
22
13
14
4
14
5
23
14
23
23
8
9
24
16
0
24
24
10
2
17
17
17
16
14
2
13
17
15
12
18
18
19
0
9
13
14
17
19
24
23
23
0
23
23
23
23
23
23
23
21
24
24
18
23
23
8
23
21
23
23
23
23
23
22
23
21
23
10
22
23
20
5
23
3
23
20
23
13
