20
20
12
8
0
6
13
10
8
8
17
18
10
23
19
8
8
10
14
23
1
1
9
10
1
23
24
2
1
2
11
17
16
11
1
3
1
3
24
12
12
4
3
4
14
1
13
13
5
19
5
0
1
14
23
15
6
21
1
3
5
16
7
16
16
22
17
8
21
3
17
2
24
9
23
18
9
6
3
19
10
10
19
2
0
4
1
20
11
20
20
12
3
0
21
6
12
13
13
5
22
9
22
14
8
8
14
24
23
23
24
15
1
16
9
24
24
16
16
1
11
1
12
13
3
13
3
4
18
16
7
3
19
17
17
16
3
19
16
14
23
23
24
23
23
21
23
23
3
23
18
23
21
23
22
23
23
23
23
23
20
23
9
23
23
24
24
23
23
10
23
14
2
23
20
23
11
9
23
