11
24
12
7
0
7
21
24
13
22
21
7
13
7
0
14
14
23
9
1
1
14
1
10
15
22
24
2
2
2
0
17
18
11
3
2
3
1
19
12
18
0
1
4
13
19
2
21
2
5
14
19
3
20
23
6
15
0
3
23
7
16
7
2
16
22
8
22
8
17
23
4
24
9
3
18
9
1
4
10
23
19
10
6
5
20
23
11
20
4
2
12
6
21
7
21
24
13
10
4
22
24
7
14
13
14
23
9
7
23
15
24
24
15
4
24
24
2
16
17
13
14
0
17
2
17
1
4
12
2
9
1
4
19
19
13
13
2
24
23
23
3
23
23
23
23
9
23
23
20
24
22
24
16
20
24
1
24
17
23
23
23
16
23
23
16
23
23
10
23
19
21
0
23
23
7
24
21
6
