20
11
24
6
22
6
21
18
16
22
10
0
24
20
8
8
8
0
20
1
9
1
0
23
0
10
24
2
10
23
16
2
11
0
21
16
3
1
18
12
18
19
4
18
13
0
13
0
0
5
24
1
14
23
20
6
20
2
15
15
1
7
16
23
16
1
17
8
1
8
17
23
4
9
22
23
18
9
0
10
19
10
2
3
2
11
24
20
24
20
11
6
21
2
12
21
24
1
22
13
1
24
22
14
3
14
0
23
1
0
1
5
9
16
15
24
6
24
4
16
5
2
1
1
0
18
18
18
12
18
2
8
18
7
10
20
0
0
24
23
23
20
23
23
23
23
23
4
23
21
23
22
23
21
23
17
23
22
23
22
23
20
23
22
23
23
23
23
23
19
24
24
21
19
24
24
6
23
23
