0
11
23
23
22
21
18
15
24
22
23
24
11
8
8
13
13
23
23
23
1
9
1
16
19
24
10
2
2
2
11
2
21
11
11
3
2
12
3
0
12
2
4
2
13
19
13
18
0
5
20
14
14
14
21
6
15
15
0
24
23
7
16
16
1
3
21
4
8
17
17
3
5
9
18
7
18
9
7
10
19
19
10
0
24
24
11
20
20
2
11
1
4
12
21
21
21
13
22
13
24
22
22
14
14
13
23
24
23
23
24
15
3
14
24
24
3
16
14
14
2
6
5
4
3
8
18
3
16
3
0
4
2
17
19
3
5
0
24
24
24
24
24
24
21
24
24
20
24
16
7
23
23
1
22
22
24
24
18
17
24
5
24
5
24
22
24
24
21
24
12
24
21
24
24
24
24
7
24
