24
11
8
12
12
21
12
10
9
21
9
18
15
9
10
8
23
24
9
9
1
15
1
9
22
15
10
2
2
2
24
2
11
12
3
18
3
3
18
12
1
13
4
4
18
13
1
3
5
4
5
14
4
0
15
6
23
15
15
23
24
7
4
16
7
1
17
20
8
17
17
2
21
9
18
18
9
18
22
10
22
19
10
22
11
24
11
20
11
5
6
8
12
6
21
12
10
8
13
24
2
22
9
14
14
24
23
9
12
23
15
1
24
15
11
24
24
16
2
15
11
10
15
17
4
14
3
18
18
16
4
2
4
18
13
13
0
24
23
23
21
23
23
21
23
23
23
23
23
23
23
22
23
7
23
17
20
23
23
24
23
23
17
23
23
22
24
22
24
22
19
24
24
22
24
24
6
19
24
