21
21
16
0
12
11
13
13
15
21
23
0
13
8
17
14
18
0
13
14
1
9
1
15
24
16
10
2
2
0
2
20
24
11
17
3
17
20
3
1
12
1
17
4
0
13
14
20
24
5
22
23
3
3
0
6
19
15
15
23
20
20
7
16
20
1
18
8
17
1
8
17
9
0
9
9
18
23
4
6
23
19
24
19
11
10
11
11
20
23
22
22
23
12
21
13
13
5
13
6
1
22
2
0
0
0
14
23
10
1
15
4
8
24
10
10
24
10
15
2
16
7
11
17
3
15
18
5
3
14
1
18
4
15
18
14
20
6
24
23
23
21
23
23
23
1
23
18
23
20
20
23
23
24
16
23
23
19
21
24
23
23
1
23
9
23
23
19
23
23
23
23
18
23
23
11
23
23
15
