5
7
0
17
18
27
18
11
32
8
0
0
29
27
27
0
30
1
10
21
10
30
1
2
31
18
21
12
3
18
3
13
32
4
4
13
4
14
4
5
1
23
26
15
6
15
16
17
6
7
1
2
3
8
8
8
29
18
9
32
9
19
25
1
10
20
0
29
11
1
21
27
3
29
12
22
1
31
27
27
23
13
14
14
1
24
2
15
31
0
25
31
16
5
26
10
17
5
17
0
27
18
9
32
28
0
19
9
5
32
29
20
1
10
21
30
16
1
31
31
7
15
31
23
32
3
13
32
20
19
16
15
25
24
5
1
22
26
4
6
15
16
28
6
30
32
2
31
26
27
31
29
32
32
32
9
31
28
30
31
23
31
27
31
32
31
31
31
29
31
4
31
30
32
27
32
13
31
9
31
24
32
30
31
32
25
31
30
16
26
24
