21
17
10
32
10
15
11
18
26
28
13
8
9
20
29
9
1
30
11
1
11
30
27
2
31
11
11
31
2
3
12
12
28
32
4
29
20
13
0
5
27
22
20
15
27
6
16
3
16
7
16
17
3
25
8
26
31
18
9
2
9
19
20
31
1
24
10
20
21
31
32
21
21
12
22
29
27
32
27
23
31
13
5
14
32
1
24
31
25
15
16
25
16
7
32
26
17
6
3
27
1
0
18
8
28
32
1
20
20
29
14
1
30
21
30
1
30
31
2
31
9
32
31
22
3
4
32
10
32
16
18
15
7
26
5
18
5
3
9
27
19
26
22
28
7
30
31
27
26
31
26
31
28
31
17
31
22
29
31
29
24
31
24
31
23
32
3
31
28
32
31
31
32
7
31
32
31
30
6
32
27
31
24
32
26
29
32
16
21
32
27
