58
30
52
19
37
12
53
44
24
64
31
19
56
13
30
19
31
9
1
1
11
42
31
23
16
2
2
44
47
42
35
3
3
32
46
50
4
4
4
4
38
41
47
5
5
1
50
58
17
63
6
52
48
41
7
52
36
22
36
5
29
8
3
9
52
3
22
9
3
10
21
53
7
5
36
11
1
4
11
24
12
5
2
50
26
52
13
56
34
46
14
32
27
57
36
39
15
28
36
58
16
63
29
51
47
61
17
61
55
18
18
31
61
18
48
36
41
19
52
52
59
14
56
20
21
2
10
62
35
10
34
22
63
5
63
62
19
50
37
64
52
54
12
17
17
5
24
25
38
26
18
39
63
52
52
15
57
49
59
28
41
42
52
22
29
43
50
57
22
52
7
17
44
31
56
45
44
26
20
32
11
60
48
64
54
33
2
63
46
53
49
15
48
21
35
13
60
64
36
15
51
49
37
24
57
63
18
30
22
38
28
58
39
52
17
9
1
60
40
40
64
21
1
32
30
8
19
31
17
1
43
11
21
43
10
16
2
30
64
33
4
35
25
36
32
46
16
46
17
39
37
64
5
47
30
0
15
39
64
63
63
39
49
15
11
40
64
7
22
50
5
6
51
3
9
52
37
41
13
0
10
11
24
43
54
36
11
54
42
54
64
0
55
2
38
26
12
24
18
63
61
14
50
5
57
24
64
63
59
63
59
63
63
29
63
63
61
63
37
63
63
59
63
25
63
63
63
62
35
63
63
37
63
31
63
62
63
62
57
23
10
63
17
63
50
63
13
48
52
64
64
59
46
44
61
55
60
63
36
40
26
6
48
63
57
59
63
46
61
59
28
18
25
64
42
64
58
60
38
64
55
64
64
55
33
52
27
44
61
61
43
55
63
61
64
60
23
63
63
61
53
38
15
48
21
35
13
61
64
64
21
59
11
18
24
57
63
24
63
13
30
14
19
