6
5
12
8
24
50
10
14
30
16
16
40
60
54
42
10
9
1
1
19
1
42
35
21
62
2
52
2
56
40
13
3
25
33
60
44
4
32
4
57
4
1
5
45
5
51
41
40
6
18
6
25
36
7
38
24
26
7
58
20
8
46
35
48
9
49
43
22
42
22
35
10
47
55
23
11
22
64
34
24
45
12
44
24
52
64
13
26
47
41
6
14
42
43
55
62
56
62
61
59
16
40
16
4
51
13
30
29
4
18
55
18
10
1
6
51
52
19
32
20
46
60
20
33
14
21
12
49
52
47
22
6
35
58
1
36
23
14
4
49
58
24
7
58
2
54
3
50
9
13
6
39
8
26
27
3
17
56
59
40
43
41
44
14
9
42
43
4
30
15
0
46
45
53
46
44
7
58
45
47
14
32
62
31
49
33
60
22
55
34
0
59
61
20
10
5
60
24
17
12
7
7
7
20
62
3
59
38
20
26
17
23
22
23
39
16
10
15
14
30
16
27
22
41
6
12
18
12
12
21
19
9
17
43
21
62
0
2
32
29
64
45
30
63
61
61
61
2
33
64
37
4
21
8
33
3
63
63
63
6
37
34
25
26
8
16
24
39
20
8
39
13
7
29
48
36
7
48
49
42
12
34
46
50
50
23
11
35
64
34
24
38
41
0
24
52
63
37
26
47
10
57
14
59
43
45
63
56
25
61
63
63
61
27
22
63
63
63
61
63
63
63
58
63
63
49
63
63
19
63
63
63
60
63
63
14
63
60
63
62
62
61
63
53
63
56
60
27
42
60
49
58
63
61
39
63
31
63
61
58
64
62
39
51
62
62
64
64
56
30
59
64
5
42
57
61
62
62
55
50
19
8
46
59
53
62
29
7
60
20
28
62
62
60
23
49
58
60
22
34
7
32
22
61
20
48
3
12
62
59
62
64
53
20
2
62
22
29
38
31
30
15
37
