32
9
15
26
54
19
30
56
37
13
42
33
63
30
63
34
49
43
12
1
1
61
26
34
30
2
2
41
32
40
3
3
3
3
61
53
4
34
4
4
28
27
27
30
5
63
1
34
6
32
6
32
33
35
7
19
60
2
2
44
8
39
48
9
23
9
9
5
22
4
22
10
24
1
11
1
23
23
11
12
24
49
25
52
52
13
45
13
26
64
14
49
4
60
36
50
15
46
8
43
16
16
30
10
30
2
54
17
0
12
61
42
18
32
45
41
19
47
33
44
55
13
20
61
41
21
63
35
35
53
55
22
36
14
13
37
23
37
64
62
24
0
49
0
25
13
53
62
55
26
52
26
26
10
54
8
8
61
64
27
51
28
8
29
56
62
22
45
1
61
58
30
54
0
60
31
26
53
18
26
18
28
6
8
56
1
16
63
29
6
59
63
59
50
35
31
64
15
32
51
4
57
18
37
19
33
34
34
53
26
15
63
9
15
26
54
8
27
56
37
62
14
33
23
23
63
38
26
26
12
64
17
26
64
34
40
19
64
41
5
17
3
42
42
26
61
18
6
2
32
4
2
26
31
2
44
32
0
34
6
9
7
1
40
8
7
19
39
22
15
47
17
6
48
32
16
9
36
5
22
25
22
10
4
38
11
14
51
1
50
12
25
53
25
52
52
56
52
55
52
57
31
61
64
63
59
63
59
63
61
61
31
16
59
63
51
5
57
51
63
52
59
30
18
63
59
41
9
63
63
54
63
63
63
38
63
51
63
35
49
60
63
40
63
63
62
64
60
49
64
64
62
57
49
47
63
39
63
8
26
63
57
26
63
49
63
39
8
53
64
27
55
47
60
62
30
64
58
30
3
20
64
62
54
35
60
60
51
4
63
63
41
47
6
8
58
61
61
48
61
61
58
63
63
20
16
30
32
63
53
8
4
25
18
1
64
56
6
35
35
62
39
48
