39
31
63
35
30
54
49
44
8
13
33
62
41
28
31
62
23
42
1
24
1
12
44
61
2
37
22
2
28
17
21
15
3
22
20
45
4
47
48
4
35
38
5
2
5
17
18
25
6
26
2
6
60
3
7
19
46
1
36
2
8
1
20
9
48
21
21
9
61
2
10
2
60
4
47
43
11
0
54
12
51
5
41
12
5
34
13
55
4
49
59
14
47
36
27
15
38
56
59
63
28
11
10
16
29
63
17
1
63
8
18
31
51
41
59
31
19
61
13
0
20
47
64
10
33
16
21
4
34
64
45
41
22
9
23
35
48
36
40
60
8
12
7
1
54
25
64
61
63
14
26
15
4
39
19
56
27
40
28
59
41
22
28
62
29
63
0
9
30
56
63
30
60
3
43
44
24
31
32
22
4
17
60
15
46
33
11
62
61
28
47
34
13
35
23
4
1
49
56
21
63
6
10
60
60
62
6
20
37
2
38
13
31
52
15
63
10
27
21
8
33
54
41
32
31
16
55
31
13
17
24
30
28
61
61
10
13
26
58
9
44
30
36
8
11
8
63
6
60
46
4
61
41
31
62
37
10
62
21
26
22
2
6
41
3
7
18
32
1
3
50
32
31
20
14
29
41
21
42
40
30
38
2
47
23
0
41
32
0
3
48
47
31
64
12
5
56
44
21
63
55
59
24
47
12
59
63
61
43
59
63
63
11
63
12
41
63
63
64
61
63
63
61
12
63
8
13
63
61
24
63
52
11
63
63
62
62
64
38
64
64
48
61
56
57
52
61
63
36
63
63
60
48
60
46
5
20
64
61
64
14
29
52
64
64
19
34
62
15
58
34
61
60
53
63
20
63
58
9
6
61
56
33
60
6
60
44
22
13
54
63
5
61
60
31
8
22
63
60
61
30
50
59
61
61
23
64
64
49
63
21
63
6
62
60
60
25
24
15
37
55
63
56
