2
6
33
45
20
12
55
18
47
58
41
11
41
56
34
31
30
26
1
1
62
14
16
30
2
26
48
33
2
64
1
39
3
1
1
25
42
58
4
37
29
58
42
5
17
45
3
19
36
6
2
52
56
7
33
3
7
7
7
8
25
41
8
20
56
5
9
21
4
10
22
43
32
10
38
11
6
40
11
25
24
2
2
25
12
13
52
48
26
34
47
14
27
57
26
15
45
5
9
29
58
49
64
4
58
59
1
61
16
17
13
56
18
30
19
61
58
60
63
62
20
10
17
20
33
17
21
51
42
60
46
62
54
35
3
35
23
10
53
37
24
50
4
19
24
47
8
64
18
12
62
38
19
45
18
27
52
52
9
18
41
61
18
42
41
29
18
19
14
64
55
56
6
11
6
4
6
8
64
63
32
22
62
27
54
23
2
5
7
47
17
53
25
22
33
35
57
3
18
24
18
63
34
50
7
4
31
12
4
62
59
15
10
33
35
8
12
39
63
13
1
25
64
41
25
61
37
37
39
28
39
62
62
3
30
24
7
64
64
2
63
63
6
3
22
1
60
39
26
29
5
44
18
32
44
29
45
3
19
62
3
41
30
22
7
63
15
32
7
7
64
23
26
64
5
6
52
9
12
4
9
31
50
33
10
29
11
50
20
28
25
30
16
36
56
42
20
5
29
26
34
64
27
61
5
63
61
61
5
63
29
59
49
61
4
58
63
23
61
63
42
63
56
13
63
58
63
32
63
63
62
63
62
63
63
60
17
63
51
58
64
64
62
64
64
40
48
62
63
63
59
57
62
63
63
43
7
64
64
64
54
62
60
19
57
57
27
63
52
63
55
41
61
51
14
10
39
63
1
14
64
1
56
59
61
59
4
61
25
49
63
32
36
63
10
44
23
53
20
12
15
60
52
25
2
1
35
2
33
64
24
61
33
34
50
64
13
34
47
64
39
59
24
