10
27
6
60
17
19
63
62
13
8
25
63
60
15
10
14
42
64
1
1
0
22
61
62
2
60
14
2
40
37
13
3
21
40
36
45
4
16
15
4
44
64
5
1
2
0
17
6
5
6
6
26
19
26
33
7
26
39
52
4
8
57
5
56
20
9
1
35
4
22
10
48
36
2
43
24
11
1
64
24
61
54
12
61
51
13
1
35
46
57
46
48
14
47
45
3
15
38
29
4
60
16
7
28
41
29
51
51
50
18
9
59
18
2
47
64
32
19
0
53
20
15
51
63
34
57
33
21
35
43
22
51
14
22
23
61
42
6
44
1
48
2
37
10
14
63
0
25
26
60
48
18
26
3
0
27
56
27
41
64
1
12
55
14
5
29
42
60
43
51
20
10
1
1
12
31
24
2
15
9
32
45
61
12
64
61
14
54
21
22
12
64
47
35
34
18
4
1
36
9
18
9
11
22
63
51
37
50
54
53
52
25
27
6
39
17
18
63
24
63
8
20
64
60
18
16
14
15
64
15
1
63
57
63
62
44
62
58
44
59
37
5
12
60
46
4
21
4
61
44
44
44
64
12
11
48
48
23
63
15
63
6
42
64
28
33
50
33
39
16
25
28
43
51
52
29
6
28
35
38
22
19
9
41
2
33
24
11
1
35
33
64
27
54
55
38
49
63
32
45
31
48
59
57
59
45
63
38
14
63
63
10
63
63
63
59
64
63
63
61
63
9
59
63
2
1
63
62
53
63
63
22
62
62
63
60
63
63
14
48
43
27
63
14
61
0
61
61
63
63
1
61
61
55
59
62
57
64
42
53
44
48
64
64
53
48
27
56
64
44
64
62
64
56
57
2
53
47
64
62
57
57
5
35
61
64
61
64
56
56
58
35
47
61
45
64
61
15
56
62
22
24
59
22
62
62
64
33
42
62
45
64
8
29
62
63
12
43
6
25
5
63
6
