19
21
12
37
9
63
31
37
57
62
22
29
14
44
48
10
0
18
43
1
1
61
32
63
22
2
59
43
51
41
13
3
60
50
23
26
16
4
16
63
29
41
5
33
51
55
1
26
39
6
37
32
3
7
3
3
7
58
40
8
42
35
32
20
2
9
21
3
46
10
35
41
10
35
57
39
11
3
3
39
36
50
12
24
27
13
59
26
25
64
2
39
14
33
53
15
59
2
60
32
51
16
4
45
42
52
17
3
4
57
18
4
18
42
19
7
31
42
19
19
46
11
20
60
45
8
21
49
34
45
9
22
46
0
35
23
1
2
64
56
63
51
48
24
25
38
6
25
63
46
50
57
47
19
61
5
3
62
63
40
28
55
4
50
51
29
52
51
16
64
51
4
55
43
0
52
9
44
26
9
32
45
25
33
62
18
14
34
17
34
34
21
34
0
58
4
15
13
0
64
49
60
5
1
37
7
50
10
64
4
58
38
17
53
52
9
63
31
12
7
62
22
53
8
33
0
10
24
42
22
43
9
62
24
0
22
58
59
59
44
58
63
3
63
39
23
26
3
8
3
18
4
31
62
62
23
27
1
36
11
9
5
17
3
64
12
3
9
15
45
8
29
35
36
30
30
34
0
6
21
28
40
12
10
32
6
22
11
32
48
11
21
64
55
54
18
32
41
63
21
38
2
28
59
11
57
63
14
59
37
63
63
9
63
61
63
63
63
63
4
63
63
63
64
63
63
63
59
59
63
63
3
63
63
62
63
63
63
62
46
10
59
61
63
41
63
63
54
60
64
49
52
44
63
24
63
39
1
24
63
46
8
35
54
62
48
62
63
62
63
2
29
55
14
50
61
64
52
6
63
17
63
63
12
58
0
52
58
60
61
56
61
45
25
33
62
62
14
58
21
42
10
21
1
0
58
60
10
13
61
64
49
33
5
50
37
7
50
52
64
1
62
32
