25
43
15
55
0
62
35
44
46
25
64
41
59
59
42
59
31
50
1
1
31
61
12
33
2
48
2
24
24
14
31
3
3
43
52
26
29
1
4
1
56
34
5
17
28
5
17
35
6
62
1
6
3
2
7
4
51
20
3
8
37
51
5
8
9
4
22
28
22
10
35
10
30
53
52
11
11
47
42
12
12
12
12
33
1
46
51
13
4
14
27
14
27
28
62
28
15
37
12
29
16
4
56
16
17
12
45
17
63
42
40
18
18
4
7
2
9
15
61
19
39
20
51
7
55
59
21
47
47
2
22
18
41
12
64
23
3
12
5
11
61
64
24
55
52
9
64
25
58
1
26
49
57
3
10
27
9
46
28
17
60
28
53
3
29
52
29
64
18
30
56
18
13
55
5
62
5
50
16
31
32
63
1
33
15
59
29
14
30
17
23
34
21
35
12
54
32
15
54
11
36
12
21
2
4
17
37
60
56
20
10
25
57
39
38
23
62
22
60
37
40
4
9
41
59
42
59
41
64
1
27
31
15
64
22
10
27
2
13
42
63
43
3
32
24
46
26
63
31
22
6
27
34
48
5
28
32
37
35
45
46
29
40
21
37
32
37
51
4
45
8
37
0
18
9
9
0
54
40
6
50
39
40
27
9
52
56
37
57
42
58
12
39
12
51
26
60
52
30
58
60
14
62
34
62
35
49
64
45
64
33
16
4
17
62
58
12
64
64
64
64
64
64
55
63
63
58
63
63
61
61
4
62
62
64
64
25
52
61
64
50
1
50
64
12
64
22
37
12
61
64
58
64
24
55
49
64
47
50
64
18
5
24
64
3
12
60
64
1
64
48
60
58
15
41
29
64
28
64
18
30
56
64
58
62
5
62
63
3
52
63
32
63
61
33
27
59
55
5
57
10
8
34
64
35
10
60
10
15
22
16
34
37
21
2
64
5
24
21
62
62
20
54
