7
42
31
55
0
61
15
6
19
47
50
57
54
60
63
31
26
11
1
1
27
53
33
63
10
2
27
2
52
23
17
40
55
14
3
58
64
4
16
15
1
63
5
23
34
2
17
32
6
24
6
28
46
27
19
7
18
28
42
20
8
1
1
21
52
9
35
51
56
60
64
21
10
32
37
11
0
45
62
24
12
31
44
57
41
13
38
63
43
46
52
61
14
27
15
50
59
15
59
0
50
60
58
16
17
63
29
30
11
18
47
58
18
9
2
0
32
60
19
20
3
4
32
33
4
54
21
47
7
34
4
22
43
54
1
11
50
18
23
52
50
24
57
16
37
16
57
61
46
26
58
38
52
48
40
17
53
40
60
40
28
2
42
40
55
41
13
22
8
54
58
63
31
51
56
9
25
62
32
63
31
32
52
15
45
63
0
20
34
46
56
13
14
17
3
59
22
1
48
5
61
49
57
37
4
6
56
0
16
38
64
7
51
51
39
64
16
19
4
40
27
4
9
54
15
63
13
26
20
33
26
14
19
22
63
33
14
62
32
24
34
0
63
12
45
33
35
33
26
61
25
64
8
14
26
29
31
38
35
20
38
63
49
23
27
19
4
18
64
30
20
12
0
26
21
23
39
0
35
12
17
8
45
10
31
5
11
14
1
4
30
34
4
39
27
41
13
11
64
34
38
40
61
63
61
50
61
59
61
63
0
14
4
59
63
5
63
63
63
11
52
64
37
64
61
2
44
64
64
34
23
60
60
64
64
4
54
64
64
7
64
44
60
64
64
3
64
61
61
23
62
64
24
64
28
57
61
57
61
16
19
64
6
55
48
42
62
53
64
60
62
53
45
42
39
14
61
61
16
61
63
8
63
13
59
61
59
61
63
28
63
59
61
21
31
46
63
34
59
20
46
19
13
63
17
0
7
62
31
49
11
64
64
31
37
4
6
56
0
64
3
64
15
