6
12
9
12
7
12
23
22
15
7
22
21
22
17
16
23
19
8
9
1
1
1
1
20
10
0
24
2
21
2
17
11
2
12
3
17
3
18
12
3
4
4
13
4
13
3
14
5
23
14
5
24
21
15
6
23
15
15
23
7
20
16
7
16
23
8
17
24
17
7
24
9
8
7
18
21
22
4
5
19
21
10
11
22
20
24
7
20
12
9
12
22
21
21
22
23
13
22
6
22
9
14
23
14
8
23
23
1
9
10
8
24
9
24
2
11
12
12
16
17
5
1
2
2
12
12
1
18
18
13
13
13
4
3
23
23
20
23
21
23
23
21
23
23
24
23
10
23
21
7
24
24
8
23
24
24
8
24
9
24
18
24
21
24
24
24
24
21
24
21
24
24
24
7
