11
5
0
12
12
6
13
13
10
19
17
20
8
9
9
20
0
14
1
1
9
12
1
23
10
24
17
2
10
2
1
2
11
12
11
3
1
2
12
13
4
4
4
0
13
2
2
5
23
20
14
15
2
6
5
22
15
23
1
7
16
7
16
7
17
3
8
17
8
17
8
2
9
4
18
1
3
19
10
1
19
0
0
11
3
11
20
11
4
0
12
11
21
12
13
24
24
13
12
22
0
14
9
4
14
23
1
2
11
9
8
10
24
16
24
13
2
14
2
2
3
5
3
7
16
4
13
4
4
10
17
17
2
21
10
23
23
21
23
17
23
5
23
21
23
18
23
4
23
23
22
24
18
24
23
23
17
23
21
21
23
18
23
20
21
23
23
24
20
24
24
1
24
4
