7
6
12
5
10
11
9
12
13
24
0
13
8
22
9
24
8
15
22
1
15
1
13
9
17
16
10
24
2
0
11
1
11
21
20
3
12
12
12
12
4
12
4
1
13
2
5
5
1
5
14
24
20
6
0
6
15
23
23
21
7
16
24
16
8
21
8
17
22
21
1
24
9
18
9
9
19
10
19
19
10
19
5
23
11
20
7
7
0
12
24
0
21
6
12
13
1
22
13
5
22
14
24
24
15
24
23
15
1
0
0
24
4
24
24
15
15
17
12
17
13
9
18
5
1
18
12
5
3
6
19
11
2
19
2
2
23
23
24
24
6
24
19
23
23
7
23
23
23
21
24
24
23
24
23
23
7
23
23
23
12
23
9
23
0
23
19
23
22
19
23
23
24
8
