20
6
24
8
9
23
24
13
14
9
7
19
13
11
12
23
9
8
18
1
13
1
23
10
24
11
24
16
2
18
16
11
1
3
3
12
3
1
12
13
4
4
18
4
13
18
19
20
5
2
14
2
1
21
6
20
15
3
2
7
16
7
16
1
17
8
21
20
17
20
18
9
8
24
18
24
10
19
24
10
2
1
0
11
20
6
20
20
6
24
12
9
21
10
10
13
13
24
22
13
14
5
14
23
14
4
23
0
14
1
24
16
7
24
24
7
17
14
13
17
3
3
12
3
16
4
18
11
7
18
10
19
18
19
20
24
7
24
4
20
21
24
20
8
24
21
24
22
24
6
24
24
22
24
20
24
21
24
24
20
24
18
24
22
24
24
24
24
24
24
24
20
23
12
