20
15
13
11
12
21
18
0
22
24
11
11
23
14
24
8
14
12
19
1
9
1
0
18
19
0
10
2
22
1
2
20
11
20
1
3
17
24
13
19
4
4
19
4
13
22
2
5
23
14
14
14
22
20
6
15
16
15
24
3
7
5
16
2
24
24
24
17
1
18
8
9
24
18
23
23
7
10
19
7
9
9
7
11
20
10
11
20
24
1
12
5
21
0
0
22
13
8
6
22
13
13
14
6
9
23
0
9
1
1
16
0
24
2
16
4
1
7
3
2
6
17
3
6
0
18
2
4
18
19
18
13
12
0
5
4
23
18
23
22
24
24
24
24
21
24
19
24
5
24
3
24
24
20
17
23
3
23
20
24
24
23
23
21
23
23
7
24
22
22
24
0
10
4
