20
7
23
6
6
20
13
14
6
14
13
7
11
7
14
24
11
11
15
1
1
9
21
9
1
10
2
24
2
10
15
11
14
0
11
3
14
14
17
12
12
12
4
17
15
1
19
5
20
14
5
21
14
6
2
6
15
17
16
3
7
1
16
19
18
8
19
17
8
17
18
22
22
19
18
22
10
22
4
10
19
2
20
5
11
20
23
20
7
24
12
22
21
13
21
24
24
13
22
0
22
14
24
0
8
15
23
12
15
12
3
16
24
2
24
24
10
8
17
2
3
10
3
14
14
18
0
14
12
4
19
9
11
19
5
0
23
23
21
23
23
24
23
23
17
23
21
2
23
6
19
23
22
23
21
23
16
24
24
24
24
0
21
24
19
21
10
24
14
3
23
23
19
24
