30
10
31
7
0
23
23
0
32
31
19
15
31
28
20
9
1
15
19
27
17
31
2
25
23
28
17
3
0
12
22
4
4
0
4
1
5
14
5
1
29
6
6
22
22
6
16
7
1
17
1
8
2
18
29
18
2
9
24
24
30
10
20
4
26
10
11
28
21
12
4
12
22
13
13
12
8
23
23
14
30
8
24
24
25
32
15
0
10
26
17
26
17
31
30
10
27
18
0
11
31
19
10
9
29
20
9
1
20
20
30
9
10
7
31
23
8
18
9
0
23
32
18
12
14
17
4
5
0
26
26
1
19
6
22
4
28
16
27
26
24
31
8
10
30
29
4
31
8
28
31
31
10
32
4
32
28
32
28
31
12
30
31
26
28
32
25
19
32
28
22
15
32
24
26
9
31
17
0
31
4
31
