14
7
7
30
30
7
25
12
28
8
12
17
15
12
29
1
26
1
27
16
16
2
1
2
31
12
2
3
12
24
32
4
4
29
4
14
5
5
14
5
21
15
6
27
32
16
17
7
24
17
18
8
2
3
24
26
9
9
19
10
10
10
20
30
10
11
2
28
21
11
12
29
32
23
30
13
23
23
24
32
24
6
15
15
25
1
31
0
31
17
26
17
11
16
27
31
8
2
12
28
29
2
9
19
9
29
29
9
30
20
16
17
22
1
32
31
12
23
23
6
11
32
14
24
4
8
25
2
25
14
9
19
24
6
27
19
6
10
32
24
32
30
8
32
30
28
32
30
24
31
17
10
31
11
0
31
30
22
27
31
1
12
27
32
25
9
31
12
31
20
32
24
25
32
10
25
31
29
14
31
12
32
