10
6
29
27
18
29
21
19
28
8
13
8
13
9
16
1
1
1
10
12
32
21
2
27
19
11
11
26
3
14
32
13
4
13
3
30
14
5
4
26
22
15
6
0
5
17
18
7
6
23
17
18
8
6
8
32
9
6
32
28
20
10
9
10
11
21
11
21
32
0
31
22
24
8
13
12
23
1
0
14
24
9
11
11
25
7
25
15
31
26
31
10
17
0
27
18
32
19
19
28
8
13
29
8
29
16
20
8
21
30
21
32
21
7
31
19
18
11
16
32
22
32
4
24
13
13
11
22
14
26
26
0
15
19
0
5
27
7
31
30
31
17
29
32
4
27
32
32
32
32
31
31
10
29
31
11
2
28
31
30
15
32
30
32
32
32
28
31
4
26
31
24
32
29
11
31
3
31
32
11
31
31
