16
31
18
26
27
13
7
11
32
7
28
26
25
24
32
1
1
1
9
30
2
2
17
23
2
32
3
32
18
3
13
3
4
3
1
13
5
21
5
27
15
6
6
15
15
16
6
16
7
32
18
25
28
18
9
23
9
21
19
32
20
10
29
10
25
11
6
21
0
26
12
22
28
28
22
23
13
4
2
30
5
24
15
24
25
15
3
16
32
6
26
16
0
17
18
27
30
7
0
8
7
28
28
6
29
20
10
30
1
6
30
20
2
12
11
31
32
2
23
32
15
32
3
13
23
19
22
15
21
15
5
18
20
6
15
15
16
18
16
30
32
18
1
32
18
32
29
19
31
12
31
2
31
29
30
3
31
6
22
29
32
25
29
32
29
14
32
8
4
29
32
30
24
15
32
25
32
30
16
32
6
25
