17
15
10
27
27
18
19
17
28
8
19
15
30
31
18
30
1
20
20
15
11
11
2
28
25
12
3
3
13
3
12
12
4
0
14
5
5
15
4
26
16
5
6
1
6
6
16
7
17
17
8
8
8
18
19
18
9
19
20
9
3
10
31
20
21
28
10
21
12
0
12
22
26
22
23
13
23
4
24
14
24
2
31
10
25
31
15
26
16
26
10
26
27
17
31
27
18
7
17
28
29
19
18
31
29
19
2
8
20
30
22
22
0
4
31
14
31
13
23
13
0
32
12
4
0
16
18
12
11
5
5
16
24
6
0
6
6
26
7
31
17
31
3
31
8
30
31
9
31
20
31
3
10
2
32
9
28
32
32
32
32
26
32
1
22
31
23
31
27
32
8
32
10
31
29
25
31
15
30
32
26
10
