26
10
0
11
19
20
10
27
11
13
25
13
32
19
29
30
1
9
9
32
10
2
10
2
23
12
3
18
3
12
13
4
4
30
19
4
19
5
14
14
15
25
6
25
16
26
22
6
7
6
1
28
8
18
23
32
9
19
32
9
20
10
31
7
20
11
26
2
1
22
12
22
31
22
2
30
13
28
2
14
10
24
4
25
7
1
16
11
31
32
31
26
32
27
11
30
18
28
12
9
28
30
9
8
29
18
20
1
30
4
30
30
2
22
2
31
20
32
32
0
16
32
4
4
11
18
13
14
5
17
10
15
18
20
15
12
14
30
6
0
32
18
28
32
32
1
32
14
32
32
9
31
2
31
6
31
30
26
31
5
29
10
31
16
22
32
30
32
12
31
31
31
27
31
11
28
31
11
24
31
22
31
