27
7
21
20
27
7
29
8
28
31
19
25
14
20
9
19
1
16
10
32
10
2
22
2
12
12
18
3
13
13
14
3
4
32
14
4
16
5
1
15
5
18
6
16
2
17
0
7
25
17
2
3
8
26
18
18
19
9
20
25
32
10
0
10
11
21
11
32
10
22
12
22
13
13
8
23
14
14
24
13
14
24
24
25
15
26
1
26
30
26
26
27
27
6
27
27
18
29
28
28
19
19
6
29
20
30
9
10
32
30
30
21
31
13
31
22
21
11
23
32
10
0
22
4
23
24
13
14
11
12
24
14
6
14
2
0
0
20
31
2
30
26
32
26
9
32
31
29
31
32
30
32
10
31
24
31
8
5
32
11
26
12
31
27
13
31
23
32
4
18
27
31
24
22
25
31
27
27
32
30
31
31
