7
8
7
0
9
28
0
24
28
7
32
21
19
23
16
1
21
1
32
0
30
2
2
2
1
31
32
3
32
24
24
22
13
4
13
23
16
5
14
5
1
0
6
24
26
16
1
7
23
28
18
17
7
4
4
9
8
10
25
10
19
4
1
26
20
21
21
21
21
9
9
12
22
13
32
13
32
23
7
13
0
24
2
15
29
25
4
25
16
1
32
26
0
7
17
27
12
3
32
28
19
32
12
19
29
14
1
11
21
30
0
30
22
2
2
31
12
22
10
23
3
32
18
18
4
13
18
26
18
18
5
1
0
5
16
26
16
1
32
32
3
4
31
4
26
29
31
8
25
30
31
4
30
31
30
32
29
32
4
31
27
30
31
24
29
32
17
32
30
32
23
32
32
32
26
32
10
3
32
16
32
32
