32
31
23
18
27
7
7
7
28
17
21
29
9
29
16
1
1
1
11
10
16
15
2
27
16
31
3
29
3
12
1
4
4
13
15
15
4
5
23
25
2
16
6
16
1
25
17
7
17
3
19
8
19
2
18
9
8
9
19
8
28
2
10
20
20
5
21
11
32
6
31
12
22
0
6
24
13
14
24
4
24
15
15
14
25
4
30
16
26
2
26
32
31
10
18
27
13
18
28
28
13
29
29
11
29
14
30
30
0
30
21
10
10
21
31
23
32
16
23
32
19
32
16
16
13
20
13
18
19
23
25
24
16
6
24
24
7
32
21
32
21
20
8
31
30
31
18
31
9
31
31
28
32
1
24
32
30
32
11
32
23
31
25
31
28
31
6
27
31
29
24
32
12
32
14
32
4
31
16
32
28
32
