8
5
29
8
13
13
31
33
22
1
9
1
1
11
11
16
2
25
2
3
3
3
4
4
5
13
13
14
1
1
6
7
5
6
17
17
17
18
21
18
9
9
10
3
35
19
11
24
20
21
22
21
22
22
31
13
23
23
14
15
24
25
15
16
25
26
26
17
17
10
18
19
32
29
28
16
15
30
29
16
30
31
31
33
22
22
9
32
34
36
33
34
14
25
26
3
10
11
4
21
22
21
36
6
1
1
36
35
36
30
17
13
5
0
24
32
35
35
35
35
35
35
36
35
35
35
35
35
35
35
35
35
36
34
14
35
32
35
12
35
29
3
36
36
17
36
35
19
4
29
28
36
6
