29
20
7
21
30
17
31
9
25
1
1
11
1
9
25
12
2
2
3
2
3
26
12
4
4
5
4
5
6
14
29
17
29
3
7
16
8
18
18
17
9
25
10
19
19
26
20
20
11
9
21
12
22
13
13
23
24
23
24
24
15
25
16
25
12
26
26
17
27
27
27
28
14
28
19
15
29
29
20
21
30
17
31
31
23
18
32
18
33
36
18
20
20
25
3
25
20
26
12
24
27
17
17
36
36
5
1
35
36
24
26
25
19
27
18
1
36
36
36
36
36
36
36
36
35
35
35
35
35
36
36
36
36
35
31
35
15
33
16
25
36
33
35
35
35
33
36
33
35
36
35
36
23
