28
29
20
30
31
31
30
22
31
1
1
35
24
1
10
2
12
13
16
3
3
4
3
26
22
4
5
14
6
19
14
5
16
6
7
7
8
16
17
19
22
9
10
35
36
10
11
21
21
20
12
22
13
22
10
22
10
28
23
14
10
24
31
12
16
25
26
26
27
18
27
8
28
19
19
20
28
29
15
30
31
31
30
22
31
32
22
36
24
32
20
33
33
15
14
34
3
9
35
24
22
25
23
16
23
23
36
36
16
24
7
25
8
10
26
28
36
35
35
35
35
35
35
35
35
36
35
35
36
36
35
35
35
35
35
36
35
35
36
12
36
35
24
26
35
36
27
36
31
19
36
35
33
