6 6 16 16 16 16 16 16 16 16 16 16 16 1 1 1 1 1 13 13 13 1 13 13 13 12 4 4 2 12 2 3 3 3 6 6 6 14 14 14 14 14 8 8 8 15 15 1 1 1 1 1 1 1 1 1 1 1 8 8 8 8 8 8 8 8 8 8 8 8 8 8 8 8 8 8 8 8 8 8
12 9 9 9 9 9 9 6 6 6 6 6 16 1 1 1 1 8 2 2 16 2 10 16 16 16 14 14 14 14 14 0 0 0 6 6 0 5 15 15 15 15 15 15 15 15 15 1 5 5 5 5 5 5 5 8 8 8 8 8 8 8 8 8 8 8 8 8 8 8 8 8 8 8 8 8 8 8 8 8
8 8 5 5 5 8 13 13 13 13 16 8 12 1 1 1 1 1 1 1 1 10 15 1 12 13 4 4 4 12 12 14 14 14 15 15 15 15 15 15 7 7 7 15 15 15 8 7 7 7 7 7 7 7 7 7 7 7 8 8 8 8 8 8 8 8 8 8 8 8 8 8 8 8 8 8 8 8 8 8
6 4 4 4 11 6 11 6 6 6 11 11 11 1 1 11 11 2 2 9 11 11 11 3 11 11 11 11 3 3 3 5 5 2 16 16 15 0 15 15 15 15 15 15 15 15 3 3 5 8 8 8 8 5 3 3 5 8 8 8 8 8 8 8 8 8 8 8 8 8 8 8 8 8 8 8 8 8 8 8
4 4 4 7 13 5 5 5 12 8 8 0 0 1 1 0 0 0 1 2 0 15 11 11 11 1 4 11 13 13 14 16 16 5 16 14 14 14 14 14 14 14 7 7 7 8 5 5 5 5 6 6 6 8 8 8 8 8 8 8 8 8 8 8 8 8 8 8 8 8 8 8 8 8 8 8 8 8 8 8
16 14 14 14 14 14 16 16 16 16 16 16 16 1 1 1 1 1 2 16 16 16 16 16 16 16 16 16 4 12 12 12 12 16 16 16 14 14 14 16 14 0 0 0 8 8 8 8 8 8 8 8 8 8 8 8 8 8 8 8 8 8 8 8 8 8 8 8 8 8 8 8 12 8 8 8 8 8 10 5
10 11 11 11 11 11 11 11 11 11 11 11 11 1 11 11 1 11 9 11 2 10 10 10 3 3 14 14 14 14 14 14 14 14 14 6 2 6 6 14 14 14 14 7 7 7 7 7 7 7 7 7 7 7 7 7 7 7 7 7 7 10 10 7 7 8 8 8 8 8 8 8 8 8 8 8 8 8 8 8
5 10 10 10 6 6 6 6 6 8 8 8 13 1 1 1 0 15 15 2 15 10 10 10 10 10 4 4 12 12 12 13 13 13 13 4 4 4 4 4 15 4 15 15 15 6 8 8 8 8 8 8 8 8 8 8 8 8 8 8 8 8 8 8 8 8 8 8 8 8 8 8 8 8 8 8 8 8 8 8
7 7 7 7 7 7 7 9 9 9 9 9 13 1 12 12 10 2 2 2 10 15 10 10 3 3 15 4 4 4 4 4 4 4 4 4 1 1 1 1 16 15 15 15 15 3 3 3 3 3 3 3 3 3 3 3 3 3 3 3 3 3 3 3 3 3 3 3 3 3 3 3 3 3 3 3 3 3 3 3
12 12 12 12 12 12 12 12 12 9 9 9 9 1 9 1 9 8 10 2 13 13 10 3 13 13 13 13 13 13 13 4 13 13 13 2 2 13 13 5 5 5 5 5 5 5 5 16 6 6 6 6 6 6 6 6 6 6 6 6 6 6 6 6 6 6 4 4 4 4 4 4 4 4 4 4 4 4 4 4
0 0 0 0 0 0 0 12 14 8 8 12 12 8 1 8 8 8 14 2 12 12 11 3 3 3 4 4 4 4 4 4 4 4 4 14 15 15 15 15 15 15 15 15 15 15 2 2 2 2 2 2 2 2 2 2 2 2 2 2 2 2 2 2 2 2 2 2 2 2 2 2 2 2 2 2 2 2 2 2
4 4 6 6 6 7 6 9 9 9 9 8 8 8 8 8 8 8 2 2 2 1 10 3 3 16 12 4 4 4 4 0 0 0 0 0 14 14 14 14 14 14 14 6 6 6 6 6 9 9 9 9 9 9 9 9 9 9 9 9 9 9 9 9 9 9 9 9 9 9 9 9 9 9 9 9 13 9 9 9
0 6 6 6 6 13 6 6 8 8 8 7 7 7 1 1 15 9 2 2 16 10 10 3 3 3 13 4 4 4 4 4 13 13 13 13 13 13 7 7 7 6 6 6 6 6 6 8 8 8 8 16 16 16 16 16 5 8 8 8 8 8 8 8 8 8 16 16 16 16 16 8 8 8 8 8 8 8 8 8
7 7 7 7 7 7 10 10 10 7 11 16 8 1 1 8 15 8 15 15 15 10 3 3 3 3 3 4 4 4 4 3 3 14 14 14 14 14 14 14 14 1 1 1 1 1 16 9 9 9 9 9 9 9 9 9 9 9 9 9 9 9 9 9 9 9 9 9 9 9 9 9 9 9 9 9 9 9 9 9
7 0 0 0 0 0 14 14 14 14 14 9 9 1 9 9 9 16 2 2 12 14 1 3 3 12 12 4 4 11 4 2 2 16 16 16 16 16 16 16 16 16 16 16 16 15 2 10 10 10 10 10 10 10 10 10 10 10 10 10 10 10 10 10 10 10 10 10 10 10 10 10 10 10 10 10 10 10 10 10
13 6 6 6 6 6 6 12 6 12 9 9 9 1 1 1 8 8 10 10 10 10 10 3 11 11 4 4 4 4 4 4 15 15 15 15 15 15 15 15 15 15 15 15 15 15 15 2 2 2 2 2 2 2 2 2 2 2 2 2 2 2 2 2 2 2 2 2 2 13 3 2 2 2 2 2 2 2 2 2
8 8 8 14 14 8 7 7 7 7 7 7 7 7 1 10 12 9 1 2 2 10 11 11 11 11 13 13 13 13 13 13 13 13 13 13 6 6 6 6 6 15 15 15 15 15 15 7 7 7 7 7 7 7 7 7 7 7 7 7 7 7 7 7 7 7 7 7 7 7 7 7 7 7 7 7 7 7 7 7
3 3 5 5 5 5 11 15 15 15 15 15 15 1 1 1 1 15 10 2 2 2 1 3 3 3 12 4 4 4 4 4 4 4 16 16 16 7 7 14 7 7 7 16 16 16 16 4 4 4 4 4 4 4 4 4 4 4 4 4 4 4 4 4 4 4 4 4 4 4 4 4 4 4 4 4 4 4 4 4
8 14 8 8 8 8 7 7 7 11 11 15 15 1 1 1 8 8 8 2 10 16 10 10 1 1 4 4 4 4 4 4 4 4 6 6 6 6 6 6 14 6 6 7 7 7 7 7 7 7 7 7 7 7 7 6 7 7 7 7 7 7 7 7 7 7 7 4 4 4 4 6 6 6 6 6 6 6 6 6
0 0 0 0 0 0 0 0 7 0 0 0 0 0 1 11 12 12 12 12 12 12 12 3 3 3 15 11 11 11 3 12 3 3 3 3 15 15 15 15 15 15 15 15 15 15 15 9 9 9 9 9 0 9 9 9 9 9 9 9 9 9 9 9 9 9 9 9 9 9 9 9 9 9 9 9 9 9 9 9
