24
0
12
7
22
21
7
13
13
22
7
22
7
14
8
22
17
24
14
9
1
1
1
1
22
20
10
16
2
15
22
2
11
17
3
11
3
17
12
18
12
4
4
0
4
13
14
16
5
14
5
16
14
15
6
17
6
21
0
18
7
3
16
7
21
23
23
22
8
17
3
2
21
21
9
18
23
18
10
10
10
2
19
10
0
1
11
20
11
11
5
12
5
3
21
12
13
13
13
13
22
0
14
3
23
5
23
14
23
15
8
15
1
24
3
2
24
6
3
0
11
11
17
9
11
3
17
12
18
12
4
19
18
4
13
19
20
5
24
23
8
23
15
21
23
6
24
0
24
7
21
23
23
21
23
23
15
23
16
11
23
21
21
23
22
23
18
22
23
22
22
10
23
20
6
23
24
24
