11
20
22
24
7
21
23
19
15
7
0
12
7
8
13
18
17
8
16
1
23
1
15
23
10
0
24
24
2
16
11
11
20
11
22
3
12
2
17
12
1
17
4
2
13
2
13
0
5
14
5
15
23
5
19
6
24
15
22
23
7
7
16
7
16
16
23
8
17
1
17
20
20
9
3
4
18
24
24
19
10
24
0
19
23
11
23
11
20
5
12
5
7
12
21
5
6
13
12
0
22
6
13
14
14
2
14
23
14
23
1
15
24
24
2
24
24
8
16
9
7
2
5
13
0
12
16
15
19
18
17
4
2
15
17
14
13
18
23
23
9
23
5
23
6
23
23
22
24
24
20
23
5
23
16
23
3
23
17
24
24
19
24
24
24
24
24
24
11
24
24
22
23
23
23
23
11
20
