13
21
22
8
21
10
21
13
13
22
11
0
22
10
8
18
14
9
21
1
1
20
1
1
20
19
10
2
1
2
16
24
0
11
16
11
3
21
13
16
1
18
4
13
19
18
2
22
23
5
14
19
14
14
6
23
15
16
6
7
7
2
7
16
1
0
21
22
17
8
17
24
5
2
18
18
18
10
10
10
19
10
19
19
3
20
11
0
20
8
21
1
12
21
5
21
8
13
22
22
6
22
13
8
4
14
9
15
23
15
11
15
12
13
24
10
2
24
13
16
16
0
17
15
3
3
8
7
16
2
13
10
12
19
2
2
2
0
19
23
23
24
23
23
21
23
14
23
7
23
23
21
24
17
24
16
17
24
24
17
24
5
24
11
21
24
10
24
24
23
23
19
23
23
23
23
20
23
