6
21
0
6
11
6
13
17
12
22
13
12
22
11
16
8
0
0
17
1
1
20
1
15
24
10
16
2
1
2
16
11
11
24
11
3
12
18
3
12
12
4
4
1
4
13
3
3
5
1
5
14
15
14
6
2
6
24
24
24
16
7
16
16
0
23
17
8
7
17
17
23
4
18
9
22
18
4
10
10
10
19
10
0
24
2
20
11
3
20
10
3
21
11
10
0
13
12
22
13
11
22
11
14
14
0
0
2
23
1
1
15
15
10
24
16
10
16
2
6
12
0
7
11
16
8
18
3
11
4
4
4
11
14
2
3
19
24
23
17
23
21
23
23
23
6
23
23
0
24
21
24
24
22
23
21
23
8
20
23
23
4
24
24
24
23
20
23
12
23
2
24
3
24
2
24
24
3
