24
6
11
6
21
0
13
13
11
13
8
8
0
0
10
15
0
8
23
1
1
9
1
20
0
16
10
2
24
2
1
11
24
12
22
3
12
12
3
12
23
4
0
4
24
13
13
13
5
14
5
23
19
5
6
2
15
6
15
15
5
5
7
16
23
17
17
8
17
17
24
17
9
18
19
9
18
4
5
24
24
10
19
7
11
6
11
11
20
4
21
8
12
21
24
21
13
0
13
0
23
22
9
10
14
0
23
8
1
23
9
15
7
0
11
24
16
24
2
16
10
3
16
17
3
14
13
5
16
9
4
15
18
9
19
18
13
5
23
23
23
22
23
22
23
23
24
20
24
15
22
24
6
24
19
17
24
17
8
24
7
21
7
24
3
24
12
24
24
19
10
24
22
22
24
11
24
23
