12
6
23
20
0
6
12
13
13
0
20
0
22
9
14
8
8
9
23
1
16
1
10
9
11
11
10
2
2
2
16
2
0
16
11
19
3
20
17
0
12
2
4
0
18
21
24
18
5
23
19
5
19
21
20
6
15
23
3
23
24
7
16
22
24
16
8
17
23
8
22
17
24
18
7
9
0
18
23
2
22
23
19
24
21
11
1
24
20
12
0
5
0
12
6
21
3
13
0
0
10
22
13
14
23
14
14
23
23
11
23
10
9
8
2
15
24
9
2
16
10
12
6
11
5
17
13
13
1
0
15
19
16
15
4
18
18
21
23
24
24
19
24
24
21
23
23
10
24
11
24
4
6
24
12
24
22
20
24
24
4
24
24
7
24
24
23
23
21
22
23
4
23
21
23
23
20
23
