13
7
5
9
11
12
19
21
13
11
16
13
22
23
15
21
22
10
9
1
9
1
0
0
9
0
0
16
2
16
11
2
15
11
3
3
18
3
12
0
2
20
4
22
21
13
0
5
19
5
14
24
14
24
0
21
6
15
24
0
7
5
23
16
7
2
21
8
4
17
24
2
9
3
18
9
0
22
1
10
24
19
22
19
23
11
22
11
20
24
23
12
2
21
12
5
21
13
8
8
13
22
9
0
9
7
9
15
23
8
15
0
1
9
10
24
16
24
16
11
2
17
1
13
17
13
3
14
15
16
9
4
10
11
3
17
5
19
24
24
24
24
24
14
24
21
24
6
24
17
23
23
19
22
20
23
22
4
23
22
21
24
24
18
24
24
24
24
14
24
20
24
19
24
11
23
23
20
