5
23
24
12
24
21
16
13
21
14
7
7
10
7
0
9
9
14
15
1
1
9
1
16
10
1
10
2
2
16
2
14
11
14
3
18
3
12
15
12
12
2
1
4
13
2
0
3
14
5
1
24
14
23
23
6
15
15
15
23
23
23
7
16
22
4
8
17
23
8
17
3
23
9
2
18
6
0
10
19
10
19
19
19
5
20
11
21
20
0
22
24
12
24
21
6
13
13
13
6
7
22
8
8
0
24
14
8
23
15
6
1
9
24
2
5
24
24
16
3
14
3
17
13
2
16
12
18
14
17
13
1
7
13
19
18
20
19
19
23
23
24
23
23
18
23
23
23
23
8
23
21
23
10
24
24
20
23
23
23
23
23
20
23
4
23
22
0
23
13
23
19
23
23
23
23
21
20
