20
11
23
10
21
6
21
22
18
0
11
22
8
10
14
10
8
8
24
1
1
9
20
1
22
21
20
2
2
2
21
2
19
11
0
3
3
3
3
13
12
4
4
23
4
1
1
5
5
1
5
23
14
1
14
0
6
3
15
16
7
0
7
1
1
8
8
8
17
3
17
23
8
9
18
9
18
6
24
10
23
19
19
19
1
0
11
20
24
20
11
23
7
21
6
21
6
13
0
7
22
14
14
14
1
13
0
7
23
15
14
15
14
16
2
24
5
2
16
0
12
17
6
0
17
12
3
9
1
12
19
19
8
4
19
18
18
24
23
21
23
14
23
19
23
6
12
23
21
23
23
18
23
22
23
8
21
23
18
20
23
21
22
24
24
18
6
24
18
24
17
24
24
8
23
23
22
24
