6 7 7 7 6 6 7 7 6 6 6 6 6 6 6 6 1 1 1 1 1 1 1 1 1 1 1 1 1 1 7 7 7 3 7 7 0 0 7 7
1 8 8 8 8 8 8 8 8 8 8 8 8 8 8 8 8 8 8 3 7 0 3 3 7 7 7 5 5 5 5 5 5 1 1 1 1 1 1 1
1 8 8 8 8 8 8 8 8 8 8 8 8 8 1 8 8 8 8 8 3 7 0 3 3 7 7 1 3 5 1 1 1 1 1 1 1 1 1 1
1 8 8 8 8 8 8 8 8 8 8 8 8 8 8 8 8 8 8 8 8 8 8 8 8 8 8 8 8 8 8 6 6 6 5 5 5 5 5 5
1 8 8 8 8 8 8 8 8 8 8 8 8 8 1 8 8 8 8 8 3 7 0 3 3 7 7 7 5 5 5 5 5 5 1 1 1 1 1 1
1 8 8 8 8 8 8 8 8 8 8 8 8 8 1 8 8 8 8 8 3 7 0 3 3 7 7 7 5 5 5 5 5 5 1 1 1 1 1 1
7 1 8 8 8 8 7 8 8 8 8 8 8 8 8 8 8 8 8 8 8 8 8 7 8 8 8 6 5 5 5 5 5 5 5 5 5 5 5 5
1 7 7 7 7 8 8 8 8 8 8 8 8 8 8 8 8 8 8 8 8 8 7 0 5 5 6 5 5 5 5 5 5 5 5 5 1 1 1 6
1 8 8 8 8 8 8 8 8 8 8 8 8 8 8 8 8 8 8 3 7 3 3 7 7 7 5 5 5 5 5 5 5 1 1 1 1 1 1 1
1 8 8 8 8 8 8 8 8 8 8 7 8 8 8 8 8 8 8 3 2 7 8 3 3 3 5 5 5 5 1 1 1 1 1 1 1 1 1 1
