# Results obtained using DQN. CPU time: 211.87108421325684
0.00872232  30.00000000  0.00403225  40.00000000  1425.61919960  0.00000000
0.04239744  38.00000000  0.04239744  40.00000000  1084.51425121  0.00000000
0.00589916  38.00000000  0.00589916  40.00000000  1339.94713430  0.00000000
0.00531516  38.00000000  0.00531516  40.00000000  1432.04599189  0.00000000
0.00614221  36.00000000  0.00567423  40.00000000  1069.21363741  0.00000000
0.00142049  35.00000000  0.00121898  40.00000000  1336.07941242  0.00000000
0.00056842  32.00000000  0.00016030  40.00000000  924.70079515  0.00000000
0.09638702  35.00000000  0.06283547  40.00000000  1389.88169615  0.00000000
0.00192320  33.00000000  0.00130986  40.00000000  926.68538252  0.00000000
0.00040065  38.00000000  0.00040065  40.00000000  1148.09165047  0.00000000
0.00853265  35.00000000  0.00406128  40.00000000  1613.22744902  0.00000000
0.00114583  38.00000000  0.00114583  40.00000000  960.31409421  0.00000000
0.00118944  38.00000000  0.00118944  40.00000000  1311.08906827  0.05292768
0.01513358  38.00000000  0.01513358  40.00000000  985.40730486  0.19406815
0.04567101  37.00000000  0.04504766  40.00000000  2531.94953655  0.33520862
0.00231342  38.00000000  0.00231342  40.00000000  2126.36567921  0.47634909
0.07369685  38.00000000  0.07369685  40.00000000  1760.01233303  0.61748956
0.00041852  36.00000000  0.00005165  40.00000000  970.24415215  0.75863004
0.01314014  24.00000000  0.00073964  40.00000000  1710.95439298  0.89977051
0.21897720  34.00000000  0.16538749  40.00000000  2659.09022913  0.99000000
0.46487027  38.00000000  0.46487027  40.00000000  2694.39378422  0.99000000
0.14294739  38.00000000  0.14294739  40.00000000  2648.95400413  0.99000000
0.21861742  34.00000000  0.16558662  40.00000000  2659.37045473  0.99000000
0.21861742  34.00000000  0.16558662  40.00000000  2659.37045473  0.99000000
0.05568206  32.00000000  0.04782650  40.00000000  1326.78799585  0.99000000
0.21861742  34.00000000  0.16558662  40.00000000  2659.37045473  0.99000000
0.21861742  34.00000000  0.16558662  40.00000000  2659.37045473  0.99000000
0.21861742  34.00000000  0.16558662  40.00000000  2659.37045473  0.99000000
0.34674196  37.00000000  0.32676452  40.00000000  2662.58376415  0.99000000
0.21861742  34.00000000  0.16558662  40.00000000  2659.37045473  0.99000000
0.21861742  34.00000000  0.16558662  40.00000000  2659.37045473  0.99000000
0.40143096  34.00000000  0.25558801  40.00000000  2720.85406520  0.99000000
0.21861742  34.00000000  0.19128574  40.00000000  2659.97668471  0.99000000
0.21861742  34.00000000  0.16558662  40.00000000  2659.37045473  0.99000000
0.09151968  36.00000000  0.08509638  40.00000000  1518.39694608  0.99000000
0.14885595  38.00000000  0.14885595  40.00000000  2664.00623048  0.99000000
0.21861742  34.00000000  0.16558662  40.00000000  2659.37045473  0.99000000
0.21861742  34.00000000  0.16558662  40.00000000  2659.37045473  0.99000000
0.21861742  34.00000000  0.16558662  40.00000000  2659.37045473  0.99000000
0.21863539  34.00000000  0.16410729  40.00000000  2659.96083431  0.99000000
0.21861742  34.00000000  0.16558662  40.00000000  2659.37045473  0.99000000
0.21861742  34.00000000  0.16558662  40.00000000  2659.37045473  0.99000000
0.15090359  38.00000000  0.15090359  40.00000000  2646.49797862  0.99000000
0.21861742  34.00000000  0.16558662  40.00000000  2659.37045473  0.99000000
0.21861742  34.00000000  0.16558662  40.00000000  2659.37045473  0.99000000
0.21861742  34.00000000  0.18002716  40.00000000  2659.61356711  0.99000000
0.38835562  32.00000000  0.16969795  40.00000000  2707.76029189  0.99000000
0.21861742  34.00000000  0.16558662  40.00000000  2659.37045473  0.99000000
0.21861742  34.00000000  0.16547178  40.00000000  2659.42871154  0.99000000
0.21861742  34.00000000  0.16558662  40.00000000  2659.37045473  0.99000000
0.21861742  34.00000000  0.16558662  40.00000000  2659.37045473  0.99000000
0.21861742  34.00000000  0.16558662  40.00000000  2659.37045473  0.99000000
0.21861742  34.00000000  0.16558662  40.00000000  2659.37045473  0.99000000
0.21861742  34.00000000  0.16558662  40.00000000  2659.37045473  0.99000000
0.21861742  34.00000000  0.16558662  40.00000000  2659.37045473  0.99000000
0.21861742  34.00000000  0.16558662  40.00000000  2659.37045473  0.99000000
0.21861742  34.00000000  0.16558662  40.00000000  2659.37045473  0.99000000
0.19883029  34.00000000  0.15828749  40.00000000  2657.36528635  0.99000000
0.21861742  34.00000000  0.16558662  40.00000000  2659.37045473  0.99000000
0.21861742  34.00000000  0.16558662  40.00000000  2659.37045473  0.99000000
0.21861742  34.00000000  0.16558662  40.00000000  2659.37045473  0.99000000
0.21861742  34.00000000  0.16558662  40.00000000  2659.37045473  0.99000000
0.21861742  34.00000000  0.16558662  40.00000000  2659.37045473  0.99000000
0.16452252  38.00000000  0.16452252  40.00000000  2542.57602117  0.99000000
0.21861742  34.00000000  0.16558662  40.00000000  2659.37045490  0.99000000
0.20871601  34.00000000  0.13591572  40.00000000  2657.44127004  0.99000000
0.21861742  34.00000000  0.16558662  40.00000000  2659.37045473  0.99000000
0.21861742  34.00000000  0.16558662  40.00000000  2659.37044888  0.99000000
0.21861742  34.00000000  0.16558662  40.00000000  2659.37045473  0.99000000
0.21861742  34.00000000  0.16558662  40.00000000  2659.37045473  0.99000000
0.21861742  34.00000000  0.16558662  40.00000000  2659.37045473  0.99000000
0.15063803  36.00000000  0.14220913  40.00000000  2202.24625102  0.99000000
0.21861742  34.00000000  0.16558662  40.00000000  2659.37045473  0.99000000
0.16452252  38.00000000  0.16452252  40.00000000  2542.57602117  0.99000000
0.21861742  34.00000000  0.16558662  40.00000000  2659.37045473  0.99000000
0.21861742  34.00000000  0.16558662  40.00000000  2659.37045473  0.99000000
0.04428916  34.00000000  0.00084096  40.00000000  1232.72880860  0.99000000
0.09287112  31.00000000  0.07254544  40.00000000  2609.08864802  0.99000000
0.06434477  38.00000000  0.06434477  40.00000000  2637.09050725  0.99000000
0.21861742  34.00000000  0.16558662  40.00000000  2659.37045473  0.99000000
0.21861742  34.00000000  0.16558662  40.00000000  2659.37045473  0.99000000
0.01500948  31.00000000  0.01478644  40.00000000  1702.05883652  0.99000000
0.09119526  38.00000000  0.09119526  40.00000000  2503.33632536  0.99000000
0.21861742  34.00000000  0.16558662  40.00000000  2659.37045473  0.99000000
0.21861742  34.00000000  0.16558662  40.00000000  2659.37045473  0.99000000
0.21842782  34.00000000  0.14888288  40.00000000  2659.74456263  0.99000000
0.21888008  34.00000000  0.16540087  40.00000000  2659.12793975  0.99000000
0.21861742  34.00000000  0.16558662  40.00000000  2659.37045473  0.99000000
0.21869635  34.00000000  0.16569269  40.00000000  2659.38856176  0.99000000
0.21861742  34.00000000  0.16558662  40.00000000  2659.37045473  0.99000000
0.21861742  34.00000000  0.16558662  40.00000000  2659.37045473  0.99000000
0.21861742  34.00000000  0.16558662  40.00000000  2659.37045473  0.99000000
0.21861742  34.00000000  0.16558662  40.00000000  2659.37045473  0.99000000
0.21861742  34.00000000  0.16558662  40.00000000  2659.37045473  0.99000000
0.21861742  34.00000000  0.16558662  40.00000000  2659.37045473  0.99000000
0.21861742  34.00000000  0.16558662  40.00000000  2659.37045473  0.99000000
0.21861742  34.00000000  0.16558662  40.00000000  2659.37045473  0.99000000
0.21861742  34.00000000  0.16558662  40.00000000  2659.37045473  0.99000000
0.21861742  34.00000000  0.16558662  40.00000000  2659.37045473  0.99000000
0.02380603  38.00000000  0.02380603  40.00000000  2454.69274598  0.99000000
0.21861742  34.00000000  0.16558662  40.00000000  2659.37045473  0.99000000
0.21861742  34.00000000  0.16558662  40.00000000  2659.37045473  0.99000000
0.21861742  34.00000000  0.16558662  40.00000000  2659.37045473  0.99000000
0.21861742  34.00000000  0.16558662  40.00000000  2659.37045473  0.99000000
0.21861742  34.00000000  0.16558662  40.00000000  2659.37045473  0.99000000
0.21861742  34.00000000  0.16558662  40.00000000  2659.37045473  0.99000000
0.21897999  34.00000000  0.16633089  40.00000000  2659.59355505  0.99000000
0.21861742  34.00000000  0.16558662  40.00000000  2659.37045473  0.99000000
0.21861742  34.00000000  0.16558662  40.00000000  2659.37045473  0.99000000
0.21861742  34.00000000  0.16558662  40.00000000  2659.37045473  0.99000000
0.21861742  34.00000000  0.16558662  40.00000000  2659.37045473  0.99000000
0.10199584  35.00000000  0.08139144  40.00000000  2639.12179817  0.99000000
0.21861742  34.00000000  0.16558662  40.00000000  2659.37045473  0.99000000
0.21861742  34.00000000  0.16558662  40.00000000  2659.37045473  0.99000000
0.05322788  27.00000000  0.01622931  40.00000000  2336.53367213  0.99000000
0.21861742  34.00000000  0.16558662  40.00000000  2659.37045473  0.99000000
0.21861742  34.00000000  0.16558662  40.00000000  2659.37045473  0.99000000
0.15017358  33.00000000  0.14427819  40.00000000  2647.30400266  0.99000000
0.21861742  34.00000000  0.16558662  40.00000000  2659.37045473  0.99000000
0.21861742  34.00000000  0.16558662  40.00000000  2659.37045473  0.99000000
0.19909688  38.00000000  0.19909688  40.00000000  2643.16496458  0.99000000
0.21861742  34.00000000  0.16558662  40.00000000  2659.37045473  0.99000000
0.09206493  38.00000000  0.09206493  40.00000000  2637.64608955  0.99000000
0.21861742  34.00000000  0.16558662  40.00000000  2659.37045473  0.99000000
0.21861742  34.00000000  0.16558662  40.00000000  2659.37045473  0.99000000
0.21861742  34.00000000  0.16558662  40.00000000  2659.37045473  0.99000000
0.21861742  34.00000000  0.16558662  40.00000000  2659.37045473  0.99000000
0.21861742  34.00000000  0.16558662  40.00000000  2659.37045473  0.99000000
0.21861784  34.00000000  0.16581852  40.00000000  2659.86508883  0.99000000
0.21861742  34.00000000  0.16558662  40.00000000  2659.37045473  0.99000000
0.21861742  34.00000000  0.16578244  40.00000000  2659.91748826  0.99000000
0.01323943  30.00000000  0.00958204  40.00000000  2463.37255782  0.99000000
0.21861742  34.00000000  0.16558662  40.00000000  2659.37045473  0.99000000
0.21861742  34.00000000  0.16558662  40.00000000  2659.37045473  0.99000000
0.21861742  34.00000000  0.16558662  40.00000000  2659.37045473  0.99000000
0.11928949  32.00000000  0.07897493  40.00000000  2639.59820796  0.99000000
0.21861742  34.00000000  0.16558662  40.00000000  2659.37045473  0.99000000
0.21861742  34.00000000  0.16558662  40.00000000  2659.37045473  0.99000000
0.21888008  34.00000000  0.16540087  40.00000000  2659.12793975  0.99000000
0.21861742  34.00000000  0.16558662  40.00000000  2659.37045473  0.99000000
0.21861742  34.00000000  0.16558662  40.00000000  2659.37045473  0.99000000
0.04396657  35.00000000  0.03335592  40.00000000  2639.52032985  0.99000000
0.01886344  36.00000000  0.01786894  40.00000000  2397.97952912  0.99000000
0.21861742  34.00000000  0.16558662  40.00000000  2659.37045473  0.99000000
0.12923784  31.00000000  0.05982741  40.00000000  2645.25490794  0.99000000
0.21861742  34.00000000  0.16558662  40.00000000  2659.37045473  0.99000000
0.21861742  34.00000000  0.16558662  40.00000000  2659.37045473  0.99000000
0.21861742  34.00000000  0.16558662  40.00000000  2659.37045473  0.99000000
0.21861742  34.00000000  0.16558662  40.00000000  2659.37045473  0.99000000
0.23174071  37.00000000  0.22776520  40.00000000  2656.25686610  0.99000000
0.21861742  34.00000000  0.16558662  40.00000000  2659.37045473  0.99000000
0.21861742  34.00000000  0.16558662  40.00000000  2659.37045473  0.99000000
0.22187666  34.00000000  0.16718348  40.00000000  2659.71375024  0.99000000
0.21861742  34.00000000  0.16558662  40.00000000  2659.37045473  0.99000000
0.21861742  34.00000000  0.18003912  40.00000000  2659.94309309  0.99000000
0.21861742  34.00000000  0.16558662  40.00000000  2659.37045473  0.99000000
0.21861742  34.00000000  0.16558662  40.00000000  2659.37045473  0.99000000
0.00852658  28.00000000  0.00620230  40.00000000  2197.12103284  0.99000000
0.21861742  34.00000000  0.16558662  40.00000000  2659.37045473  0.99000000
0.21861742  34.00000000  0.16558662  40.00000000  2659.37045473  0.99000000
0.21861742  34.00000000  0.16558662  40.00000000  2659.37045473  0.99000000
0.21861742  34.00000000  0.16558662  40.00000000  2659.37045473  0.99000000
0.21861742  34.00000000  0.16558662  40.00000000  2659.37045473  0.99000000
0.21861742  34.00000000  0.16558662  40.00000000  2659.37045473  0.99000000
0.21861742  34.00000000  0.16558662  40.00000000  2659.37045473  0.99000000
0.21861742  34.00000000  0.16558662  40.00000000  2659.37045473  0.99000000
0.21861742  34.00000000  0.16558662  40.00000000  2659.37045473  0.99000000
0.21239070  34.00000000  0.14215608  40.00000000  2658.39799678  0.99000000
0.21861742  34.00000000  0.16558662  40.00000000  2659.37045473  0.99000000
0.21861742  34.00000000  0.16558662  40.00000000  2659.37045473  0.99000000
0.21861742  34.00000000  0.16558662  40.00000000  2659.37045473  0.99000000
0.21861742  34.00000000  0.16558662  40.00000000  2659.37045473  0.99000000
0.17962585  33.00000000  0.05686308  40.00000000  1785.36062438  0.99000000
0.21861742  34.00000000  0.16558662  40.00000000  2659.37045473  0.99000000
0.21861742  34.00000000  0.16558662  40.00000000  2659.37045473  0.99000000
0.21861742  34.00000000  0.16558662  40.00000000  2659.37045473  0.99000000
0.21861742  34.00000000  0.16558662  40.00000000  2659.37045473  0.99000000
0.21861742  34.00000000  0.16558662  40.00000000  2659.37045473  0.99000000
0.21861742  34.00000000  0.16558662  40.00000000  2659.37045473  0.99000000
0.21861742  34.00000000  0.16558662  40.00000000  2659.37045473  0.99000000
0.21861742  34.00000000  0.16558662  40.00000000  2659.37045473  0.99000000
0.21861742  34.00000000  0.16558662  40.00000000  2659.37045473  0.99000000
0.10898475  31.00000000  0.01250857  40.00000000  2660.07266853  0.99000000
0.21861742  34.00000000  0.16558662  40.00000000  2659.37045473  0.99000000
0.21861742  34.00000000  0.16558662  40.00000000  2659.37045473  0.99000000
0.21861742  34.00000000  0.16558662  40.00000000  2659.37045473  0.99000000
0.21861742  34.00000000  0.16558662  40.00000000  2659.37045473  0.99000000
0.21861742  34.00000000  0.16558662  40.00000000  2659.37045473  0.99000000
0.21861742  34.00000000  0.16558662  40.00000000  2659.37045473  0.99000000
0.21861742  34.00000000  0.16558662  40.00000000  2659.37045473  0.99000000
0.21861742  34.00000000  0.16558662  40.00000000  2659.37045473  0.99000000
0.21861742  34.00000000  0.16558662  40.00000000  2659.37045473  0.99000000
0.27396670  35.00000000  0.24172341  40.00000000  2667.50637896  0.99000000
0.21861742  34.00000000  0.16558662  40.00000000  2659.37045473  0.99000000
0.21861742  34.00000000  0.16558662  40.00000000  2659.37045473  0.99000000
0.21861742  34.00000000  0.16558662  40.00000000  2659.37045473  0.99000000
0.21861742  34.00000000  0.16558662  40.00000000  2659.37045473  0.99000000
0.03603838  30.00000000  0.01050154  40.00000000  2635.69238384  0.99000000
0.21861742  34.00000000  0.16558662  40.00000000  2659.37045473  0.99000000
0.21770692  34.00000000  0.13680241  40.00000000  2659.49839848  0.99000000
0.21861742  34.00000000  0.16558662  40.00000000  2659.37045473  0.99000000
0.21861742  34.00000000  0.16558662  40.00000000  2659.37045473  0.99000000
0.21861742  34.00000000  0.16558662  40.00000000  2659.37045473  0.99000000
0.21861742  34.00000000  0.16558662  40.00000000  2659.37045473  0.99000000
0.29362546  35.00000000  0.23913954  40.00000000  2673.60675134  0.99000000
0.15136249  37.00000000  0.14641388  40.00000000  2642.12894152  0.99000000
0.21861742  34.00000000  0.16558662  40.00000000  2659.37045473  0.99000000
0.21861742  34.00000000  0.16558662  40.00000000  2659.37045473  0.99000000
0.21861742  34.00000000  0.16558662  40.00000000  2659.37045473  0.99000000
0.21861742  34.00000000  0.16558662  40.00000000  2659.37045473  0.99000000
0.21861742  34.00000000  0.16558662  40.00000000  2659.37045473  0.99000000
0.21862396  34.00000000  0.16558421  40.00000000  2659.36882751  0.99000000
0.21861742  34.00000000  0.16558662  40.00000000  2659.37045473  0.99000000
0.21861742  34.00000000  0.16558662  40.00000000  2659.37045473  0.99000000
0.44082152  38.00000000  0.44082152  40.00000000  2679.17023684  0.99000000
0.01807858  37.00000000  0.01711223  40.00000000  2444.76997227  0.99000000
0.21861742  34.00000000  0.16558662  40.00000000  2659.37045473  0.99000000
0.21861742  34.00000000  0.16558662  40.00000000  2659.37045473  0.99000000
0.21861742  34.00000000  0.16558662  40.00000000  2659.37045473  0.99000000
0.21861742  34.00000000  0.16558662  40.00000000  2659.37045473  0.99000000
0.38835562  32.00000000  0.16969795  40.00000000  2707.76029189  0.99000000
0.21861742  34.00000000  0.16558662  40.00000000  2659.37045473  0.99000000
0.21861742  34.00000000  0.16558662  40.00000000  2659.37045473  0.99000000
0.21861742  34.00000000  0.16558662  40.00000000  2659.37045473  0.99000000
0.10105507  31.00000000  0.05095710  40.00000000  2641.85665316  0.99000000
0.20389334  35.00000000  0.12540926  40.00000000  2657.63113539  0.99000000
0.21861742  34.00000000  0.16558662  40.00000000  2659.37045473  0.99000000
0.21861742  34.00000000  0.16558662  40.00000000  2659.37045473  0.99000000
0.21861742  34.00000000  0.16558662  40.00000000  2659.37045473  0.99000000
0.21861742  34.00000000  0.16558662  40.00000000  2659.37045473  0.99000000
0.21861742  34.00000000  0.16558662  40.00000000  2659.37045473  0.99000000
0.23861520  34.00000000  0.17185769  40.00000000  2659.83677318  0.99000000
0.21861742  34.00000000  0.16558662  40.00000000  2659.37045473  0.99000000
0.58319580  37.00000000  0.57151935  40.00000000  2718.74140032  0.99000000
0.05769235  38.00000000  0.05769235  40.00000000  1881.06840693  0.99000000
0.21861742  34.00000000  0.16558662  40.00000000  2659.37045473  0.99000000
0.21938810  34.00000000  0.16676949  40.00000000  2659.52286931  0.99000000
0.03101195  36.00000000  0.03066960  40.00000000  1878.56236008  0.99000000
0.21861742  34.00000000  0.16558662  40.00000000  2659.37045473  0.99000000
0.21861742  34.00000000  0.16558662  40.00000000  2659.37045473  0.99000000
0.13054797  38.00000000  0.13054797  40.00000000  2363.44288388  0.99000000
0.05769235  38.00000000  0.05769235  40.00000000  1881.06840693  0.99000000
0.21861742  34.00000000  0.16558662  40.00000000  2659.37045473  0.99000000
0.21861742  34.00000000  0.16558662  40.00000000  2659.37045473  0.99000000
0.21861742  34.00000000  0.16558662  40.00000000  2659.37045473  0.99000000
0.21861742  34.00000000  0.16558662  40.00000000  2659.37045473  0.99000000
0.21861742  34.00000000  0.16558662  40.00000000  2659.37045473  0.99000000
0.21554467  38.00000000  0.21554467  40.00000000  2591.36268833  0.99000000
0.21861742  34.00000000  0.16558662  40.00000000  2659.37045473  0.99000000
0.21861742  34.00000000  0.16558662  40.00000000  2659.37045473  0.99000000
0.21861742  34.00000000  0.16558662  40.00000000  2659.37045473  0.99000000
0.21861742  34.00000000  0.16558662  40.00000000  2659.37045473  0.99000000
0.53960695  38.00000000  0.53960695  40.00000000  2680.60356469  0.99000000
0.21861742  34.00000000  0.16558662  40.00000000  2659.37045473  0.99000000
0.21861742  34.00000000  0.16558662  40.00000000  2659.37045473  0.99000000
0.21861742  34.00000000  0.16558662  40.00000000  2659.37045473  0.99000000
0.21861742  34.00000000  0.16558662  40.00000000  2659.37045473  0.99000000
0.21861742  34.00000000  0.16558662  40.00000000  2659.37045473  0.99000000
0.21861742  34.00000000  0.16558662  40.00000000  2659.37045473  0.99000000
0.21861742  34.00000000  0.16558662  40.00000000  2659.37045473  0.99000000
0.22205467  34.00000000  0.16836212  40.00000000  2659.95897510  0.99000000
0.21861742  34.00000000  0.16558662  40.00000000  2659.37045473  0.99000000
0.21861742  34.00000000  0.16558662  40.00000000  2659.37045473  0.99000000
0.21861742  34.00000000  0.16558662  40.00000000  2659.37045473  0.99000000
0.21861742  34.00000000  0.16558662  40.00000000  2659.37045473  0.99000000
0.21861742  34.00000000  0.16558662  40.00000000  2659.37045473  0.99000000
0.21861742  34.00000000  0.16558662  40.00000000  2659.37045473  0.99000000
0.21861742  34.00000000  0.16558662  40.00000000  2659.37045473  0.99000000
0.22838854  38.00000000  0.22838854  40.00000000  1541.43423945  0.99000000
0.21861742  34.00000000  0.16558662  40.00000000  2659.37045473  0.99000000
0.21861742  34.00000000  0.16558662  40.00000000  2659.37045473  0.99000000
0.21861742  34.00000000  0.16558662  40.00000000  2659.37045473  0.99000000
0.21861742  34.00000000  0.16558662  40.00000000  2659.37045473  0.99000000
0.14294739  38.00000000  0.14294739  40.00000000  2648.95400413  0.99000000
0.21861742  34.00000000  0.16558662  40.00000000  2659.37045473  0.99000000
0.21861742  34.00000000  0.16558662  40.00000000  2659.37045473  0.99000000
0.21861742  34.00000000  0.16558662  40.00000000  2659.37045473  0.99000000
0.21861742  34.00000000  0.16558662  40.00000000  2659.37045473  0.99000000
0.21861742  34.00000000  0.16558662  40.00000000  2659.37045473  0.99000000
0.21852989  34.00000000  0.15993093  40.00000000  2659.42041327  0.99000000
0.21862083  34.00000000  0.16620966  40.00000000  2660.27053909  0.99000000
0.09018109  29.00000000  0.05389798  40.00000000  2638.09502335  0.99000000
0.21861742  34.00000000  0.16558662  40.00000000  2659.37045473  0.99000000
0.21861742  34.00000000  0.16558662  40.00000000  2659.37045473  0.99000000
0.41558240  32.00000000  0.11458073  40.00000000  2733.69795648  0.99000000
0.23861520  34.00000000  0.17185769  40.00000000  2659.83677318  0.99000000
0.21861742  34.00000000  0.16558662  40.00000000  2659.37045473  0.99000000
0.21861742  34.00000000  0.16558662  40.00000000  2659.37045473  0.99000000
0.21861742  34.00000000  0.16558662  40.00000000  2659.37045473  0.99000000
0.04953168  38.00000000  0.04953168  40.00000000  2587.05715950  0.99000000
0.21861742  34.00000000  0.16558662  40.00000000  2659.37045473  0.99000000
0.21861742  34.00000000  0.16558662  40.00000000  2659.37045473  0.99000000
0.21861742  34.00000000  0.16558662  40.00000000  2659.37045473  0.99000000
0.21861742  34.00000000  0.16558662  40.00000000  2659.37045473  0.99000000
0.21861742  34.00000000  0.16558662  40.00000000  2659.37045473  0.99000000
0.21861742  34.00000000  0.16558662  40.00000000  2659.37045473  0.99000000
0.21861742  34.00000000  0.16558662  40.00000000  2659.37045473  0.99000000
0.21861742  34.00000000  0.16558662  40.00000000  2659.37045473  0.99000000
0.21861742  34.00000000  0.16558662  40.00000000  2659.37045473  0.99000000
0.21861742  34.00000000  0.16558662  40.00000000  2659.37045473  0.99000000
0.21870338  34.00000000  0.18474013  40.00000000  2659.94362932  0.99000000
0.08767619  29.00000000  0.07344830  40.00000000  2197.60224079  0.99000000
0.21869635  34.00000000  0.16569269  40.00000000  2659.38856176  0.99000000
0.21861742  34.00000000  0.16558662  40.00000000  2659.37045473  0.99000000
0.11668866  29.00000000  0.03266361  40.00000000  2478.48561951  0.99000000
0.21861742  34.00000000  0.16558662  40.00000000  2659.37045473  0.99000000
0.21861742  34.00000000  0.16558662  40.00000000  2659.37045473  0.99000000
0.21861742  34.00000000  0.16558662  40.00000000  2659.37045473  0.99000000
0.70858683  38.00000000  0.70858683  40.00000000  2741.97580301  0.99000000
0.21861742  34.00000000  0.16558662  40.00000000  2659.37045473  0.99000000
0.21861742  34.00000000  0.16558662  40.00000000  2659.37045473  0.99000000
0.21861742  34.00000000  0.16558662  40.00000000  2659.37045473  0.99000000
0.21861742  34.00000000  0.16558662  40.00000000  2659.37045473  0.99000000
0.21861742  34.00000000  0.16558662  40.00000000  2659.37045473  0.99000000
0.02887584  31.00000000  0.02691941  40.00000000  1822.21483056  0.99000000
0.15041473  33.00000000  0.05984553  40.00000000  2469.55978119  0.99000000
0.24967729  38.00000000  0.24967729  40.00000000  2661.19273087  0.99000000
0.21861742  34.00000000  0.18002761  40.00000000  2659.55602374  0.99000000
0.22113880  34.00000000  0.17578879  40.00000000  2643.85752748  0.99000000
0.21861742  34.00000000  0.16558662  40.00000000  2659.37045473  0.99000000
0.21861742  34.00000000  0.16558662  40.00000000  2659.37045473  0.99000000
0.21861742  34.00000000  0.16558662  40.00000000  2659.37045473  0.99000000
0.21861742  34.00000000  0.16558662  40.00000000  2659.37045473  0.99000000
0.21861742  34.00000000  0.16558662  40.00000000  2659.37045473  0.99000000
0.11678076  38.00000000  0.11678076  40.00000000  2644.78742987  0.99000000
0.04653049  38.00000000  0.04653049  40.00000000  2639.49508894  0.99000000
0.21861742  34.00000000  0.16558662  40.00000000  2659.37045473  0.99000000
0.21861742  34.00000000  0.16558662  40.00000000  2659.37045473  0.99000000
0.21861742  34.00000000  0.16558662  40.00000000  2659.37045473  0.99000000
0.21861742  34.00000000  0.18002731  40.00000000  2659.60211928  0.99000000
0.21861742  34.00000000  0.16558662  40.00000000  2659.37045473  0.99000000
0.21861742  34.00000000  0.16558662  40.00000000  2659.37045473  0.99000000
0.21861742  34.00000000  0.16558662  40.00000000  2659.37045473  0.99000000
0.05748922  38.00000000  0.05748922  40.00000000  1876.43529049  0.99000000
0.21861742  34.00000000  0.16558662  40.00000000  2659.37045473  0.99000000
0.21861742  34.00000000  0.16558662  40.00000000  2659.37045473  0.99000000
0.21862544  34.00000000  0.16559122  40.00000000  2659.36697130  0.99000000
0.10331340  38.00000000  0.10331340  40.00000000  1388.32572962  0.99000000
0.21861742  34.00000000  0.16558662  40.00000000  2659.37045473  0.99000000
0.05748610  38.00000000  0.05748610  40.00000000  1876.43603465  0.99000000
0.21861742  34.00000000  0.16255103  40.00000000  2659.39670329  0.99000000
0.21863277  34.00000000  0.16581886  40.00000000  2660.34994572  0.99000000
0.21861742  34.00000000  0.16558662  40.00000000  2659.37045473  0.99000000
0.21861742  34.00000000  0.16558662  40.00000000  2659.37045473  0.99000000
0.04245223  27.00000000  0.01995504  40.00000000  2636.16436965  0.99000000
0.01761405  38.00000000  0.01761405  40.00000000  2109.34069113  0.99000000
0.21861742  34.00000000  0.16558662  40.00000000  2659.37045473  0.99000000
0.19201038  36.00000000  0.13768440  40.00000000  2656.38281319  0.99000000
0.21861742  34.00000000  0.16558662  40.00000000  2659.37045473  0.99000000
0.21861742  34.00000000  0.16558662  40.00000000  2659.37045473  0.99000000
0.29344414  36.00000000  0.25541595  40.00000000  2667.84103783  0.99000000
0.21861742  34.00000000  0.16558662  40.00000000  2659.37045473  0.99000000
0.21861798  34.00000000  0.16559052  40.00000000  2659.37057167  0.99000000
0.25535701  38.00000000  0.25535701  40.00000000  2662.61532535  0.99000000
0.38415009  33.00000000  0.18907844  40.00000000  2672.33390906  0.99000000
0.21861742  34.00000000  0.16558662  40.00000000  2659.37045473  0.99000000
0.01906699  34.00000000  0.01161560  40.00000000  1235.00951187  0.99000000
0.21861742  34.00000000  0.16558662  40.00000000  2659.37045473  0.99000000
0.21861742  34.00000000  0.16558662  40.00000000  2659.37045473  0.99000000
0.21861742  34.00000000  0.16558662  40.00000000  2659.37045473  0.99000000
0.21861742  34.00000000  0.16558662  40.00000000  2659.37045473  0.99000000
0.21861742  34.00000000  0.16558662  40.00000000  2659.37045473  0.99000000
0.21861742  34.00000000  0.16558662  40.00000000  2659.37045473  0.99000000
0.08450776  38.00000000  0.08450776  40.00000000  2636.77128712  0.99000000
0.21861742  34.00000000  0.16558662  40.00000000  2659.37045473  0.99000000
0.21861742  34.00000000  0.16558662  40.00000000  2659.37045473  0.99000000
0.21861742  34.00000000  0.16558662  40.00000000  2659.37045473  0.99000000
0.21861761  34.00000000  0.16559155  40.00000000  2659.37358368  0.99000000
0.02433623  31.00000000  0.00469602  40.00000000  2456.56422383  0.99000000
0.21861742  34.00000000  0.16558662  40.00000000  2659.37045473  0.99000000
0.21862396  34.00000000  0.16558421  40.00000000  2659.36882751  0.99000000
0.21861742  34.00000000  0.16558662  40.00000000  2659.37045473  0.99000000
0.21861742  34.00000000  0.16558662  40.00000000  2659.37045473  0.99000000
0.21861742  34.00000000  0.16558662  40.00000000  2659.37045473  0.99000000
0.21861742  34.00000000  0.16558662  40.00000000  2659.37045473  0.99000000
0.21861742  34.00000000  0.16558662  40.00000000  2659.37045473  0.99000000
0.21861742  34.00000000  0.16558662  40.00000000  2659.37045473  0.99000000
0.21861742  34.00000000  0.16558662  40.00000000  2659.37045473  0.99000000
0.21861742  34.00000000  0.16558662  40.00000000  2659.37045473  0.99000000
0.21861742  34.00000000  0.16558662  40.00000000  2659.37045473  0.99000000
0.21861784  34.00000000  0.16581852  40.00000000  2659.86508883  0.99000000
0.21861742  34.00000000  0.16558662  40.00000000  2659.37045473  0.99000000
0.29344414  36.00000000  0.25541595  40.00000000  2667.84103783  0.99000000
0.21861742  34.00000000  0.16558662  40.00000000  2659.37045473  0.99000000
0.21861742  34.00000000  0.16558662  40.00000000  2659.37045473  0.99000000
0.21861742  34.00000000  0.16558662  40.00000000  2659.37045473  0.99000000
0.21861742  34.00000000  0.16558662  40.00000000  2659.37045473  0.99000000
0.21861742  34.00000000  0.16558662  40.00000000  2659.37045473  0.99000000
0.21861784  34.00000000  0.16581852  40.00000000  2659.86508883  0.99000000
0.19201038  36.00000000  0.13768440  40.00000000  2656.38281319  0.99000000
0.21861742  34.00000000  0.16558662  40.00000000  2659.37045473  0.99000000
0.21861742  34.00000000  0.16558662  40.00000000  2659.37045473  0.99000000
0.00859075  30.00000000  0.00383800  40.00000000  1253.47952197  0.99000000
0.21861742  34.00000000  0.16558662  40.00000000  2659.37045473  0.99000000
0.21861742  34.00000000  0.16558662  40.00000000  2659.37045473  0.99000000
0.22114816  36.00000000  0.19715926  40.00000000  2660.42247230  0.99000000
0.21861742  34.00000000  0.16558662  40.00000000  2659.37045473  0.99000000
0.21861742  34.00000000  0.16558662  40.00000000  2659.37045473  0.99000000
0.21861742  34.00000000  0.16558662  40.00000000  2659.37045473  0.99000000
0.21861742  34.00000000  0.16558662  40.00000000  2659.37045473  0.99000000
0.21861742  34.00000000  0.16558662  40.00000000  2659.37045473  0.99000000
0.21861742  34.00000000  0.16558662  40.00000000  2659.37045473  0.99000000
0.21861742  34.00000000  0.16558662  40.00000000  2659.37045473  0.99000000
0.22020981  35.00000000  0.18923163  40.00000000  2351.96174948  0.99000000
0.11999058  33.00000000  0.08529013  40.00000000  2641.61194162  0.99000000
0.21861742  34.00000000  0.16558662  40.00000000  2659.37045473  0.99000000
0.21861742  34.00000000  0.16558662  40.00000000  2659.37045473  0.99000000
0.21861742  34.00000000  0.16558662  40.00000000  2659.37045473  0.99000000
0.21861742  34.00000000  0.16558662  40.00000000  2659.37045473  0.99000000
0.05748605  38.00000000  0.05748605  40.00000000  1876.43605071  0.99000000
0.21861742  34.00000000  0.16558662  40.00000000  2659.37045473  0.99000000
0.20770066  33.00000000  0.13446480  40.00000000  2603.76940537  0.99000000
0.62854762  38.00000000  0.62854762  40.00000000  2690.27013572  0.99000000
0.21861742  34.00000000  0.16558662  40.00000000  2659.37045473  0.99000000
0.21861742  34.00000000  0.16558662  40.00000000  2659.37045473  0.99000000
0.21861742  34.00000000  0.16558662  40.00000000  2659.37045473  0.99000000
0.22868271  36.00000000  0.20145222  40.00000000  2662.66260469  0.99000000
0.21861742  34.00000000  0.16558662  40.00000000  2659.37045473  0.99000000
0.03340686  36.00000000  0.03239462  40.00000000  1814.25665138  0.99000000
0.21861742  34.00000000  0.16558662  40.00000000  2659.37045473  0.99000000
0.21861742  34.00000000  0.16558662  40.00000000  2659.37045473  0.99000000
0.21861742  34.00000000  0.16558662  40.00000000  2659.37045473  0.99000000
0.21861742  34.00000000  0.16558662  40.00000000  2659.37045473  0.99000000
0.21863277  34.00000000  0.16581886  40.00000000  2660.34994572  0.99000000
0.20886023  34.00000000  0.15052630  40.00000000  2657.27792247  0.99000000
0.21861742  34.00000000  0.16558662  40.00000000  2659.37045473  0.99000000
0.21861742  34.00000000  0.16558662  40.00000000  2659.37045473  0.99000000
0.21861742  34.00000000  0.16558662  40.00000000  2659.37045473  0.99000000
0.21861742  34.00000000  0.16558662  40.00000000  2659.37045473  0.99000000
0.21861742  34.00000000  0.16558662  40.00000000  2659.37045473  0.99000000
0.21861742  34.00000000  0.16558662  40.00000000  2659.37045473  0.99000000
0.21861742  34.00000000  0.16558662  40.00000000  2659.37045473  0.99000000
0.13500475  33.00000000  0.10811277  40.00000000  2644.98053243  0.99000000
0.21861742  34.00000000  0.16558662  40.00000000  2659.37045473  0.99000000
0.21861742  34.00000000  0.16558662  40.00000000  2659.37045473  0.99000000
0.21861742  34.00000000  0.16558662  40.00000000  2659.37045473  0.99000000
0.21861742  34.00000000  0.16558662  40.00000000  2659.37045473  0.99000000
0.22114816  36.00000000  0.19715926  40.00000000  2660.42247230  0.99000000
0.05401263  38.00000000  0.05401263  40.00000000  2598.80353735  0.99000000
0.21861742  34.00000000  0.18002731  40.00000000  2659.60211928  0.99000000
0.09241539  29.00000000  0.03345007  40.00000000  2638.11309602  0.99000000
0.21861742  34.00000000  0.16558662  40.00000000  2659.37045473  0.99000000
0.21861742  34.00000000  0.16558662  40.00000000  2659.37045473  0.99000000
0.21861742  34.00000000  0.16558662  40.00000000  2659.37045473  0.99000000
0.41649170  32.00000000  0.12701660  40.00000000  2728.53659835  0.99000000
0.21861742  34.00000000  0.16558662  40.00000000  2659.37045473  0.99000000
0.14690982  33.00000000  0.14091019  40.00000000  2201.97444552  0.99000000
0.21861742  34.00000000  0.16558662  40.00000000  2659.37045473  0.99000000
0.21861742  34.00000000  0.16558662  40.00000000  2659.37045473  0.99000000
0.21894893  34.00000000  0.16557402  40.00000000  2659.14394543  0.99000000
0.21884806  34.00000000  0.16600362  40.00000000  2659.41818166  0.99000000
0.21861742  34.00000000  0.16558662  40.00000000  2659.37045473  0.99000000
0.21861742  34.00000000  0.16558679  40.00000000  2659.45284164  0.99000000
0.21861742  34.00000000  0.16558662  40.00000000  2659.37045473  0.99000000
0.21948082  33.00000000  0.19700602  40.00000000  2670.07942531  0.99000000
0.21861742  34.00000000  0.16558662  40.00000000  2659.37045473  0.99000000
0.21861742  34.00000000  0.16558662  40.00000000  2659.37045473  0.99000000
0.21861742  34.00000000  0.16558662  40.00000000  2659.37045473  0.99000000
0.21861742  34.00000000  0.16558662  40.00000000  2659.37045473  0.99000000
0.21861495  34.00000000  0.17999086  40.00000000  2659.61150181  0.99000000
0.21861742  34.00000000  0.16558662  40.00000000  2659.37045473  0.99000000
0.21861742  34.00000000  0.16558662  40.00000000  2659.37045473  0.99000000
0.20871601  34.00000000  0.13591572  40.00000000  2657.44127004  0.99000000
0.21861742  34.00000000  0.16558662  40.00000000  2659.37045473  0.99000000
0.21861742  34.00000000  0.16558662  40.00000000  2659.37045473  0.99000000
0.21861742  34.00000000  0.16558662  40.00000000  2659.37045473  0.99000000
0.21861742  34.00000000  0.16558662  40.00000000  2659.37045473  0.99000000
0.20871601  34.00000000  0.13591572  40.00000000  2657.44127004  0.99000000
0.21861742  34.00000000  0.16558662  40.00000000  2659.37045473  0.99000000
0.21861742  34.00000000  0.16558662  40.00000000  2659.37045473  0.99000000
0.44004278  35.00000000  0.35726839  40.00000000  2656.43700903  0.99000000
0.21861742  34.00000000  0.16558662  40.00000000  2659.37045473  0.99000000
0.21861742  34.00000000  0.16558662  40.00000000  2659.37045473  0.99000000
0.26826891  31.00000000  0.10311889  40.00000000  2562.07037539  0.99000000
0.21861742  34.00000000  0.16558662  40.00000000  2659.37045473  0.99000000
0.21861742  34.00000000  0.16558662  40.00000000  2659.37045473  0.99000000
0.22285931  34.00000000  0.16205500  40.00000000  2653.83634512  0.99000000
0.08228440  33.00000000  0.06790869  40.00000000  2624.80967052  0.99000000
0.21861742  34.00000000  0.16558662  40.00000000  2659.37045473  0.99000000
0.21861742  34.00000000  0.16558662  40.00000000  2659.37045473  0.99000000
0.21861742  34.00000000  0.16558662  40.00000000  2659.37045473  0.99000000
0.21861742  34.00000000  0.16558662  40.00000000  2659.37045473  0.99000000
0.34674196  37.00000000  0.32676452  40.00000000  2662.58376415  0.99000000
0.12927006  38.00000000  0.12927006  40.00000000  1202.96434857  0.99000000
0.29013812  35.00000000  0.23559253  40.00000000  2675.86971789  0.99000000
0.21861742  34.00000000  0.16558662  40.00000000  2659.37045473  0.99000000
0.25434123  36.00000000  0.22880714  40.00000000  2681.32547543  0.99000000
0.12756191  33.00000000  0.09704211  40.00000000  2572.41561537  0.99000000
0.21861742  34.00000000  0.16558662  40.00000000  2659.37045473  0.99000000
0.21861742  34.00000000  0.16558662  40.00000000  2659.37045473  0.99000000
0.21861742  34.00000000  0.16558662  40.00000000  2659.37045473  0.99000000
0.21861742  34.00000000  0.16558662  40.00000000  2659.37045473  0.99000000
0.12923784  31.00000000  0.05982741  40.00000000  2645.25490794  0.99000000
0.21861742  34.00000000  0.16558662  40.00000000  2659.37045473  0.99000000
0.13291789  33.00000000  0.10918141  40.00000000  2644.59617169  0.99000000
0.21861742  34.00000000  0.16558662  40.00000000  2659.37045473  0.99000000
0.21861742  34.00000000  0.16558662  40.00000000  2659.37045473  0.99000000
0.21861742  34.00000000  0.16558662  40.00000000  2659.37045473  0.99000000
0.21861742  34.00000000  0.16558662  40.00000000  2659.37045473  0.99000000
0.21861742  34.00000000  0.16558662  40.00000000  2659.37045473  0.99000000
0.21861742  34.00000000  0.16558662  40.00000000  2659.37045473  0.99000000
0.21861742  34.00000000  0.16558662  40.00000000  2659.37045473  0.99000000
0.21861742  34.00000000  0.16558662  40.00000000  2659.37045473  0.99000000
0.21861742  34.00000000  0.16558662  40.00000000  2659.37045473  0.99000000
0.21861742  34.00000000  0.16558662  40.00000000  2659.37045473  0.99000000
0.21861742  34.00000000  0.16558662  40.00000000  2659.37045473  0.99000000
0.21861742  34.00000000  0.16558662  40.00000000  2659.37045473  0.99000000
0.21861742  34.00000000  0.16558662  40.00000000  2659.37045473  0.99000000
0.21861742  34.00000000  0.16558662  40.00000000  2659.37045473  0.99000000
0.21861784  34.00000000  0.16581852  40.00000000  2659.86508883  0.99000000
0.19909688  38.00000000  0.19909688  40.00000000  2643.16264243  0.99000000
0.21861742  34.00000000  0.16558662  40.00000000  2659.37045473  0.99000000
0.02193591  37.00000000  0.02111748  40.00000000  2486.93410626  0.99000000
0.21862042  34.00000000  0.16608323  40.00000000  2659.99337985  0.99000000
0.21861742  34.00000000  0.16558662  40.00000000  2659.37045473  0.99000000
0.21861742  34.00000000  0.16558662  40.00000000  2659.37045473  0.99000000
0.21861742  34.00000000  0.16260672  40.00000000  2659.66301041  0.99000000
0.21861742  34.00000000  0.16558662  40.00000000  2659.37045473  0.99000000
0.21861742  34.00000000  0.16558662  40.00000000  2659.37045473  0.99000000
0.21861742  34.00000000  0.16558662  40.00000000  2659.37045473  0.99000000
0.21856800  34.00000000  0.17969295  40.00000000  2659.49350640  0.99000000
0.21900398  34.00000000  0.16601477  40.00000000  2659.45354794  0.99000000
0.21861742  34.00000000  0.16558662  40.00000000  2659.37045473  0.99000000
0.21861742  34.00000000  0.16558662  40.00000000  2659.37045473  0.99000000
0.05106574  30.00000000  0.03869429  40.00000000  2640.88451810  0.99000000
0.21861742  34.00000000  0.16558662  40.00000000  2659.37045473  0.99000000
0.21861742  34.00000000  0.16558662  40.00000000  2659.37045473  0.99000000
0.21861742  34.00000000  0.16558662  40.00000000  2659.37045473  0.99000000
0.25309526  35.00000000  0.24222415  40.00000000  2662.68291342  0.99000000
0.21861742  34.00000000  0.16558662  40.00000000  2659.37045473  0.99000000
0.21861742  34.00000000  0.16558662  40.00000000  2659.37045473  0.99000000
0.34674196  37.00000000  0.32676452  40.00000000  2662.58376415  0.99000000
0.04660170  38.00000000  0.04660170  40.00000000  2612.09957738  0.99000000
0.21861742  34.00000000  0.16558662  40.00000000  2659.37045473  0.99000000
0.21861742  34.00000000  0.16558662  40.00000000  2659.37045473  0.99000000
0.21861742  34.00000000  0.16558662  40.00000000  2659.37045473  0.99000000
0.21861742  34.00000000  0.16558662  40.00000000  2659.37045473  0.99000000
0.21888008  34.00000000  0.19213852  40.00000000  2659.55603708  0.99000000
0.21861742  34.00000000  0.18002761  40.00000000  2659.55602374  0.99000000
0.47608828  37.00000000  0.45018082  40.00000000  2737.18287979  0.99000000
0.21861742  34.00000000  0.16558662  40.00000000  2659.37045473  0.99000000
0.21861742  34.00000000  0.16558662  40.00000000  2659.37045473  0.99000000
0.21861742  34.00000000  0.16558662  40.00000000  2659.37045473  0.99000000
0.21861742  34.00000000  0.16558662  40.00000000  2659.37045473  0.99000000
0.21861742  34.00000000  0.16558662  40.00000000  2659.37045473  0.99000000
0.45478869  38.00000000  0.45478869  40.00000000  2669.81140047  0.99000000
0.21861742  34.00000000  0.16558662  40.00000000  2659.37045473  0.99000000
0.21861742  34.00000000  0.16558662  40.00000000  2659.37045473  0.99000000
0.21861742  34.00000000  0.16558662  40.00000000  2659.37045473  0.99000000
0.10469116  28.00000000  0.03334143  40.00000000  2290.52253977  0.99000000
0.22356029  34.00000000  0.17154895  40.00000000  2660.23159938  0.99000000
0.21861742  34.00000000  0.16558662  40.00000000  2659.37045473  0.99000000
0.21861742  34.00000000  0.16558662  40.00000000  2659.37045473  0.99000000
0.09174650  38.00000000  0.09174650  40.00000000  1480.05354252  0.99000000
0.21861742  34.00000000  0.16558662  40.00000000  2659.37045473  0.99000000
0.21861742  34.00000000  0.16558662  40.00000000  2659.37045473  0.99000000
0.31205050  38.00000000  0.31205050  40.00000000  2656.05643692  0.99000000
0.21861742  34.00000000  0.16558662  40.00000000  2659.37045473  0.99000000
0.21861742  34.00000000  0.16558662  40.00000000  2659.37045473  0.99000000
0.21861742  34.00000000  0.16558662  40.00000000  2659.37045473  0.99000000
0.21861742  34.00000000  0.16558662  40.00000000  2659.37045473  0.99000000
0.23166947  34.00000000  0.17219300  40.00000000  2660.52718084  0.99000000
0.21861742  34.00000000  0.16558662  40.00000000  2659.37045473  0.99000000
0.21861742  34.00000000  0.16558662  40.00000000  2659.37045473  0.99000000
0.21861742  34.00000000  0.16558662  40.00000000  2659.37045473  0.99000000
0.21861742  34.00000000  0.16558662  40.00000000  2659.37045473  0.99000000
0.21861742  34.00000000  0.16558662  40.00000000  2659.37045473  0.99000000
0.21861742  34.00000000  0.16558662  40.00000000  2659.37045473  0.99000000
0.21861742  34.00000000  0.16558662  40.00000000  2659.37045473  0.99000000
0.21861742  34.00000000  0.16558662  40.00000000  2659.37045473  0.99000000
0.21861742  34.00000000  0.16558662  40.00000000  2659.37045473  0.99000000
0.21861742  34.00000000  0.16558662  40.00000000  2659.37045473  0.99000000
0.21861742  34.00000000  0.16558662  40.00000000  2659.37045473  0.99000000
0.21861742  34.00000000  0.16558662  40.00000000  2659.37045473  0.99000000
0.21861742  34.00000000  0.16558662  40.00000000  2659.37045473  0.99000000
0.21861742  34.00000000  0.16558662  40.00000000  2659.37045473  0.99000000
0.21861742  34.00000000  0.16558662  40.00000000  2659.37045473  0.99000000
0.01957150  38.00000000  0.01957150  40.00000000  2612.25160841  0.99000000
0.21861742  34.00000000  0.16558662  40.00000000  2659.37045473  0.99000000
0.21861742  34.00000000  0.16558662  40.00000000  2659.37045473  0.99000000
0.21861742  34.00000000  0.16558662  40.00000000  2659.37045473  0.99000000
0.21861742  34.00000000  0.16558662  40.00000000  2659.37045473  0.99000000
0.21861742  34.00000000  0.16558662  40.00000000  2659.37045473  0.99000000
0.21861742  34.00000000  0.16558662  40.00000000  2659.37045473  0.99000000
0.21861742  34.00000000  0.16558662  40.00000000  2659.37045473  0.99000000
0.21860648  34.00000000  0.15758796  40.00000000  2659.82723491  0.99000000
0.02998171  29.00000000  0.00586680  40.00000000  2230.94219907  0.99000000
0.21861742  34.00000000  0.16558662  40.00000000  2659.37045473  0.99000000
0.06148921  38.00000000  0.06148921  40.00000000  1801.47452080  0.99000000
0.21861742  34.00000000  0.16558662  40.00000000  2659.37045473  0.99000000
0.21861742  34.00000000  0.16558662  40.00000000  2659.37045473  0.99000000
0.21861742  34.00000000  0.16558662  40.00000000  2659.37045473  0.99000000
0.21861742  34.00000000  0.16558662  40.00000000  2659.37045473  0.99000000
0.21861742  34.00000000  0.16558662  40.00000000  2659.37045473  0.99000000
0.21861742  34.00000000  0.16558662  40.00000000  2659.37045473  0.99000000
0.21861742  34.00000000  0.16558662  40.00000000  2659.37045473  0.99000000
0.21861742  34.00000000  0.16558662  40.00000000  2659.37045473  0.99000000
0.21861742  34.00000000  0.16558662  40.00000000  2659.37045473  0.99000000
0.21861742  34.00000000  0.16260672  40.00000000  2659.66301041  0.99000000
0.24154389  38.00000000  0.24154389  40.00000000  2662.16057916  0.99000000
0.01027342  38.00000000  0.01027342  40.00000000  2291.62048302  0.99000000
0.21861742  34.00000000  0.16558662  40.00000000  2659.37045473  0.99000000
0.21861742  34.00000000  0.16558662  40.00000000  2659.37045473  0.99000000
0.21861742  34.00000000  0.16558662  40.00000000  2659.37045473  0.99000000
0.21861742  34.00000000  0.16558662  40.00000000  2659.37045473  0.99000000
0.21861742  34.00000000  0.16558662  40.00000000  2659.37045473  0.99000000
0.21861742  34.00000000  0.16558662  40.00000000  2659.37045473  0.99000000
0.21861742  34.00000000  0.16558662  40.00000000  2659.37045473  0.99000000
0.21861742  34.00000000  0.16558662  40.00000000  2659.37045473  0.99000000
0.21861742  34.00000000  0.16558662  40.00000000  2659.37045473  0.99000000
0.21861742  34.00000000  0.16558662  40.00000000  2659.37045473  0.99000000
0.13736652  35.00000000  0.12561425  40.00000000  2647.64656872  0.99000000
0.00871518  23.00000000  0.00104218  40.00000000  2634.66038389  0.99000000
0.02751346  38.00000000  0.02751346  40.00000000  2133.88592901  0.99000000
0.21861742  34.00000000  0.16558662  40.00000000  2659.37045473  0.99000000
0.29439014  35.00000000  0.24372162  40.00000000  2674.87864111  0.99000000
0.21861742  34.00000000  0.16558662  40.00000000  2659.37045473  0.99000000
0.21861742  34.00000000  0.16558662  40.00000000  2659.37045473  0.99000000
0.21861742  34.00000000  0.16558662  40.00000000  2659.37045473  0.99000000
0.21861742  34.00000000  0.16558662  40.00000000  2659.37045473  0.99000000
0.27351182  36.00000000  0.26948229  40.00000000  2664.21432680  0.99000000
0.11668866  29.00000000  0.04563054  40.00000000  2478.74646540  0.99000000
0.21861742  34.00000000  0.16558662  40.00000000  2659.37045473  0.99000000
0.21861742  34.00000000  0.16558662  40.00000000  2659.37045473  0.99000000
0.21861742  34.00000000  0.16558662  40.00000000  2659.37045473  0.99000000
0.21861742  34.00000000  0.16558662  40.00000000  2659.37045473  0.99000000
0.21861742  34.00000000  0.16558662  40.00000000  2659.37045473  0.99000000
0.21861742  34.00000000  0.16558662  40.00000000  2659.37045473  0.99000000
0.21861742  34.00000000  0.16558662  40.00000000  2659.37045473  0.99000000
0.01696117  38.00000000  0.01696117  40.00000000  1867.59838265  0.99000000
0.13341341  34.00000000  0.11213496  40.00000000  2337.65904500  0.99000000
0.22356029  34.00000000  0.17154895  40.00000000  2660.23159938  0.99000000
0.01802679  30.00000000  0.01583689  40.00000000  1711.14600644  0.99000000
0.21861742  34.00000000  0.16558662  40.00000000  2659.37045473  0.99000000
0.21861742  34.00000000  0.16558662  40.00000000  2659.37045473  0.99000000
0.21861742  34.00000000  0.16558662  40.00000000  2659.37045473  0.99000000
0.21861742  34.00000000  0.16558662  40.00000000  2659.37045473  0.99000000
0.21861742  34.00000000  0.16558662  40.00000000  2659.37045473  0.99000000
0.21861742  34.00000000  0.16558662  40.00000000  2659.37045473  0.99000000
0.21861742  34.00000000  0.16558662  40.00000000  2659.37045473  0.99000000
0.21861742  34.00000000  0.16558662  40.00000000  2659.37045473  0.99000000
0.12756191  33.00000000  0.09704211  40.00000000  2572.41561537  0.99000000
0.21861742  34.00000000  0.16558662  40.00000000  2659.37045473  0.99000000
0.21861742  34.00000000  0.16558662  40.00000000  2659.37045473  0.99000000
0.21861742  34.00000000  0.16558662  40.00000000  2659.37045473  0.99000000
0.21861742  34.00000000  0.16558662  40.00000000  2659.37045473  0.99000000
0.21861742  34.00000000  0.16558662  40.00000000  2659.37045473  0.99000000
0.21861742  34.00000000  0.16558662  40.00000000  2659.37045473  0.99000000
0.21861742  34.00000000  0.16558662  40.00000000  2659.37045473  0.99000000
0.21861742  34.00000000  0.16558662  40.00000000  2659.37045473  0.99000000
0.21861742  34.00000000  0.16558662  40.00000000  2659.37045473  0.99000000
0.21861742  34.00000000  0.16558662  40.00000000  2659.37045473  0.99000000
0.21861773  34.00000000  0.16558573  40.00000000  2659.36965435  0.99000000
0.21861742  34.00000000  0.16558662  40.00000000  2659.37045473  0.99000000
0.21861742  34.00000000  0.16558662  40.00000000  2659.37045473  0.99000000
0.21861742  34.00000000  0.16558662  40.00000000  2659.37045473  0.99000000
0.21861742  34.00000000  0.16558662  40.00000000  2659.37045473  0.99000000
0.21861742  34.00000000  0.16558662  40.00000000  2659.37045473  0.99000000
0.21861742  34.00000000  0.16558662  40.00000000  2659.37045473  0.99000000
0.21861742  34.00000000  0.16558662  40.00000000  2659.37045473  0.99000000
0.21861742  34.00000000  0.16558662  40.00000000  2659.37045473  0.99000000
0.21861742  34.00000000  0.16558662  40.00000000  2659.37045473  0.99000000
0.21861742  34.00000000  0.16558662  40.00000000  2659.37045473  0.99000000
0.21861742  34.00000000  0.16558662  40.00000000  2659.37045473  0.99000000
0.21861742  34.00000000  0.16558662  40.00000000  2659.37045473  0.99000000
0.37883116  32.00000000  0.16801464  40.00000000  2676.87103525  0.99000000
0.21407327  38.00000000  0.21407327  40.00000000  2651.68902364  0.99000000
0.21861742  34.00000000  0.16558662  40.00000000  2659.37045473  0.99000000
0.21861742  34.00000000  0.16558662  40.00000000  2659.37045473  0.99000000
0.23861520  34.00000000  0.17185769  40.00000000  2659.83677318  0.99000000
0.11999019  33.00000000  0.08528848  40.00000000  2641.61203010  0.99000000
0.21861742  34.00000000  0.16558662  40.00000000  2659.37045473  0.99000000
0.21861742  34.00000000  0.16558662  40.00000000  2659.37045473  0.99000000
0.21861742  34.00000000  0.16558662  40.00000000  2659.37045473  0.99000000
0.21861742  34.00000000  0.16558662  40.00000000  2659.37045473  0.99000000
0.21861742  34.00000000  0.16558662  40.00000000  2659.37045473  0.99000000
0.21861742  34.00000000  0.16558662  40.00000000  2659.37045473  0.99000000
0.21861742  34.00000000  0.16558662  40.00000000  2659.37045473  0.99000000
0.21861773  34.00000000  0.16558573  40.00000000  2659.36965435  0.99000000
0.22007028  34.00000000  0.16588950  40.00000000  2659.80041297  0.99000000
0.21861742  34.00000000  0.18002788  40.00000000  2659.63789126  0.99000000
0.21861742  34.00000000  0.16558662  40.00000000  2659.37045473  0.99000000
0.21861742  34.00000000  0.16558662  40.00000000  2659.37045473  0.99000000
0.21861742  34.00000000  0.16558662  40.00000000  2659.37045473  0.99000000
0.21861742  34.00000000  0.16558662  40.00000000  2659.37045473  0.99000000
0.21861742  34.00000000  0.16558662  40.00000000  2659.37045473  0.99000000
0.21861742  34.00000000  0.16558662  40.00000000  2659.37045473  0.99000000
0.21861742  34.00000000  0.16558662  40.00000000  2659.37045473  0.99000000
0.03340686  36.00000000  0.03239462  40.00000000  1814.25665138  0.99000000
0.21861742  34.00000000  0.16558662  40.00000000  2659.37045473  0.99000000
0.21861742  34.00000000  0.16558662  40.00000000  2659.37045473  0.99000000
0.21861742  34.00000000  0.16558662  40.00000000  2659.37045473  0.99000000
0.04428916  34.00000000  0.00077924  40.00000000  1232.72869831  0.99000000
0.21861742  34.00000000  0.16558662  40.00000000  2659.37045473  0.99000000
0.13291789  33.00000000  0.10918141  40.00000000  2644.59617169  0.99000000
0.21861742  34.00000000  0.16558662  40.00000000  2659.37045473  0.99000000
0.21861742  34.00000000  0.16558662  40.00000000  2659.37045473  0.99000000
0.21861742  34.00000000  0.16558662  40.00000000  2659.37045473  0.99000000
0.21862083  34.00000000  0.16620966  40.00000000  2660.27053909  0.99000000
0.21861742  34.00000000  0.16558662  40.00000000  2659.37045473  0.99000000
0.21861742  34.00000000  0.16558662  40.00000000  2659.37045473  0.99000000
0.21861742  34.00000000  0.16558662  40.00000000  2659.37045473  0.99000000
0.34674196  37.00000000  0.32676452  40.00000000  2662.58376415  0.99000000
0.21861742  34.00000000  0.16558662  40.00000000  2659.37045473  0.99000000
0.21861742  34.00000000  0.16558662  40.00000000  2659.37045473  0.99000000
0.21861742  34.00000000  0.16558662  40.00000000  2659.37045473  0.99000000
0.21861742  34.00000000  0.16558662  40.00000000  2659.37045473  0.99000000
0.21861742  34.00000000  0.16558662  40.00000000  2659.37045473  0.99000000
0.21861742  34.00000000  0.16558662  40.00000000  2659.37045473  0.99000000
0.21861742  34.00000000  0.16558662  40.00000000  2659.37045473  0.99000000
0.21861742  34.00000000  0.16558662  40.00000000  2659.37045473  0.99000000
0.00920135  31.00000000  0.00809871  40.00000000  2634.75025019  0.99000000
0.21861742  34.00000000  0.16558662  40.00000000  2659.37045473  0.99000000
0.01728068  37.00000000  0.01680564  40.00000000  2367.86608627  0.99000000
0.21861742  34.00000000  0.16558662  40.00000000  2659.37045473  0.99000000
0.21861742  34.00000000  0.16558662  40.00000000  2659.37045473  0.99000000
0.21861742  34.00000000  0.16558662  40.00000000  2659.37045473  0.99000000
0.04245223  27.00000000  0.01995504  40.00000000  2636.16436965  0.99000000
0.21861742  34.00000000  0.16558662  40.00000000  2659.37045473  0.99000000
0.21861742  34.00000000  0.16558662  40.00000000  2659.37045473  0.99000000
0.21861742  34.00000000  0.16558662  40.00000000  2659.37045473  0.99000000
0.21861742  34.00000000  0.16558662  40.00000000  2659.37045473  0.99000000
0.15017358  33.00000000  0.14427819  40.00000000  2647.30400266  0.99000000
0.21861742  34.00000000  0.16558662  40.00000000  2659.37045473  0.99000000
0.21861742  34.00000000  0.16558662  40.00000000  2659.37045473  0.99000000
0.21861495  34.00000000  0.17999086  40.00000000  2659.61150181  0.99000000
0.21861742  34.00000000  0.16558662  40.00000000  2659.37045473  0.99000000
0.01886344  36.00000000  0.01786894  40.00000000  2397.97952912  0.99000000
0.21861742  34.00000000  0.16558662  40.00000000  2659.37045473  0.99000000
0.43436551  34.00000000  0.33830077  40.00000000  2688.16200710  0.99000000
0.21861742  34.00000000  0.16558662  40.00000000  2659.37045473  0.99000000
0.21861742  34.00000000  0.16558662  40.00000000  2659.37045473  0.99000000
0.21861742  34.00000000  0.16558662  40.00000000  2659.37045473  0.99000000
0.21861742  34.00000000  0.16558662  40.00000000  2659.37045473  0.99000000
0.21861742  34.00000000  0.16558662  40.00000000  2659.37045473  0.99000000
0.21861742  34.00000000  0.16558662  40.00000000  2659.37045473  0.99000000
0.21861742  34.00000000  0.16558662  40.00000000  2659.37045473  0.99000000
0.12594853  37.00000000  0.12448899  40.00000000  2640.90085748  0.99000000
0.21861742  34.00000000  0.16558662  40.00000000  2659.37045473  0.99000000
0.21861742  34.00000000  0.16558662  40.00000000  2659.37045473  0.99000000
0.21861757  34.00000000  0.16602856  40.00000000  2660.22383597  0.99000000
0.21861742  34.00000000  0.16558662  40.00000000  2659.37045473  0.99000000
0.07690496  38.00000000  0.07690496  40.00000000  2526.07217758  0.99000000
0.21861742  34.00000000  0.16558662  40.00000000  2659.37045473  0.99000000
0.21861742  34.00000000  0.16558662  40.00000000  2659.37045473  0.99000000
0.21861742  34.00000000  0.16558662  40.00000000  2659.37045473  0.99000000
0.21811240  34.00000000  0.15274364  40.00000000  2658.91574179  0.99000000
0.14527341  38.00000000  0.14527341  40.00000000  1509.74319640  0.99000000
0.21861742  34.00000000  0.16558662  40.00000000  2659.37045473  0.99000000
0.21861742  34.00000000  0.16558662  40.00000000  2659.37045473  0.99000000
0.21861742  34.00000000  0.16558662  40.00000000  2659.37045473  0.99000000
0.21861742  34.00000000  0.16558662  40.00000000  2659.37045473  0.99000000
0.21861742  34.00000000  0.16558662  40.00000000  2659.37045473  0.99000000
0.21861742  34.00000000  0.16558662  40.00000000  2659.37045473  0.99000000
0.21861742  34.00000000  0.16558662  40.00000000  2659.37045473  0.99000000
0.21861742  34.00000000  0.16558662  40.00000000  2659.37045473  0.99000000
0.21861742  34.00000000  0.16558662  40.00000000  2659.37045473  0.99000000
0.21840586  34.00000000  0.16508978  40.00000000  2653.54219541  0.99000000
0.21861742  34.00000000  0.16558662  40.00000000  2659.37045473  0.99000000
0.21861742  34.00000000  0.16558662  40.00000000  2659.37045473  0.99000000
0.21861742  34.00000000  0.16558662  40.00000000  2659.37045473  0.99000000
0.21861742  34.00000000  0.16558662  40.00000000  2659.37045473  0.99000000
0.21861742  34.00000000  0.16558662  40.00000000  2659.37045473  0.99000000
0.21861742  34.00000000  0.16558662  40.00000000  2659.37045473  0.99000000
0.21861742  34.00000000  0.16558662  40.00000000  2659.37045473  0.99000000
0.21861742  34.00000000  0.16558662  40.00000000  2659.37045473  0.99000000
0.21943488  34.00000000  0.16535187  40.00000000  2658.57027010  0.99000000
0.29362546  35.00000000  0.23913954  40.00000000  2673.60675134  0.99000000
0.21861742  34.00000000  0.16558662  40.00000000  2659.37045473  0.99000000
0.21861742  34.00000000  0.16260672  40.00000000  2659.66301041  0.99000000
0.21861742  34.00000000  0.16558662  40.00000000  2659.37045473  0.99000000
0.21861742  34.00000000  0.16558662  40.00000000  2659.37045473  0.99000000
0.21861742  34.00000000  0.16558662  40.00000000  2659.37045473  0.99000000
0.21861742  34.00000000  0.16558662  40.00000000  2659.37045473  0.99000000
0.21861742  34.00000000  0.16558662  40.00000000  2659.37045473  0.99000000
0.21861742  34.00000000  0.16558662  40.00000000  2659.37045473  0.99000000
0.21861742  34.00000000  0.16318641  40.00000000  2659.22318346  0.99000000
0.21861742  34.00000000  0.16558662  40.00000000  2659.37045473  0.99000000
0.21861742  34.00000000  0.16558662  40.00000000  2659.37045473  0.99000000
0.21861742  34.00000000  0.16558662  40.00000000  2659.37045473  0.99000000
0.21861742  34.00000000  0.16558662  40.00000000  2659.37045473  0.99000000
0.21861742  34.00000000  0.16558662  40.00000000  2659.37045473  0.99000000
0.21861742  34.00000000  0.16558662  40.00000000  2659.37045473  0.99000000
0.09119526  38.00000000  0.09119526  40.00000000  2503.33632536  0.99000000
0.21861742  34.00000000  0.16558662  40.00000000  2659.37045473  0.99000000
0.21861742  34.00000000  0.16558662  40.00000000  2659.37045473  0.99000000
0.11678076  38.00000000  0.11678076  40.00000000  2644.78742987  0.99000000
0.21565275  34.00000000  0.15240072  40.00000000  2659.31680837  0.99000000
0.21861742  34.00000000  0.16558662  40.00000000  2659.37045473  0.99000000
0.21861742  34.00000000  0.16558662  40.00000000  2659.37045473  0.99000000
0.04441427  38.00000000  0.04441427  40.00000000  2275.31426522  0.99000000
0.14263535  33.00000000  0.11314865  40.00000000  2641.57065481  0.99000000
0.21861742  34.00000000  0.16558662  40.00000000  2659.37045473  0.99000000
0.21861742  34.00000000  0.16558662  40.00000000  2659.37045473  0.99000000
0.05748605  38.00000000  0.05748605  40.00000000  1876.43605071  0.99000000
0.08450776  38.00000000  0.08450776  40.00000000  2636.77128712  0.99000000
0.21861742  34.00000000  0.16558662  40.00000000  2659.37045473  0.99000000
0.21861742  34.00000000  0.16558662  40.00000000  2659.37045473  0.99000000
0.21861742  34.00000000  0.16558662  40.00000000  2659.37045473  0.99000000
0.21861742  34.00000000  0.16558662  40.00000000  2659.37045473  0.99000000
0.21861742  34.00000000  0.16558662  40.00000000  2659.37045473  0.99000000
0.22187666  34.00000000  0.16718348  40.00000000  2659.71375024  0.99000000
0.21861742  34.00000000  0.16558662  40.00000000  2659.37045473  0.99000000
0.21861742  34.00000000  0.16558662  40.00000000  2659.37045473  0.99000000
0.22356029  34.00000000  0.17154895  40.00000000  2660.23159938  0.99000000
0.21861742  34.00000000  0.16558662  40.00000000  2659.37045473  0.99000000
0.21861742  34.00000000  0.16558662  40.00000000  2659.37045473  0.99000000
0.16470381  38.00000000  0.16470381  40.00000000  2649.20746306  0.99000000
0.21863539  34.00000000  0.16410729  40.00000000  2659.96083431  0.99000000
0.21861742  34.00000000  0.16558662  40.00000000  2659.37045473  0.99000000
0.25309526  35.00000000  0.24222415  40.00000000  2662.68291342  0.99000000
0.05749141  38.00000000  0.05749141  40.00000000  1876.26736636  0.99000000
0.23861520  34.00000000  0.17185769  40.00000000  2659.83677318  0.99000000
0.21861742  34.00000000  0.16558662  40.00000000  2659.37045473  0.99000000
0.21861742  34.00000000  0.16558662  40.00000000  2659.37045473  0.99000000
0.21861742  34.00000000  0.16558662  40.00000000  2659.37045473  0.99000000
0.21861742  34.00000000  0.16558662  40.00000000  2659.37045473  0.99000000
0.21861742  34.00000000  0.16558662  40.00000000  2659.37045473  0.99000000
0.21861742  34.00000000  0.16558662  40.00000000  2659.37045473  0.99000000
0.21861742  34.00000000  0.16558662  40.00000000  2659.37045473  0.99000000
0.11668866  29.00000000  0.04557988  40.00000000  2478.74766543  0.99000000
0.21861742  34.00000000  0.16558662  40.00000000  2659.37045473  0.99000000
0.21861742  34.00000000  0.16558662  40.00000000  2659.37045473  0.99000000
0.21861742  34.00000000  0.16560918  40.00000000  2659.56770490  0.99000000
0.21861742  34.00000000  0.16558662  40.00000000  2659.37045473  0.99000000
0.16240645  32.00000000  0.09673952  40.00000000  2650.89674358  0.99000000
0.21861742  34.00000000  0.16558662  40.00000000  2659.37045473  0.99000000
0.21861742  34.00000000  0.16558662  40.00000000  2659.37045473  0.99000000
0.21861742  34.00000000  0.16558131  40.00000000  2659.36996049  0.99000000
0.21861742  34.00000000  0.16558662  40.00000000  2659.37045473  0.99000000
0.21861742  34.00000000  0.16558662  40.00000000  2659.37045473  0.99000000
0.21861742  34.00000000  0.16558662  40.00000000  2659.37045473  0.99000000
0.21861742  34.00000000  0.16558662  40.00000000  2659.37045473  0.99000000
0.21861742  34.00000000  0.16558662  40.00000000  2659.37045473  0.99000000
0.21861742  34.00000000  0.16558662  40.00000000  2659.37045473  0.99000000
0.05748922  38.00000000  0.05748922  40.00000000  1876.43529049  0.99000000
0.33933093  37.00000000  0.32274168  40.00000000  2675.00202417  0.99000000
0.10331340  38.00000000  0.10331340  40.00000000  1388.32572962  0.99000000
0.21861742  34.00000000  0.16558662  40.00000000  2659.37045473  0.99000000
0.21861742  34.00000000  0.16558662  40.00000000  2659.37045473  0.99000000
0.15063803  36.00000000  0.14220913  40.00000000  2202.24625102  0.99000000
0.21861742  34.00000000  0.16558662  40.00000000  2659.37045473  0.99000000
0.21861742  34.00000000  0.16558662  40.00000000  2659.37045473  0.99000000
0.02193591  37.00000000  0.02111748  40.00000000  2486.93410626  0.99000000
0.01151087  35.00000000  0.00804773  40.00000000  2607.90894187  0.99000000
0.21861742  34.00000000  0.16558662  40.00000000  2659.37045473  0.99000000
0.01696117  38.00000000  0.01696117  40.00000000  1867.59838265  0.99000000
0.21861742  34.00000000  0.16558662  40.00000000  2659.37045473  0.99000000
0.07261741  34.00000000  0.05898087  40.00000000  2618.26790687  0.99000000
0.21861742  34.00000000  0.16558662  40.00000000  2659.37045473  0.99000000
0.03340686  36.00000000  0.03239462  40.00000000  1814.25665138  0.99000000
0.21861742  34.00000000  0.16558662  40.00000000  2659.37045473  0.99000000
0.21861742  34.00000000  0.16558662  40.00000000  2659.37045473  0.99000000
0.07732403  38.00000000  0.07732403  40.00000000  2526.16051633  0.99000000
0.21861742  34.00000000  0.16558662  40.00000000  2659.37045473  0.99000000
0.21861742  34.00000000  0.16558662  40.00000000  2659.37045473  0.99000000
0.21861742  34.00000000  0.16558662  40.00000000  2659.37045473  0.99000000
0.21861742  34.00000000  0.16558662  40.00000000  2659.37045473  0.99000000
0.21861742  34.00000000  0.16558662  40.00000000  2659.37045473  0.99000000
0.21861742  34.00000000  0.16558662  40.00000000  2659.37045473  0.99000000
0.21861742  34.00000000  0.16558662  40.00000000  2659.37045473  0.99000000
0.21861742  34.00000000  0.16558662  40.00000000  2659.37045473  0.99000000
0.21861742  34.00000000  0.16558662  40.00000000  2659.37045473  0.99000000
0.21861742  34.00000000  0.16558662  40.00000000  2659.37045473  0.99000000
0.48229784  36.00000000  0.43886031  40.00000000  2653.05409402  0.99000000
0.21861742  34.00000000  0.16558662  40.00000000  2659.37045473  0.99000000
0.21861742  34.00000000  0.16558662  40.00000000  2659.37045473  0.99000000
0.21861742  34.00000000  0.16558662  40.00000000  2659.37045473  0.99000000
0.21861742  34.00000000  0.16558662  40.00000000  2659.37045473  0.99000000
0.21861742  34.00000000  0.16558662  40.00000000  2659.37045473  0.99000000
0.04396657  35.00000000  0.03335592  40.00000000  2639.52032985  0.99000000
0.10512775  34.00000000  0.05692069  40.00000000  2681.92073525  0.99000000
0.21861742  34.00000000  0.16558662  40.00000000  2659.37045473  0.99000000
0.21861742  34.00000000  0.16558662  40.00000000  2659.37045473  0.99000000
0.21861742  34.00000000  0.16558662  40.00000000  2659.37045473  0.99000000
0.20028137  34.00000000  0.16243632  40.00000000  2656.66339031  0.99000000
0.21861742  34.00000000  0.18002716  40.00000000  2659.61356711  0.99000000
0.21861742  34.00000000  0.16558662  40.00000000  2659.37045473  0.99000000
0.21861742  34.00000000  0.16558662  40.00000000  2659.37045473  0.99000000
0.21861742  34.00000000  0.16558662  40.00000000  2659.37045473  0.99000000
0.21861742  34.00000000  0.16558662  40.00000000  2659.37045473  0.99000000
0.22020981  35.00000000  0.18923163  40.00000000  2351.96174948  0.99000000
0.08507148  38.00000000  0.08507148  40.00000000  2601.00516521  0.99000000
0.21861742  34.00000000  0.16558662  40.00000000  2659.37045473  0.99000000
0.19909688  38.00000000  0.19909688  40.00000000  2643.16264243  0.99000000
0.21861742  34.00000000  0.16558662  40.00000000  2659.37045473  0.99000000
0.21861742  34.00000000  0.16558662  40.00000000  2659.37045473  0.99000000
0.21861742  34.00000000  0.16558662  40.00000000  2659.37045473  0.99000000
0.21861742  34.00000000  0.16558662  40.00000000  2659.37045473  0.99000000
0.21864078  34.00000000  0.18041304  40.00000000  2660.00475755  0.99000000
0.21861742  34.00000000  0.16558662  40.00000000  2659.37045473  0.99000000
0.21861742  34.00000000  0.16558662  40.00000000  2659.37045473  0.99000000
0.21861742  34.00000000  0.16558662  40.00000000  2659.37045473  0.99000000
0.21861742  34.00000000  0.16558662  40.00000000  2659.37045473  0.99000000
0.21861742  34.00000000  0.16558662  40.00000000  2659.37045473  0.99000000
0.00920135  31.00000000  0.00809871  40.00000000  2634.75025019  0.99000000
0.21861742  34.00000000  0.16558662  40.00000000  2659.37045473  0.99000000
0.21861742  34.00000000  0.16558662  40.00000000  2659.37045473  0.99000000
0.27351182  36.00000000  0.26948229  40.00000000  2664.21432680  0.99000000
0.21861742  34.00000000  0.16558662  40.00000000  2659.37045473  0.99000000
0.21861742  34.00000000  0.16558662  40.00000000  2659.37045473  0.99000000
0.34912400  35.00000000  0.29537237  40.00000000  2688.73813745  0.99000000
0.06919363  38.00000000  0.06919363  40.00000000  2635.97354659  0.99000000
0.21861742  34.00000000  0.16558662  40.00000000  2659.37045473  0.99000000
0.21861742  34.00000000  0.16558662  40.00000000  2659.37045473  0.99000000
0.21861742  34.00000000  0.16558662  40.00000000  2659.37045473  0.99000000
0.21861742  34.00000000  0.16558662  40.00000000  2659.37045473  0.99000000
0.21861742  34.00000000  0.16558662  40.00000000  2659.37045473  0.99000000
0.21861742  34.00000000  0.16558662  40.00000000  2659.37045473  0.99000000
0.21855107  34.00000000  0.17963875  40.00000000  2659.48699791  0.99000000
0.21861742  34.00000000  0.16558662  40.00000000  2659.37045473  0.99000000
0.21861742  34.00000000  0.16558662  40.00000000  2659.37045473  0.99000000
0.21861742  34.00000000  0.16558662  40.00000000  2659.37045473  0.99000000
0.21861742  34.00000000  0.16558662  40.00000000  2659.37045473  0.99000000
0.21861742  34.00000000  0.16558662  40.00000000  2659.37045473  0.99000000
0.21861742  34.00000000  0.16558662  40.00000000  2659.37045473  0.99000000
0.01807858  37.00000000  0.01711223  40.00000000  2444.76997227  0.99000000
0.21861742  34.00000000  0.16558662  40.00000000  2659.37045473  0.99000000
0.21861742  34.00000000  0.16558662  40.00000000  2659.37045473  0.99000000
0.21861742  34.00000000  0.16558662  40.00000000  2659.37045473  0.99000000
0.21861742  34.00000000  0.16558662  40.00000000  2659.37045473  0.99000000
0.46487027  38.00000000  0.46487027  40.00000000  2694.39378422  0.99000000
0.03841003  23.00000000  0.01217771  40.00000000  2600.79752467  0.99000000
0.06919363  38.00000000  0.06919363  40.00000000  2635.97354659  0.99000000
0.21861742  34.00000000  0.16558662  40.00000000  2659.37045473  0.99000000
0.21861742  34.00000000  0.16558662  40.00000000  2659.37045473  0.99000000
0.22838854  38.00000000  0.22838854  40.00000000  1541.43423945  0.99000000
0.21024496  34.00000000  0.17549815  40.00000000  2606.45374404  0.99000000
0.21861742  34.00000000  0.16558662  40.00000000  2659.37045473  0.99000000
0.21861742  34.00000000  0.16558662  40.00000000  2659.37045473  0.99000000
0.21861742  34.00000000  0.16558662  40.00000000  2659.37045473  0.99000000
0.21861742  34.00000000  0.16558662  40.00000000  2659.37045473  0.99000000
0.21861742  34.00000000  0.16558662  40.00000000  2659.37045473  0.99000000
0.08767619  29.00000000  0.07344830  40.00000000  2197.60224079  0.99000000
0.21861742  34.00000000  0.16558662  40.00000000  2659.37045473  0.99000000
0.34663153  32.00000000  0.15117552  40.00000000  2672.26883421  0.99000000
0.21861742  34.00000000  0.16558662  40.00000000  2659.37045473  0.99000000
0.21861742  34.00000000  0.16318641  40.00000000  2659.22318346  0.99000000
0.21861742  34.00000000  0.18002716  40.00000000  2659.61356711  0.99000000
0.21861742  34.00000000  0.16558662  40.00000000  2659.37045473  0.99000000
0.21861742  34.00000000  0.16558662  40.00000000  2659.37045473  0.99000000
0.21861742  34.00000000  0.16558662  40.00000000  2659.37045473  0.99000000
0.11426494  38.00000000  0.11426494  40.00000000  2671.07320471  0.99000000
0.21861742  34.00000000  0.16558662  40.00000000  2659.37045473  0.99000000
0.21861742  34.00000000  0.16558662  40.00000000  2659.37045473  0.99000000
0.21861742  34.00000000  0.16558662  40.00000000  2659.37045473  0.99000000
0.21861742  34.00000000  0.16558662  40.00000000  2659.37045473  0.99000000
0.21861742  34.00000000  0.16558662  40.00000000  2659.37045473  0.99000000
0.21861742  34.00000000  0.16480939  40.00000000  2659.49775561  0.99000000
0.21861742  34.00000000  0.16558662  40.00000000  2659.37045473  0.99000000
0.21861742  34.00000000  0.16558662  40.00000000  2659.37045473  0.99000000
0.21861742  34.00000000  0.16558662  40.00000000  2659.37045473  0.99000000
0.21861742  34.00000000  0.16558662  40.00000000  2659.37045473  0.99000000
0.21861742  34.00000000  0.16558662  40.00000000  2659.37045473  0.99000000
0.21861742  34.00000000  0.16558662  40.00000000  2659.37045473  0.99000000
0.21861742  34.00000000  0.18040371  40.00000000  2659.85169321  0.99000000
0.34497762  35.00000000  0.26686231  40.00000000  2685.86998416  0.99000000
0.25015481  37.00000000  0.24850169  40.00000000  2662.17367617  0.99000000
0.21861742  34.00000000  0.16558662  40.00000000  2659.37045473  0.99000000
0.21861742  34.00000000  0.16558662  40.00000000  2659.37045473  0.99000000
0.21861742  34.00000000  0.16558662  40.00000000  2659.37045473  0.99000000
0.21861742  34.00000000  0.16558662  40.00000000  2659.37045473  0.99000000
0.21861742  34.00000000  0.16558662  40.00000000  2659.37045473  0.99000000
0.21869635  34.00000000  0.16569269  40.00000000  2659.38856176  0.99000000
0.21861742  34.00000000  0.16558662  40.00000000  2659.37045473  0.99000000
0.21861742  34.00000000  0.16558662  40.00000000  2659.37045473  0.99000000
0.06604010  32.00000000  0.02561766  40.00000000  1304.57486716  0.99000000
0.16480409  38.00000000  0.16480409  40.00000000  2649.22672151  0.99000000
0.21861742  34.00000000  0.16558662  40.00000000  2659.37045473  0.99000000
0.21888440  34.00000000  0.16581353  40.00000000  2659.32621249  0.99000000
0.21861742  34.00000000  0.16558662  40.00000000  2659.37045473  0.99000000
0.21861742  34.00000000  0.16558662  40.00000000  2659.37045473  0.99000000
0.21861742  34.00000000  0.16558662  40.00000000  2659.37045473  0.99000000
0.21861742  34.00000000  0.16558662  40.00000000  2659.37045473  0.99000000
0.21861742  34.00000000  0.18002788  40.00000000  2659.63789126  0.99000000
0.21861742  34.00000000  0.16558662  40.00000000  2659.37045473  0.99000000
0.21861742  34.00000000  0.16558662  40.00000000  2659.37045473  0.99000000
0.21861742  34.00000000  0.16558662  40.00000000  2659.37045473  0.99000000
0.21861742  34.00000000  0.16558662  40.00000000  2659.37045473  0.99000000
0.01027342  38.00000000  0.01027342  40.00000000  2291.62048302  0.99000000
0.21861742  34.00000000  0.16558662  40.00000000  2659.37045473  0.99000000
0.21861742  34.00000000  0.16558662  40.00000000  2659.37045473  0.99000000
0.21861742  34.00000000  0.16558662  40.00000000  2659.37045473  0.99000000
0.50568376  36.00000000  0.45327663  40.00000000  2622.03571402  0.99000000
0.21861742  34.00000000  0.16558662  40.00000000  2659.37045473  0.99000000
0.21861742  34.00000000  0.16558662  40.00000000  2659.37045473  0.99000000
0.21861740  34.00000000  0.16558665  40.00000000  2659.37048475  0.99000000
0.21861742  34.00000000  0.16558662  40.00000000  2659.37045473  0.99000000
0.22868271  36.00000000  0.20145222  40.00000000  2662.66260469  0.99000000
0.21861742  34.00000000  0.16558662  40.00000000  2659.37045473  0.99000000
0.21861742  34.00000000  0.16558662  40.00000000  2659.37045473  0.99000000
0.21861742  34.00000000  0.16558662  40.00000000  2659.37045473  0.99000000
0.07573597  31.00000000  0.00867097  40.00000000  2340.24907092  0.99000000
0.21861742  34.00000000  0.16558662  40.00000000  2659.37045473  0.99000000
0.21861742  34.00000000  0.16558662  40.00000000  2659.37045473  0.99000000
0.21861744  34.00000000  0.16567452  40.00000000  2659.68301844  0.99000000
0.21861742  34.00000000  0.16558662  40.00000000  2659.37045473  0.99000000
0.21861742  34.00000000  0.16558662  40.00000000  2659.37045473  0.99000000
0.21861742  34.00000000  0.16558662  40.00000000  2659.37045473  0.99000000
0.21861742  34.00000000  0.16558662  40.00000000  2659.37045473  0.99000000
0.00903868  38.00000000  0.00903868  40.00000000  2657.12107475  0.99000000
0.08973719  36.00000000  0.08543161  40.00000000  1235.70901905  0.99000000
0.14802757  38.00000000  0.14802757  40.00000000  2678.17226249  0.99000000
0.08119874  33.00000000  0.04373353  40.00000000  2669.56168667  0.99000000
0.07226634  32.00000000  0.03531304  40.00000000  2660.08914194  0.99000000
0.51540212  34.00000000  0.37177909  40.00000000  2759.25441067  0.99000000
0.05986822  28.00000000  0.00262544  40.00000000  2372.21063416  0.99000000
0.21494597  38.00000000  0.21494597  40.00000000  2960.44267810  0.99000000
0.02782787  37.00000000  0.02405077  40.00000000  2662.73920766  0.99000000
0.06123367  35.00000000  0.06084674  40.00000000  1802.89545744  0.99000000
0.00459638  38.00000000  0.00459638  40.00000000  1847.71584731  0.99000000
0.01741665  37.00000000  0.01637861  40.00000000  2223.71436950  0.99000000
0.00031503  36.00000000  0.00010131  40.00000000  2903.63957324  0.99000000
0.23025939  36.00000000  0.21998353  40.00000000  2134.36750475  0.99000000
0.70148641  38.00000000  0.70148641  40.00000000  3147.57861078  0.99000000
0.03528452  38.00000000  0.03528452  40.00000000  1608.32428605  0.99000000
0.29493163  38.00000000  0.29493163  40.00000000  2521.56997334  0.99000000
0.11793821  34.00000000  0.08413441  40.00000000  2666.94337417  0.99000000
0.04182194  38.00000000  0.04182194  40.00000000  2881.65112834  0.99000000
0.06897852  23.00000000  0.00407191  40.00000000  2469.22575292  0.99000000
0.23209368  30.00000000  0.13120628  40.00000000  2397.10979903  0.99000000
0.15136159  27.00000000  0.09696492  40.00000000  2485.50935788  0.99000000
0.00387792  37.00000000  0.00372944  40.00000000  1553.83719501  0.99000000
0.00009248  37.00000000  0.00005825  40.00000000  1546.29501451  0.99000000
0.09831536  30.00000000  0.04687509  40.00000000  2464.14954960  0.99000000
0.14926286  28.00000000  0.05264905  40.00000000  2377.47960808  0.99000000
0.03674427  38.00000000  0.03674427  40.00000000  1901.58021767  0.99000000
0.25346356  38.00000000  0.25346356  40.00000000  2492.73333021  0.99000000
0.00019892  38.00000000  0.00019892  40.00000000  1856.28910709  0.99000000
0.03797294  38.00000000  0.03797294  40.00000000  1686.02114115  0.99000000
0.02588734  38.00000000  0.02588734  40.00000000  1551.80392256  0.99000000
0.02512679  34.00000000  0.01519782  40.00000000  2273.29882565  0.99000000
0.08262905  37.00000000  0.07956863  40.00000000  1239.40537090  0.99000000
0.05557953  38.00000000  0.05557953  40.00000000  2905.35677407  0.99000000
0.00363162  38.00000000  0.00363162  40.00000000  2853.73428381  0.99000000
0.00020150  28.00000000  0.00003791  40.00000000  2902.15193192  0.99000000
0.01552429  38.00000000  0.01552429  40.00000000  2899.24054820  0.99000000
0.01025281  37.00000000  0.00981978  40.00000000  2904.13974243  0.99000000
0.66823648  38.00000000  0.66823648  40.00000000  2732.15420108  0.99000000
0.00037278  38.00000000  0.00037278  40.00000000  2902.15191467  0.99000000
0.00738618  35.00000000  0.00117834  40.00000000  2905.92216822  0.99000000
0.00774480  38.00000000  0.00774480  40.00000000  2326.91204870  0.99000000
0.42334493  38.00000000  0.42334493  40.00000000  2699.84368552  0.99000000
0.00561565  38.00000000  0.00561565  40.00000000  1916.28217413  0.99000000
0.09480289  30.00000000  0.06542191  40.00000000  2384.58756102  0.99000000
0.00003135  36.00000000  0.00001620  40.00000000  1616.31378838  0.99000000
0.01447460  32.00000000  0.00159658  40.00000000  2650.77795291  0.99000000
0.00376023  38.00000000  0.00376023  40.00000000  2902.15299101  0.99000000
0.42694189  38.00000000  0.42694189  40.00000000  2082.37074371  0.99000000
0.63996072  38.00000000  0.63996072  40.00000000  2180.05436721  0.99000000
0.01297140  38.00000000  0.01297140  40.00000000  2903.03551455  0.99000000
0.57714411  38.00000000  0.57714411  40.00000000  2745.26877493  0.99000000
0.08685751  36.00000000  0.07481290  40.00000000  1980.08552214  0.99000000
0.15447719  38.00000000  0.15447719  40.00000000  2908.60437314  0.99000000
0.49015111  31.00000000  0.02611770  40.00000000  2787.79413884  0.99000000
0.33890891  38.00000000  0.33890891  40.00000000  2700.19489431  0.99000000
0.04257147  28.00000000  0.03637512  40.00000000  1779.29969681  0.99000000
0.33073452  34.00000000  0.21754243  40.00000000  2256.05799814  0.99000000
0.00347422  37.00000000  0.00095238  40.00000000  1862.99206008  0.99000000
0.44277445  37.00000000  0.41972244  40.00000000  2732.18468022  0.99000000
0.11796398  38.00000000  0.11796398  40.00000000  1923.84420117  0.99000000
0.00589327  38.00000000  0.00589327  40.00000000  1692.49736236  0.99000000
0.00039439  38.00000000  0.00039439  40.00000000  2906.38664688  0.99000000
0.12029639  34.00000000  0.08157917  40.00000000  2635.45224533  0.99000000
0.03751453  38.00000000  0.03751453  40.00000000  2598.67662085  0.99000000
0.05459531  38.00000000  0.05459531  40.00000000  2416.39136758  0.99000000
0.51772073  36.00000000  0.47395339  40.00000000  2751.43386822  0.99000000
0.27804397  34.00000000  0.19753362  40.00000000  2670.19415644  0.99000000
0.04945329  38.00000000  0.04945329  40.00000000  2594.04844598  0.99000000
0.15726965  35.00000000  0.10715401  40.00000000  2512.21455396  0.99000000
0.20027899  38.00000000  0.20027899  40.00000000  2399.16690767  0.99000000
0.15320870  36.00000000  0.12900042  40.00000000  2400.93159349  0.99000000
0.00174008  32.00000000  0.00095877  40.00000000  2388.74759589  0.99000000
0.05560810  38.00000000  0.05560810  40.00000000  1965.33290391  0.99000000
0.19265451  38.00000000  0.19265451  40.00000000  2606.15028902  0.99000000
0.05602035  28.00000000  0.04556140  40.00000000  2610.88250003  0.99000000
0.01363419  38.00000000  0.01363419  40.00000000  2050.12878950  0.99000000
0.17992717  38.00000000  0.17992717  40.00000000  2672.35161543  0.99000000
0.21658157  38.00000000  0.21658157  40.00000000  2115.40061934  0.99000000
0.00021572  35.00000000  0.00021346  40.00000000  1671.52543368  0.99000000
0.36353484  37.00000000  0.35370255  40.00000000  2533.14572903  0.99000000
0.20645480  32.00000000  0.09432755  40.00000000  1909.43056505  0.99000000
0.00823818  26.00000000  0.00173520  40.00000000  1970.17595700  0.99000000
0.19804785  38.00000000  0.19804785  40.00000000  2433.01606677  0.99000000
0.06876888  38.00000000  0.06876888  40.00000000  2492.79104925  0.99000000
0.06081724  27.00000000  0.01511613  40.00000000  1882.88706157  0.99000000
0.40292017  30.00000000  0.11629721  40.00000000  2750.51699975  0.99000000
0.37490847  30.00000000  0.07123518  40.00000000  2715.23462162  0.99000000
0.00171801  38.00000000  0.00171801  40.00000000  2902.15248824  0.99000000
0.00073562  32.00000000  0.00043387  40.00000000  2903.01331131  0.99000000
0.00606475  38.00000000  0.00606475  40.00000000  2909.38669806  0.99000000
0.00055465  38.00000000  0.00055465  40.00000000  1686.14100376  0.99000000
0.01495501  38.00000000  0.01495501  40.00000000  1708.75987991  0.99000000
0.00355421  38.00000000  0.00355421  40.00000000  1597.04788887  0.99000000
0.00023829  31.00000000  0.00008103  40.00000000  2902.15193823  0.99000000
0.00023829  31.00000000  0.00006143  40.00000000  2902.15193713  0.99000000
0.00096307  38.00000000  0.00096307  40.00000000  2902.15203276  0.99000000
0.00051271  35.00000000  0.00046647  40.00000000  2902.15210508  0.99000000
0.00035251  34.00000000  0.00030576  40.00000000  2902.15199887  0.99000000
0.03552393  38.00000000  0.03552393  40.00000000  2902.42853160  0.99000000
0.00140409  34.00000000  0.00095471  40.00000000  2904.52647661  0.99000000
