16
9
31
6
18
9
28
18
32
22
29
31
19
31
9
17
32
1
32
29
31
20
2
1
2
2
12
20
12
3
18
13
13
21
4
27
23
4
5
14
5
15
5
6
6
6
6
16
29
7
30
7
25
8
3
18
8
4
9
27
19
2
10
20
10
20
31
5
11
21
11
22
30
12
30
22
23
31
29
13
30
29
14
24
25
9
28
15
28
25
31
16
32
26
6
2
9
17
27
18
11
28
18
8
28
29
29
19
29
29
11
0
30
21
30
0
21
2
31
2
31
22
32
14
14
32
14
24
19
24
4
5
17
17
22
23
24
26
6
6
18
6
28
29
31
30
32
24
32
23
32
29
31
31
27
32
2
8
31
10
7
31
25
31
27
11
31
30
12
31
5
27
31
13
31
3
31
32
31
31
32
8
15
31
25
31
27
32
14
6
