4 0 2 4 1 8 4 8 5 8 8 8 8 0 8 1 8 8 8 8 8 8 8 8 8 6 3 0 4 4 4 4 4 6 4 5 3 1 8 4
4 4 6 4 4 4 4 4 4 4 4 4 4 4 4 4 4 3 1 7 7 7 7 8 8 8 8 8 8 8 8 8 8 8 8 0 0 0 0 4
4 4 4 1 4 8 8 8 8 8 8 8 4 4 4 4 4 4 5 7 7 7 8 8 8 8 8 8 8 8 8 8 8 8 8 0 0 0 0 4
4 4 4 4 4 4 1 4 7 7 7 7 8 4 8 7 7 7 4 4 4 5 5 5 5 5 8 8 8 8 8 8 8 8 4 4 4 4 4 4
4 1 8 8 0 8 8 8 8 8 4 4 4 4 4 4 4 4 7 7 7 7 8 8 8 8 8 8 8 8 8 8 0 0 0 0 0 0 4 4
4 4 4 4 4 4 4 4 4 4 4 4 4 4 3 4 7 7 7 7 8 8 8 8 8 8 8 8 4 5 5 0 0 0 4 4 4 4 4 4
1 8 7 8 8 8 8 5 8 8 8 8 8 8 5 8 8 8 8 8 8 8 0 8 6 6 4 4 4 2 2 4 7 4 5 8 5 4 2 4
8 8 8 6 6 0 3 2 1 4 7 6 0 8 6 8 8 1 7 7 3 0 4 8 4 5 2 7 7 1 2 1 3 3 3 8 1 2 3 4
4 4 4 4 4 4 4 4 4 4 4 4 4 4 4 4 3 7 7 7 7 7 8 8 8 8 8 8 8 4 4 4 8 8 0 0 0 0 0 4
1 8 8 8 8 8 8 8 8 8 2 7 8 8 8 8 7 7 5 5 0 0 0 0 0 4 4 4 3 4 8 2 3 4 4 4 4 2 4 4
