# Results obtained using DQN. CPU time: 125.76598453521729
0.00720590  38.00000000  0.00720590  40.00000000  1105.12670312  0.00000000
0.00029961  24.00000000  0.00009872  40.00000000  2415.57515531  0.00000000
0.00114169  38.00000000  0.00114169  40.00000000  1209.27254065  0.00000000
0.00094936  36.00000000  0.00070769  40.00000000  975.62846678  0.00000000
0.00221699  37.00000000  0.00215341  40.00000000  980.21823773  0.00000000
0.00021105  32.00000000  0.00005189  40.00000000  1145.59113312  0.00000000
0.00354831  38.00000000  0.00354831  40.00000000  2181.36731500  0.00000000
0.00121191  28.00000000  0.00010063  40.00000000  1645.39314276  0.00000000
0.00210823  38.00000000  0.00210823  40.00000000  883.04500664  0.00000000
0.00124604  26.00000000  0.00081554  40.00000000  1571.31386611  0.00000000
0.00195414  31.00000000  0.00141801  40.00000000  1309.44077064  0.00000000
0.00305481  38.00000000  0.00305481  40.00000000  1434.96016478  0.00000000
0.07778232  30.00000000  0.02602486  40.00000000  1628.17530130  0.00625136
0.10912810  34.00000000  0.06417513  40.00000000  2335.50338174  0.02292167
0.00068441  37.00000000  0.00066759  40.00000000  995.36463359  0.03959197
0.00123011  37.00000000  0.00097262  40.00000000  1090.51127541  0.05626227
0.00036740  38.00000000  0.00036740  40.00000000  1375.25538808  0.07293257
0.01036139  38.00000000  0.01036139  40.00000000  1119.93498598  0.08960287
0.00080454  38.00000000  0.00080454  40.00000000  1012.88646152  0.10627318
0.00042362  35.00000000  0.00003072  40.00000000  1065.47996965  0.12294348
0.00190783  28.00000000  0.00183604  40.00000000  1360.98075341  0.13961378
0.00234763  38.00000000  0.00234763  40.00000000  1485.53386613  0.15628408
0.00010645  24.00000000  0.00006951  40.00000000  936.40513802  0.17295438
0.00011119  38.00000000  0.00011119  40.00000000  1868.56050714  0.18962469
0.00158531  31.00000000  0.00093786  40.00000000  2071.03280168  0.20629499
0.00137105  38.00000000  0.00137105  40.00000000  1288.07988259  0.22296529
0.00109376  38.00000000  0.00109376  40.00000000  1099.03179686  0.23963559
0.00174786  38.00000000  0.00174786  40.00000000  1219.46302465  0.25630589
0.00603121  34.00000000  0.00367036  40.00000000  2241.81040874  0.27297620
0.02940803  38.00000000  0.02940803  40.00000000  1940.73776272  0.28964650
0.00243587  23.00000000  0.00106440  40.00000000  1079.52666517  0.30631680
0.00040191  38.00000000  0.00040191  40.00000000  1567.62481547  0.32298710
0.08316330  38.00000000  0.08316330  40.00000000  1977.84955994  0.33965740
0.00135257  27.00000000  0.00033877  40.00000000  1000.69687858  0.35632771
0.00087485  32.00000000  0.00066880  40.00000000  2282.39298516  0.37299801
0.00053980  31.00000000  0.00022767  40.00000000  1071.92797911  0.38966831
0.00752835  38.00000000  0.00752835  40.00000000  1143.04485719  0.40633861
0.01321273  37.00000000  0.01310975  40.00000000  1568.34296800  0.42300891
0.00066897  37.00000000  0.00049262  40.00000000  1338.76635837  0.43967922
0.00430395  38.00000000  0.00430395  40.00000000  1576.42899080  0.45634952
0.00037538  38.00000000  0.00037538  40.00000000  1042.33949106  0.47301982
0.00037405  38.00000000  0.00037405  40.00000000  2063.12208950  0.48969012
0.00337995  38.00000000  0.00337995  40.00000000  2223.66145091  0.50636042
0.00171032  37.00000000  0.00142788  40.00000000  1909.07696841  0.52303073
0.00743291  34.00000000  0.00025490  40.00000000  1894.54858362  0.53970103
0.00192865  38.00000000  0.00192865  40.00000000  1026.95748446  0.55637133
0.01421741  37.00000000  0.01223308  40.00000000  1484.95462584  0.57304163
0.12907681  35.00000000  0.12183331  40.00000000  1876.01125078  0.58971193
0.02670221  36.00000000  0.02075657  40.00000000  1197.23260000  0.60638224
0.01062646  38.00000000  0.01062646  40.00000000  1075.86783480  0.62305254
0.10262757  30.00000000  0.01342973  40.00000000  1835.72079614  0.63972284
0.00004184  28.00000000  0.00000420  40.00000000  1568.47438387  0.65639314
0.00292258  35.00000000  0.00193990  40.00000000  1356.79473150  0.67306344
0.00037819  38.00000000  0.00037819  40.00000000  2040.06206657  0.68973375
0.08498440  32.00000000  0.06238317  40.00000000  2472.18443457  0.70640405
0.00329408  38.00000000  0.00329408  40.00000000  2117.34614647  0.72307435
0.00011646  38.00000000  0.00011646  40.00000000  1845.95317355  0.73974465
0.00094028  34.00000000  0.00078296  40.00000000  2039.39146071  0.75641495
0.00608065  38.00000000  0.00608065  40.00000000  1923.40135241  0.77308526
0.00454033  31.00000000  0.00202885  40.00000000  1606.61593283  0.78975556
0.07030118  37.00000000  0.06808189  40.00000000  2277.67244965  0.80642586
0.00049058  26.00000000  0.00048956  40.00000000  1029.72879592  0.82309616
0.00269229  34.00000000  0.00110911  40.00000000  1299.34368130  0.83976646
0.00010557  33.00000000  0.00010431  40.00000000  1283.54968751  0.85643677
0.00010182  38.00000000  0.00010182  40.00000000  1766.11623565  0.87310707
0.00010470  38.00000000  0.00010470  40.00000000  2214.14561593  0.88977737
0.00033290  38.00000000  0.00033290  40.00000000  2192.39030008  0.90644767
0.00008057  37.00000000  0.00001248  40.00000000  2205.06323642  0.92311797
0.00490839  36.00000000  0.00466561  40.00000000  1342.94258480  0.93978828
0.00060185  38.00000000  0.00060185  40.00000000  2189.59555415  0.95645858
0.00037820  37.00000000  0.00023294  40.00000000  2190.60258862  0.97312888
0.00060185  38.00000000  0.00060185  40.00000000  2189.59555415  0.98979918
0.00060185  38.00000000  0.00060185  40.00000000  2189.59555415  0.99000000
0.00049982  38.00000000  0.00049982  40.00000000  2189.57189988  0.99000000
0.00060185  38.00000000  0.00060185  40.00000000  2189.59555415  0.99000000
0.00060185  38.00000000  0.00060185  40.00000000  2189.59555415  0.99000000
0.00060185  38.00000000  0.00060185  40.00000000  2189.59555415  0.99000000
0.00060185  38.00000000  0.00060185  40.00000000  2189.59555415  0.99000000
0.00060185  38.00000000  0.00060185  40.00000000  2189.59555415  0.99000000
0.00060185  38.00000000  0.00060185  40.00000000  2189.59555415  0.99000000
0.00039745  33.00000000  0.00037119  40.00000000  2202.61776511  0.99000000
0.00060185  38.00000000  0.00060185  40.00000000  2189.59555415  0.99000000
0.00060185  38.00000000  0.00060185  40.00000000  2189.59555415  0.99000000
0.00060185  38.00000000  0.00060185  40.00000000  2189.59555415  0.99000000
0.00060185  38.00000000  0.00060185  40.00000000  2189.59555415  0.99000000
0.00060185  38.00000000  0.00060185  40.00000000  2189.59555415  0.99000000
0.00060185  38.00000000  0.00060185  40.00000000  2189.59555415  0.99000000
0.00336832  38.00000000  0.00336832  40.00000000  2192.20155884  0.99000000
0.00060185  38.00000000  0.00060185  40.00000000  2189.59555415  0.99000000
0.00060185  38.00000000  0.00060185  40.00000000  2189.59555415  0.99000000
0.00060185  38.00000000  0.00060185  40.00000000  2189.59555415  0.99000000
0.00080477  38.00000000  0.00080477  40.00000000  2191.30093409  0.99000000
0.00067390  38.00000000  0.00067390  40.00000000  2197.24862891  0.99000000
0.00084977  38.00000000  0.00084977  40.00000000  2185.35567710  0.99000000
0.00687544  38.00000000  0.00687544  40.00000000  2203.93247286  0.99000000
0.00060185  38.00000000  0.00060185  40.00000000  2189.59555415  0.99000000
0.00060185  38.00000000  0.00060185  40.00000000  2189.59555415  0.99000000
0.00060185  38.00000000  0.00060185  40.00000000  2189.59555415  0.99000000
0.00057024  38.00000000  0.00057024  40.00000000  2189.70361119  0.99000000
0.00060185  38.00000000  0.00060185  40.00000000  2189.59555415  0.99000000
0.00060184  38.00000000  0.00060184  40.00000000  2189.59555374  0.99000000
0.00060185  38.00000000  0.00060185  40.00000000  2189.59555415  0.99000000
0.00060185  38.00000000  0.00060185  40.00000000  2189.59555415  0.99000000
0.00060185  38.00000000  0.00060185  40.00000000  2189.59555415  0.99000000
0.00099841  38.00000000  0.00099841  40.00000000  2189.59561921  0.99000000
0.00008003  36.00000000  0.00002838  40.00000000  2189.59551544  0.99000000
0.00060185  38.00000000  0.00060185  40.00000000  2189.59555415  0.99000000
0.00032297  36.00000000  0.00024562  40.00000000  2189.59553108  0.99000000
0.00060185  38.00000000  0.00060185  40.00000000  2189.59555415  0.99000000
0.00060185  38.00000000  0.00060185  40.00000000  2189.59555415  0.99000000
0.00060142  38.00000000  0.00060142  40.00000000  2189.56247337  0.99000000
0.00060185  38.00000000  0.00060185  40.00000000  2189.59555415  0.99000000
0.00060185  38.00000000  0.00060185  40.00000000  2189.59555415  0.99000000
0.00060185  38.00000000  0.00060185  40.00000000  2189.59555415  0.99000000
0.00060185  38.00000000  0.00060185  40.00000000  2189.59555415  0.99000000
0.00060185  38.00000000  0.00060185  40.00000000  2189.59555415  0.99000000
0.00060185  38.00000000  0.00060185  40.00000000  2189.59555415  0.99000000
0.00037881  38.00000000  0.00037881  40.00000000  2189.59553370  0.99000000
0.00060185  38.00000000  0.00060185  40.00000000  2189.59555415  0.99000000
0.00060185  38.00000000  0.00060185  40.00000000  2189.59555415  0.99000000
0.00060185  38.00000000  0.00060185  40.00000000  2189.59555415  0.99000000
0.00060185  38.00000000  0.00060185  40.00000000  2189.59555415  0.99000000
0.00060185  38.00000000  0.00060185  40.00000000  2189.59555415  0.99000000
0.00060185  38.00000000  0.00060185  40.00000000  2189.59555415  0.99000000
0.00023870  35.00000000  0.00018330  40.00000000  2201.63187807  0.99000000
0.00104015  38.00000000  0.00104015  40.00000000  2189.58712480  0.99000000
0.00007231  37.00000000  0.00005802  40.00000000  2222.03125773  0.99000000
0.00060185  38.00000000  0.00060185  40.00000000  2189.59555415  0.99000000
0.00060185  38.00000000  0.00060185  40.00000000  2189.59555415  0.99000000
0.00060185  38.00000000  0.00060185  40.00000000  2189.59555415  0.99000000
0.00060185  38.00000000  0.00060185  40.00000000  2189.59555415  0.99000000
0.00052837  38.00000000  0.00052837  40.00000000  2189.59554695  0.99000000
0.00060185  38.00000000  0.00060185  40.00000000  2189.59555415  0.99000000
0.00060185  38.00000000  0.00060185  40.00000000  2189.59555415  0.99000000
0.00060185  38.00000000  0.00060185  40.00000000  2189.59555415  0.99000000
0.00105053  38.00000000  0.00105053  40.00000000  1732.23933627  0.99000000
0.00062968  38.00000000  0.00062968  40.00000000  2189.59542497  0.99000000
0.00060185  38.00000000  0.00060185  40.00000000  2189.59555415  0.99000000
0.00060185  38.00000000  0.00060185  40.00000000  2189.59555415  0.99000000
0.00042542  38.00000000  0.00042542  40.00000000  2188.89092192  0.99000000
0.00060185  38.00000000  0.00060185  40.00000000  2189.59555415  0.99000000
0.00060185  38.00000000  0.00060185  40.00000000  2189.59555415  0.99000000
0.00056989  38.00000000  0.00056989  40.00000000  2189.70225333  0.99000000
0.00060185  38.00000000  0.00060185  40.00000000  2189.59555415  0.99000000
0.00060185  38.00000000  0.00060185  40.00000000  2189.59555415  0.99000000
0.00060185  38.00000000  0.00060185  40.00000000  2189.59555415  0.99000000
0.00060185  38.00000000  0.00060185  40.00000000  2189.59555415  0.99000000
0.00060185  38.00000000  0.00060185  40.00000000  2189.59555415  0.99000000
0.00060185  38.00000000  0.00060185  40.00000000  2189.59555415  0.99000000
0.00238010  38.00000000  0.00238010  40.00000000  2196.67877615  0.99000000
0.00060185  38.00000000  0.00060185  40.00000000  2189.59555415  0.99000000
0.00060185  38.00000000  0.00060185  40.00000000  2189.59555415  0.99000000
0.00060185  38.00000000  0.00060185  40.00000000  2189.59555415  0.99000000
0.00344198  36.00000000  0.00342363  40.00000000  2018.85995180  0.99000000
0.00069235  38.00000000  0.00069235  40.00000000  2189.37466562  0.99000000
0.00060185  38.00000000  0.00060185  40.00000000  2189.59555415  0.99000000
0.00050611  38.00000000  0.00050611  40.00000000  2010.09135345  0.99000000
0.00060185  38.00000000  0.00060185  40.00000000  2189.59555415  0.99000000
0.00069147  38.00000000  0.00069147  40.00000000  2189.37594369  0.99000000
0.00060185  38.00000000  0.00060185  40.00000000  2189.59555415  0.99000000
0.00060185  38.00000000  0.00060185  40.00000000  2189.59555415  0.99000000
0.00060185  38.00000000  0.00060185  40.00000000  2189.59555415  0.99000000
0.00060185  38.00000000  0.00060185  40.00000000  2189.59555415  0.99000000
0.00058733  38.00000000  0.00058733  40.00000000  2189.59553559  0.99000000
0.00043265  38.00000000  0.00043265  40.00000000  1932.23774496  0.99000000
0.00060185  38.00000000  0.00060185  40.00000000  2189.59555415  0.99000000
0.00060142  38.00000000  0.00060142  40.00000000  2189.56247337  0.99000000
0.00060185  38.00000000  0.00060185  40.00000000  2189.59555415  0.99000000
0.00060185  38.00000000  0.00060185  40.00000000  2189.59555415  0.99000000
0.00107516  36.00000000  0.00096345  40.00000000  2195.60526389  0.99000000
0.00069786  38.00000000  0.00069786  40.00000000  2189.36585595  0.99000000
0.00060185  38.00000000  0.00060185  40.00000000  2189.59555415  0.99000000
0.00051410  37.00000000  0.00050506  40.00000000  2189.58605080  0.99000000
0.00060185  38.00000000  0.00060185  40.00000000  2189.59555415  0.99000000
0.00060185  38.00000000  0.00060185  40.00000000  2189.59555415  0.99000000
0.00060185  38.00000000  0.00060185  40.00000000  2189.59555415  0.99000000
0.00060185  38.00000000  0.00060185  40.00000000  2189.59555415  0.99000000
0.00060185  38.00000000  0.00060185  40.00000000  2189.59555415  0.99000000
0.00031305  38.00000000  0.00031305  40.00000000  2204.98350697  0.99000000
0.00060185  38.00000000  0.00060185  40.00000000  2189.59555415  0.99000000
0.00060185  38.00000000  0.00060185  40.00000000  2189.59555415  0.99000000
0.00060185  38.00000000  0.00060185  40.00000000  2189.59555415  0.99000000
0.00029198  35.00000000  0.00025816  40.00000000  2189.59552930  0.99000000
0.00060185  38.00000000  0.00060185  40.00000000  2189.59555415  0.99000000
0.00059257  38.00000000  0.00059257  40.00000000  2189.59554152  0.99000000
0.00060185  38.00000000  0.00060185  40.00000000  2189.59555415  0.99000000
0.00060185  38.00000000  0.00060185  40.00000000  2189.59555415  0.99000000
0.00060185  38.00000000  0.00060185  40.00000000  2189.59555415  0.99000000
0.00060185  38.00000000  0.00060185  40.00000000  2189.59555415  0.99000000
0.00060185  38.00000000  0.00060185  40.00000000  2189.59555415  0.99000000
0.00060184  38.00000000  0.00060184  40.00000000  2189.59555374  0.99000000
0.00060185  38.00000000  0.00060185  40.00000000  2189.59555415  0.99000000
0.00060185  38.00000000  0.00060185  40.00000000  2189.59555415  0.99000000
0.00044449  38.00000000  0.00044449  40.00000000  2193.92204115  0.99000000
0.00060185  38.00000000  0.00060185  40.00000000  2189.59555415  0.99000000
0.00059247  38.00000000  0.00059247  40.00000000  2189.59555373  0.99000000
0.00060185  38.00000000  0.00060185  40.00000000  2189.59555415  0.99000000
0.00020173  35.00000000  0.00014874  40.00000000  2189.59552067  0.99000000
0.00124690  38.00000000  0.00124690  40.00000000  2189.78737029  0.99000000
0.00060185  38.00000000  0.00060185  40.00000000  2189.59555415  0.99000000
0.00037954  38.00000000  0.00037954  40.00000000  1350.00970083  0.99000000
0.00060185  38.00000000  0.00060185  40.00000000  2189.59555415  0.99000000
0.00169055  38.00000000  0.00169055  40.00000000  2189.59583827  0.99000000
0.00060185  38.00000000  0.00060185  40.00000000  2189.59555415  0.99000000
0.00060185  38.00000000  0.00060185  40.00000000  2189.59555415  0.99000000
0.00060185  38.00000000  0.00060185  40.00000000  2189.59555415  0.99000000
0.00060185  38.00000000  0.00060185  40.00000000  2189.59555415  0.99000000
0.00060185  38.00000000  0.00060185  40.00000000  2189.59555415  0.99000000
0.00060184  38.00000000  0.00060184  40.00000000  2189.59555341  0.99000000
0.00060185  38.00000000  0.00060185  40.00000000  2189.59555415  0.99000000
0.00060185  38.00000000  0.00060185  40.00000000  2189.59555415  0.99000000
0.00060185  38.00000000  0.00060185  40.00000000  2189.59555415  0.99000000
0.00039526  37.00000000  0.00039116  40.00000000  2189.59553905  0.99000000
0.00060185  38.00000000  0.00060185  40.00000000  2189.59555415  0.99000000
0.00060185  38.00000000  0.00060185  40.00000000  2189.59555415  0.99000000
0.00165846  38.00000000  0.00165846  40.00000000  2238.48540210  0.99000000
0.00006745  34.00000000  0.00001740  40.00000000  2189.59551331  0.99000000
0.00104015  38.00000000  0.00104015  40.00000000  2189.58712480  0.99000000
0.00060185  38.00000000  0.00060185  40.00000000  2189.59555415  0.99000000
0.00060185  38.00000000  0.00060185  40.00000000  2189.59555415  0.99000000
0.00060185  38.00000000  0.00060185  40.00000000  2189.59555415  0.99000000
0.00060185  38.00000000  0.00060185  40.00000000  2189.59555415  0.99000000
0.00060091  38.00000000  0.00060091  40.00000000  2189.56238569  0.99000000
0.00004519  31.00000000  0.00002272  40.00000000  1242.06516539  0.99000000
0.00060185  38.00000000  0.00060185  40.00000000  2189.59555415  0.99000000
0.00060185  38.00000000  0.00060185  40.00000000  2189.59555415  0.99000000
0.00060185  38.00000000  0.00060185  40.00000000  2189.59555415  0.99000000
0.00060185  38.00000000  0.00060185  40.00000000  2189.59555415  0.99000000
0.00060185  38.00000000  0.00060185  40.00000000  2189.59555415  0.99000000
0.00060185  38.00000000  0.00060185  40.00000000  2189.59555415  0.99000000
0.00060185  38.00000000  0.00060185  40.00000000  2189.59555415  0.99000000
0.00060185  38.00000000  0.00060185  40.00000000  2189.59555415  0.99000000
0.00060185  38.00000000  0.00060185  40.00000000  2189.59555415  0.99000000
0.00060185  38.00000000  0.00060185  40.00000000  2189.59555415  0.99000000
0.00060185  38.00000000  0.00060185  40.00000000  2189.59555415  0.99000000
0.00066632  38.00000000  0.00066632  40.00000000  2189.59557513  0.99000000
0.00060185  38.00000000  0.00060185  40.00000000  2189.59555415  0.99000000
0.00060185  38.00000000  0.00060185  40.00000000  2189.59555415  0.99000000
0.05689133  38.00000000  0.05689133  40.00000000  1486.62399816  0.99000000
0.00237955  38.00000000  0.00237955  40.00000000  2192.18485721  0.99000000
0.00057024  38.00000000  0.00057024  40.00000000  2189.70361241  0.99000000
0.00060185  38.00000000  0.00060185  40.00000000  2189.59555415  0.99000000
0.00060185  38.00000000  0.00060185  40.00000000  2189.59555415  0.99000000
0.00060185  38.00000000  0.00060185  40.00000000  2189.59555415  0.99000000
0.00344198  36.00000000  0.00342363  40.00000000  2018.85995180  0.99000000
0.00048311  35.00000000  0.00047832  40.00000000  2190.80139006  0.99000000
0.00060185  38.00000000  0.00060185  40.00000000  2189.59555415  0.99000000
0.00060185  38.00000000  0.00060185  40.00000000  2189.59555415  0.99000000
0.00060185  38.00000000  0.00060185  40.00000000  2189.59555415  0.99000000
0.00041500  38.00000000  0.00041500  40.00000000  2193.30327000  0.99000000
0.00060185  38.00000000  0.00060185  40.00000000  2189.59555415  0.99000000
0.00060185  38.00000000  0.00060185  40.00000000  2189.59555415  0.99000000
0.00060185  38.00000000  0.00060185  40.00000000  2189.59555415  0.99000000
0.00060185  38.00000000  0.00060185  40.00000000  2189.59555415  0.99000000
0.00060185  38.00000000  0.00060185  40.00000000  2189.59555415  0.99000000
0.00030509  38.00000000  0.00030509  40.00000000  2189.57110873  0.99000000
0.00060185  38.00000000  0.00060185  40.00000000  2189.59555415  0.99000000
0.00060185  38.00000000  0.00060185  40.00000000  2189.59555415  0.99000000
0.00060185  38.00000000  0.00060185  40.00000000  2189.59555415  0.99000000
0.00060185  38.00000000  0.00060185  40.00000000  2189.59555415  0.99000000
0.00060185  38.00000000  0.00060185  40.00000000  2189.59555415  0.99000000
0.00336832  38.00000000  0.00336832  40.00000000  2192.20155884  0.99000000
0.00060185  38.00000000  0.00060185  40.00000000  2189.59555415  0.99000000
0.00060185  38.00000000  0.00060185  40.00000000  2189.59555415  0.99000000
0.00060185  38.00000000  0.00060185  40.00000000  2189.59555415  0.99000000
0.00060185  38.00000000  0.00060185  40.00000000  2189.59555415  0.99000000
0.00060185  38.00000000  0.00060185  40.00000000  2189.59555415  0.99000000
0.00021751  38.00000000  0.00021751  40.00000000  2189.59552173  0.99000000
0.00060185  38.00000000  0.00060185  40.00000000  2189.59555415  0.99000000
0.00132273  38.00000000  0.00132273  40.00000000  2189.78760920  0.99000000
0.00060185  38.00000000  0.00060185  40.00000000  2189.59555415  0.99000000
0.00196152  37.00000000  0.00193520  40.00000000  1732.23974434  0.99000000
0.00060185  38.00000000  0.00060185  40.00000000  2189.59555415  0.99000000
0.00060185  38.00000000  0.00060185  40.00000000  2189.59555415  0.99000000
0.00066632  38.00000000  0.00066632  40.00000000  2189.59557513  0.99000000
0.00060185  38.00000000  0.00060185  40.00000000  2189.59555415  0.99000000
0.00021211  34.00000000  0.00011606  40.00000000  2189.59552533  0.99000000
0.00060185  38.00000000  0.00060185  40.00000000  2189.59555415  0.99000000
0.00060185  38.00000000  0.00060185  40.00000000  2189.59555415  0.99000000
0.00176887  38.00000000  0.00176887  40.00000000  2193.18922731  0.99000000
0.00060185  38.00000000  0.00060185  40.00000000  2189.59555415  0.99000000
0.00060185  38.00000000  0.00060185  40.00000000  2189.59555415  0.99000000
0.00060185  38.00000000  0.00060185  40.00000000  2189.59555415  0.99000000
0.00060185  38.00000000  0.00060185  40.00000000  2189.59555415  0.99000000
0.00060185  38.00000000  0.00060185  40.00000000  2189.59555415  0.99000000
0.00035978  38.00000000  0.00035978  40.00000000  2189.25990447  0.99000000
0.00060185  38.00000000  0.00060185  40.00000000  2189.59555415  0.99000000
0.00060185  38.00000000  0.00060185  40.00000000  2189.59555415  0.99000000
0.00060185  38.00000000  0.00060185  40.00000000  2189.59555415  0.99000000
0.00060369  38.00000000  0.00060369  40.00000000  2189.58607753  0.99000000
0.00007231  37.00000000  0.00005802  40.00000000  2222.03125773  0.99000000
0.00060185  38.00000000  0.00060185  40.00000000  2189.59555415  0.99000000
0.00060185  38.00000000  0.00060185  40.00000000  2189.59555415  0.99000000
0.00060185  38.00000000  0.00060185  40.00000000  2189.59555415  0.99000000
0.00060185  38.00000000  0.00060185  40.00000000  2189.59555415  0.99000000
0.00060185  38.00000000  0.00060185  40.00000000  2189.59555415  0.99000000
0.00060185  38.00000000  0.00060185  40.00000000  2189.59555415  0.99000000
0.00060185  38.00000000  0.00060185  40.00000000  2189.59555415  0.99000000
0.00060185  38.00000000  0.00060185  40.00000000  2189.59555415  0.99000000
0.00060185  38.00000000  0.00060185  40.00000000  2189.59555415  0.99000000
0.00106453  38.00000000  0.00106453  40.00000000  2197.10415603  0.99000000
0.00111336  30.00000000  0.00089084  40.00000000  1658.07699559  0.99000000
0.00060185  38.00000000  0.00060185  40.00000000  2189.59555415  0.99000000
0.00060185  38.00000000  0.00060185  40.00000000  2189.59555415  0.99000000
0.00060185  38.00000000  0.00060185  40.00000000  2189.59555415  0.99000000
0.00043919  38.00000000  0.00043919  40.00000000  2189.59552805  0.99000000
0.00060185  38.00000000  0.00060185  40.00000000  2189.59555415  0.99000000
0.00062202  38.00000000  0.00062202  40.00000000  2196.73826491  0.99000000
0.03616052  38.00000000  0.03616052  40.00000000  1733.29741549  0.99000000
0.00041333  38.00000000  0.00041333  40.00000000  2193.30370027  0.99000000
0.00064968  38.00000000  0.00064968  40.00000000  2197.23455276  0.99000000
0.00060185  38.00000000  0.00060185  40.00000000  2189.59555415  0.99000000
0.00060185  38.00000000  0.00060185  40.00000000  2189.59555415  0.99000000
0.00069853  38.00000000  0.00069853  40.00000000  2179.45287206  0.99000000
0.00060185  38.00000000  0.00060185  40.00000000  2189.59555415  0.99000000
0.00060185  38.00000000  0.00060185  40.00000000  2189.59555415  0.99000000
0.00060185  38.00000000  0.00060185  40.00000000  2189.59555415  0.99000000
0.00060185  38.00000000  0.00060185  40.00000000  2189.59555415  0.99000000
0.00033290  38.00000000  0.00033290  40.00000000  2192.39030008  0.99000000
0.00060185  38.00000000  0.00060185  40.00000000  2189.59555415  0.99000000
0.00060185  38.00000000  0.00060185  40.00000000  2189.59555415  0.99000000
0.00060185  38.00000000  0.00060185  40.00000000  2189.59555415  0.99000000
0.00060185  38.00000000  0.00060185  40.00000000  2189.59555415  0.99000000
0.00060185  38.00000000  0.00060185  40.00000000  2189.59555415  0.99000000
0.00061680  38.00000000  0.00061680  40.00000000  2192.38437820  0.99000000
0.00060185  38.00000000  0.00060185  40.00000000  2189.59555415  0.99000000
0.00060185  38.00000000  0.00060185  40.00000000  2189.59555415  0.99000000
0.00007427  38.00000000  0.00007427  40.00000000  1947.28231953  0.99000000
0.00060185  38.00000000  0.00060185  40.00000000  2189.59555415  0.99000000
0.00060185  38.00000000  0.00060185  40.00000000  2189.59555415  0.99000000
0.00060185  38.00000000  0.00060185  40.00000000  2189.59555415  0.99000000
0.00060185  38.00000000  0.00060185  40.00000000  2189.59555415  0.99000000
0.00072559  38.00000000  0.00072559  40.00000000  2189.36569847  0.99000000
0.00030327  36.00000000  0.00029113  40.00000000  2191.06430546  0.99000000
0.00060185  38.00000000  0.00060185  40.00000000  2189.59555415  0.99000000
0.00060185  38.00000000  0.00060185  40.00000000  2189.59555415  0.99000000
0.00059906  38.00000000  0.00059906  40.00000000  2189.59555730  0.99000000
0.00060185  38.00000000  0.00060185  40.00000000  2189.59555415  0.99000000
0.00060185  38.00000000  0.00060185  40.00000000  2189.59555415  0.99000000
0.00060185  38.00000000  0.00060185  40.00000000  2189.59555415  0.99000000
0.00060185  38.00000000  0.00060185  40.00000000  2189.59555415  0.99000000
0.00060185  38.00000000  0.00060185  40.00000000  2189.59555415  0.99000000
0.00060185  38.00000000  0.00060185  40.00000000  2189.59555415  0.99000000
0.00060185  38.00000000  0.00060185  40.00000000  2189.59555415  0.99000000
0.00060185  38.00000000  0.00060185  40.00000000  2189.59555415  0.99000000
0.00060185  38.00000000  0.00060185  40.00000000  2189.59555415  0.99000000
0.00060185  38.00000000  0.00060185  40.00000000  2189.59555415  0.99000000
0.00060185  38.00000000  0.00060185  40.00000000  2189.59555415  0.99000000
0.00060185  38.00000000  0.00060185  40.00000000  2189.59555415  0.99000000
0.00060369  38.00000000  0.00060369  40.00000000  2189.58607753  0.99000000
0.00060185  38.00000000  0.00060185  40.00000000  2189.59555415  0.99000000
0.00065668  38.00000000  0.00065668  40.00000000  2189.59573704  0.99000000
0.00060185  38.00000000  0.00060185  40.00000000  2189.59555415  0.99000000
0.00060185  38.00000000  0.00060185  40.00000000  2189.59555415  0.99000000
0.00060185  38.00000000  0.00060185  40.00000000  2189.59555415  0.99000000
0.00018326  37.00000000  0.00017491  40.00000000  2189.59551960  0.99000000
0.00060184  38.00000000  0.00060184  40.00000000  2189.59555374  0.99000000
0.00060185  38.00000000  0.00060185  40.00000000  2189.59555415  0.99000000
0.00060185  38.00000000  0.00060185  40.00000000  2189.59555415  0.99000000
0.00060185  38.00000000  0.00060185  40.00000000  2189.59555415  0.99000000
0.00043736  38.00000000  0.00043736  40.00000000  2248.82671333  0.99000000
0.00060185  38.00000000  0.00060185  40.00000000  2189.59555415  0.99000000
0.00060185  38.00000000  0.00060185  40.00000000  2189.59555415  0.99000000
0.00060185  38.00000000  0.00060185  40.00000000  2189.59555415  0.99000000
0.00060185  38.00000000  0.00060185  40.00000000  2189.59555415  0.99000000
0.00060185  38.00000000  0.00060185  40.00000000  2189.59555415  0.99000000
0.00060185  38.00000000  0.00060185  40.00000000  2189.59555415  0.99000000
0.00060185  38.00000000  0.00060185  40.00000000  2189.59555415  0.99000000
0.00060185  38.00000000  0.00060185  40.00000000  2189.59555415  0.99000000
0.00060185  38.00000000  0.00060185  40.00000000  2189.59555415  0.99000000
0.00060185  38.00000000  0.00060185  40.00000000  2189.59555415  0.99000000
0.00060185  38.00000000  0.00060185  40.00000000  2189.59555415  0.99000000
0.00060185  38.00000000  0.00060185  40.00000000  2189.59555415  0.99000000
0.00060185  38.00000000  0.00060185  40.00000000  2189.59555415  0.99000000
0.00060185  38.00000000  0.00060185  40.00000000  2189.59555415  0.99000000
0.00060185  38.00000000  0.00060185  40.00000000  2189.59555415  0.99000000
0.00061983  38.00000000  0.00061983  40.00000000  2189.59555532  0.99000000
0.00060185  38.00000000  0.00060185  40.00000000  2189.59555415  0.99000000
0.00060185  38.00000000  0.00060185  40.00000000  2189.59555415  0.99000000
0.00274601  38.00000000  0.00274601  40.00000000  2191.83560415  0.99000000
0.00060185  38.00000000  0.00060185  40.00000000  2189.59555415  0.99000000
0.00060185  38.00000000  0.00060185  40.00000000  2189.59555415  0.99000000
0.00060185  38.00000000  0.00060185  40.00000000  2189.59555415  0.99000000
0.00060185  38.00000000  0.00060185  40.00000000  2189.59555415  0.99000000
0.00060185  38.00000000  0.00060185  40.00000000  2189.59555415  0.99000000
0.00060091  38.00000000  0.00060091  40.00000000  2189.56238569  0.99000000
0.00060185  38.00000000  0.00060185  40.00000000  2189.59555415  0.99000000
0.00060185  38.00000000  0.00060185  40.00000000  2189.59555415  0.99000000
0.00060185  38.00000000  0.00060185  40.00000000  2189.59555415  0.99000000
0.00060185  38.00000000  0.00060185  40.00000000  2189.59555415  0.99000000
0.00060185  38.00000000  0.00060185  40.00000000  2189.59555415  0.99000000
0.00060185  38.00000000  0.00060185  40.00000000  2189.59555415  0.99000000
0.00048443  38.00000000  0.00048443  40.00000000  2189.59553535  0.99000000
0.00060185  38.00000000  0.00060185  40.00000000  2189.59555415  0.99000000
0.00057024  38.00000000  0.00057024  40.00000000  2189.70361119  0.99000000
0.00060185  38.00000000  0.00060185  40.00000000  2189.59555415  0.99000000
0.00052757  38.00000000  0.00052757  40.00000000  2189.59554697  0.99000000
0.00060185  38.00000000  0.00060185  40.00000000  2189.59555415  0.99000000
0.00060185  38.00000000  0.00060185  40.00000000  2189.59555415  0.99000000
0.00060185  38.00000000  0.00060185  40.00000000  2189.59555415  0.99000000
0.00060185  38.00000000  0.00060185  40.00000000  2189.59555415  0.99000000
0.00060147  38.00000000  0.00060147  40.00000000  2189.56246523  0.99000000
0.00060185  38.00000000  0.00060185  40.00000000  2189.59555415  0.99000000
0.00060185  38.00000000  0.00060185  40.00000000  2189.59555415  0.99000000
0.00060185  38.00000000  0.00060185  40.00000000  2189.59555415  0.99000000
0.00060185  38.00000000  0.00060185  40.00000000  2189.59555415  0.99000000
0.00037820  37.00000000  0.00023294  40.00000000  2190.60258862  0.99000000
0.00060185  38.00000000  0.00060185  40.00000000  2189.59555415  0.99000000
0.00060185  38.00000000  0.00060185  40.00000000  2189.59555415  0.99000000
0.00047395  38.00000000  0.00047395  40.00000000  2189.54783591  0.99000000
0.00060185  38.00000000  0.00060185  40.00000000  2189.59555415  0.99000000
0.00060185  38.00000000  0.00060185  40.00000000  2189.59555415  0.99000000
0.00060185  38.00000000  0.00060185  40.00000000  2189.59555415  0.99000000
0.00060185  38.00000000  0.00060185  40.00000000  2189.59555415  0.99000000
0.00007042  36.00000000  0.00005245  40.00000000  2242.29580184  0.99000000
0.00060185  38.00000000  0.00060185  40.00000000  2189.59555415  0.99000000
0.00050991  38.00000000  0.00050991  40.00000000  2189.54783573  0.99000000
0.00060185  38.00000000  0.00060185  40.00000000  2189.59555415  0.99000000
0.00060185  38.00000000  0.00060185  40.00000000  2189.59555415  0.99000000
0.00060185  38.00000000  0.00060185  40.00000000  2189.59555415  0.99000000
0.00060185  38.00000000  0.00060185  40.00000000  2189.59555415  0.99000000
0.00060185  38.00000000  0.00060185  40.00000000  2189.59555415  0.99000000
0.00103869  36.00000000  0.00100779  40.00000000  2102.59985173  0.99000000
0.00060185  38.00000000  0.00060185  40.00000000  2189.59555415  0.99000000
0.00026669  30.00000000  0.00010296  40.00000000  2209.66933653  0.99000000
0.00008820  36.00000000  0.00005312  40.00000000  2044.92021516  0.99000000
0.00060185  38.00000000  0.00060185  40.00000000  2189.59555415  0.99000000
0.00051264  37.00000000  0.00050383  40.00000000  2189.59554577  0.99000000
0.00060185  38.00000000  0.00060185  40.00000000  2189.59555415  0.99000000
0.00060185  38.00000000  0.00060185  40.00000000  2189.59555415  0.99000000
0.00060185  38.00000000  0.00060185  40.00000000  2189.59555415  0.99000000
0.00028621  37.00000000  0.00028547  40.00000000  2189.59554450  0.99000000
0.00060185  38.00000000  0.00060185  40.00000000  2189.59555415  0.99000000
0.00060185  38.00000000  0.00060185  40.00000000  2189.59555415  0.99000000
0.00060185  38.00000000  0.00060185  40.00000000  2189.59555415  0.99000000
0.00060185  38.00000000  0.00060185  40.00000000  2189.59555415  0.99000000
0.00060185  38.00000000  0.00060185  40.00000000  2189.59555415  0.99000000
0.00060185  38.00000000  0.00060185  40.00000000  2189.59555415  0.99000000
0.00060185  38.00000000  0.00060185  40.00000000  2189.59555415  0.99000000
0.00060185  38.00000000  0.00060185  40.00000000  2189.59555415  0.99000000
0.00060185  38.00000000  0.00060185  40.00000000  2189.59555415  0.99000000
0.00030317  36.00000000  0.00018909  40.00000000  2189.59554433  0.99000000
0.00060185  38.00000000  0.00060185  40.00000000  2189.59555415  0.99000000
0.00063361  38.00000000  0.00063361  40.00000000  2191.75155116  0.99000000
0.00060185  38.00000000  0.00060185  40.00000000  2189.59555415  0.99000000
0.00060185  38.00000000  0.00060185  40.00000000  2189.59555415  0.99000000
0.00060185  38.00000000  0.00060185  40.00000000  2189.59555415  0.99000000
0.00028196  38.00000000  0.00028196  40.00000000  2196.67823994  0.99000000
0.00050611  38.00000000  0.00050611  40.00000000  2010.09135345  0.99000000
0.00036211  38.00000000  0.00036211  40.00000000  2189.26314916  0.99000000
0.00060185  38.00000000  0.00060185  40.00000000  2189.59555415  0.99000000
0.00060185  38.00000000  0.00060185  40.00000000  2189.59555415  0.99000000
0.00060185  38.00000000  0.00060185  40.00000000  2189.59555415  0.99000000
0.00043769  38.00000000  0.00043769  40.00000000  2192.39217299  0.99000000
0.00060185  38.00000000  0.00060185  40.00000000  2189.59555415  0.99000000
0.00060185  38.00000000  0.00060185  40.00000000  2189.59555415  0.99000000
0.00060185  38.00000000  0.00060185  40.00000000  2189.59555415  0.99000000
0.00060185  38.00000000  0.00060185  40.00000000  2189.59555415  0.99000000
0.00060185  38.00000000  0.00060185  40.00000000  2189.59555415  0.99000000
0.00060185  38.00000000  0.00060185  40.00000000  2189.59555415  0.99000000
0.00060185  38.00000000  0.00060185  40.00000000  2189.59555415  0.99000000
0.00355636  38.00000000  0.00355636  40.00000000  2192.20283935  0.99000000
0.00060185  38.00000000  0.00060185  40.00000000  2189.59555415  0.99000000
0.00060185  38.00000000  0.00060185  40.00000000  2189.59555415  0.99000000
0.00060185  38.00000000  0.00060185  40.00000000  2189.59555415  0.99000000
0.00060185  38.00000000  0.00060185  40.00000000  2189.59555415  0.99000000
0.00060185  38.00000000  0.00060185  40.00000000  2189.59555415  0.99000000
0.00060185  38.00000000  0.00060185  40.00000000  2189.59555415  0.99000000
0.00060185  38.00000000  0.00060185  40.00000000  2189.59555415  0.99000000
0.00060185  38.00000000  0.00060185  40.00000000  2189.59555415  0.99000000
0.00060185  38.00000000  0.00060185  40.00000000  2189.59555415  0.99000000
0.00060185  38.00000000  0.00060185  40.00000000  2189.59555415  0.99000000
0.00060185  38.00000000  0.00060185  40.00000000  2189.59555415  0.99000000
0.00061553  38.00000000  0.00061553  40.00000000  2193.26219850  0.99000000
0.00021336  34.00000000  0.00011753  40.00000000  1354.51249706  0.99000000
0.00060185  38.00000000  0.00060185  40.00000000  2189.59555415  0.99000000
0.00060185  38.00000000  0.00060185  40.00000000  2189.59555415  0.99000000
0.00060185  38.00000000  0.00060185  40.00000000  2189.59555415  0.99000000
0.00060185  38.00000000  0.00060185  40.00000000  2189.59555415  0.99000000
0.00060185  38.00000000  0.00060185  40.00000000  2189.59555415  0.99000000
0.00060185  38.00000000  0.00060185  40.00000000  2189.59555415  0.99000000
0.00060185  38.00000000  0.00060185  40.00000000  2189.59555415  0.99000000
0.00149312  38.00000000  0.00149312  40.00000000  2196.73240859  0.99000000
0.00060185  38.00000000  0.00060185  40.00000000  2189.59555415  0.99000000
0.00060185  38.00000000  0.00060185  40.00000000  2189.59555415  0.99000000
0.00060185  38.00000000  0.00060185  40.00000000  2189.59555415  0.99000000
0.00060185  38.00000000  0.00060185  40.00000000  2189.59555415  0.99000000
0.00033407  38.00000000  0.00033407  40.00000000  2189.59552279  0.99000000
0.00060185  38.00000000  0.00060185  40.00000000  2189.59555415  0.99000000
0.00092166  38.00000000  0.00092166  40.00000000  2191.33989898  0.99000000
0.00060148  38.00000000  0.00060148  40.00000000  2189.56246464  0.99000000
0.00060185  38.00000000  0.00060185  40.00000000  2189.59555415  0.99000000
0.00036247  38.00000000  0.00036247  40.00000000  2189.26314912  0.99000000
0.00060185  38.00000000  0.00060185  40.00000000  2189.59555415  0.99000000
0.00060185  38.00000000  0.00060185  40.00000000  2189.59555415  0.99000000
0.00060185  38.00000000  0.00060185  40.00000000  2189.59555415  0.99000000
0.00060185  38.00000000  0.00060185  40.00000000  2189.59555415  0.99000000
0.00060185  38.00000000  0.00060185  40.00000000  2189.59555415  0.99000000
0.00030509  38.00000000  0.00030509  40.00000000  2189.57110873  0.99000000
0.00060185  38.00000000  0.00060185  40.00000000  2189.59555415  0.99000000
0.00060185  38.00000000  0.00060185  40.00000000  2189.59555415  0.99000000
0.00060185  38.00000000  0.00060185  40.00000000  2189.59555415  0.99000000
0.00060185  38.00000000  0.00060185  40.00000000  2189.59555415  0.99000000
0.00060185  38.00000000  0.00060185  40.00000000  2189.59555415  0.99000000
0.00060185  38.00000000  0.00060185  40.00000000  2189.59555415  0.99000000
0.00060185  38.00000000  0.00060185  40.00000000  2189.59555415  0.99000000
0.00060185  38.00000000  0.00060185  40.00000000  2189.59555415  0.99000000
0.00060185  38.00000000  0.00060185  40.00000000  2189.59555415  0.99000000
0.00060185  38.00000000  0.00060185  40.00000000  2189.59555415  0.99000000
0.00025564  38.00000000  0.00025564  40.00000000  2157.22375010  0.99000000
0.00061551  36.00000000  0.00051653  40.00000000  2195.59587564  0.99000000
0.00060185  38.00000000  0.00060185  40.00000000  2189.59555415  0.99000000
0.00060185  38.00000000  0.00060185  40.00000000  2189.59555415  0.99000000
0.00060185  38.00000000  0.00060185  40.00000000  2189.59555415  0.99000000
0.00060185  38.00000000  0.00060185  40.00000000  2189.59555415  0.99000000
0.00060185  38.00000000  0.00060185  40.00000000  2189.59555415  0.99000000
0.00060185  38.00000000  0.00060185  40.00000000  2189.59555415  0.99000000
0.00060185  38.00000000  0.00060185  40.00000000  2189.59555415  0.99000000
0.00060185  38.00000000  0.00060185  40.00000000  2189.59555415  0.99000000
0.00023264  35.00000000  0.00017438  40.00000000  2201.62791515  0.99000000
0.00060185  38.00000000  0.00060185  40.00000000  2189.59555415  0.99000000
0.00060185  38.00000000  0.00060185  40.00000000  2189.59555415  0.99000000
0.00060185  38.00000000  0.00060185  40.00000000  2189.59555415  0.99000000
0.00008057  37.00000000  0.00001248  40.00000000  2205.06323642  0.99000000
0.00060185  38.00000000  0.00060185  40.00000000  2189.59555415  0.99000000
0.00060185  38.00000000  0.00060185  40.00000000  2189.59555415  0.99000000
0.00182118  31.00000000  0.00124836  40.00000000  1735.18878913  0.99000000
0.00060185  38.00000000  0.00060185  40.00000000  2189.59555415  0.99000000
0.00060185  38.00000000  0.00060185  40.00000000  2189.59555415  0.99000000
0.00015748  38.00000000  0.00015748  40.00000000  2194.08963277  0.99000000
0.00060185  38.00000000  0.00060185  40.00000000  2189.59555415  0.99000000
0.00060185  38.00000000  0.00060185  40.00000000  2189.59555415  0.99000000
0.00060185  38.00000000  0.00060185  40.00000000  2189.59555415  0.99000000
0.00060185  38.00000000  0.00060185  40.00000000  2189.59555415  0.99000000
0.00060185  38.00000000  0.00060185  40.00000000  2189.59555415  0.99000000
0.00060185  38.00000000  0.00060185  40.00000000  2189.59555415  0.99000000
0.00060185  38.00000000  0.00060185  40.00000000  2189.59555415  0.99000000
0.00175396  38.00000000  0.00175396  40.00000000  2196.71576907  0.99000000
0.00060185  38.00000000  0.00060185  40.00000000  2189.59555415  0.99000000
0.00060185  38.00000000  0.00060185  40.00000000  2189.59555415  0.99000000
0.00060185  38.00000000  0.00060185  40.00000000  2189.59555415  0.99000000
0.03616052  38.00000000  0.03616052  40.00000000  1733.29741549  0.99000000
0.00060185  38.00000000  0.00060185  40.00000000  2189.59555415  0.99000000
0.00065438  38.00000000  0.00065438  40.00000000  2189.59557399  0.99000000
0.00060185  38.00000000  0.00060185  40.00000000  2189.59555415  0.99000000
0.00060185  38.00000000  0.00060185  40.00000000  2189.59555415  0.99000000
0.00060185  38.00000000  0.00060185  40.00000000  2189.59555415  0.99000000
0.00018270  38.00000000  0.00018270  40.00000000  2192.38250849  0.99000000
0.01854941  38.00000000  0.01854941  40.00000000  1733.21312895  0.99000000
0.00060185  38.00000000  0.00060185  40.00000000  2189.59555415  0.99000000
0.00033290  38.00000000  0.00033290  40.00000000  2192.39030008  0.99000000
0.27788580  38.00000000  0.27788580  40.00000000  1776.89332342  0.99000000
0.00060185  38.00000000  0.00060185  40.00000000  2189.59555415  0.99000000
0.00060185  38.00000000  0.00060185  40.00000000  2189.59555415  0.99000000
0.00060185  38.00000000  0.00060185  40.00000000  2189.59555415  0.99000000
0.00042493  38.00000000  0.00042493  40.00000000  2191.63077779  0.99000000
0.00040411  30.00000000  0.00026391  40.00000000  1922.73954971  0.99000000
0.00060185  38.00000000  0.00060185  40.00000000  2189.59555415  0.99000000
0.00060185  38.00000000  0.00060185  40.00000000  2189.59555415  0.99000000
0.00060185  38.00000000  0.00060185  40.00000000  2189.59555415  0.99000000
0.00132273  38.00000000  0.00132273  40.00000000  2189.78760920  0.99000000
0.00060185  38.00000000  0.00060185  40.00000000  2189.59555415  0.99000000
0.00060185  38.00000000  0.00060185  40.00000000  2189.59555415  0.99000000
0.00060185  38.00000000  0.00060185  40.00000000  2189.59555415  0.99000000
0.00060185  38.00000000  0.00060185  40.00000000  2189.59555415  0.99000000
0.00060185  38.00000000  0.00060185  40.00000000  2189.59555415  0.99000000
0.00060185  38.00000000  0.00060185  40.00000000  2189.59555415  0.99000000
0.00060185  38.00000000  0.00060185  40.00000000  2189.59555415  0.99000000
0.00017190  38.00000000  0.00017190  40.00000000  2189.59551885  0.99000000
0.00060185  38.00000000  0.00060185  40.00000000  2189.59555415  0.99000000
0.00060185  38.00000000  0.00060185  40.00000000  2189.59555415  0.99000000
0.00060185  38.00000000  0.00060185  40.00000000  2189.59555415  0.99000000
0.00060185  38.00000000  0.00060185  40.00000000  2189.59555415  0.99000000
0.00060185  38.00000000  0.00060185  40.00000000  2189.59555415  0.99000000
0.00041500  38.00000000  0.00041500  40.00000000  2193.30341818  0.99000000
0.00060185  38.00000000  0.00060185  40.00000000  2189.59555415  0.99000000
0.00039227  30.00000000  0.00012695  40.00000000  1922.60916913  0.99000000
0.00060185  38.00000000  0.00060185  40.00000000  2189.59555415  0.99000000
0.00060185  38.00000000  0.00060185  40.00000000  2189.59555415  0.99000000
0.00084484  38.00000000  0.00084484  40.00000000  2190.54105371  0.99000000
0.00060185  38.00000000  0.00060185  40.00000000  2189.59555415  0.99000000
0.00040411  30.00000000  0.00026391  40.00000000  1922.73954971  0.99000000
0.00060185  38.00000000  0.00060185  40.00000000  2189.59555415  0.99000000
0.00060185  38.00000000  0.00060185  40.00000000  2189.59555415  0.99000000
0.00129057  38.00000000  0.00129057  40.00000000  2195.21064430  0.99000000
0.00060185  38.00000000  0.00060185  40.00000000  2189.59555415  0.99000000
0.00060185  38.00000000  0.00060185  40.00000000  2189.59555415  0.99000000
0.00060185  38.00000000  0.00060185  40.00000000  2189.59555415  0.99000000
0.00060185  38.00000000  0.00060185  40.00000000  2189.59555415  0.99000000
0.00032362  37.00000000  0.00026128  40.00000000  1936.63323874  0.99000000
0.00060185  38.00000000  0.00060185  40.00000000  2189.59555415  0.99000000
0.00060185  38.00000000  0.00060185  40.00000000  2189.59555415  0.99000000
0.00033290  38.00000000  0.00033290  40.00000000  2192.39030008  0.99000000
0.00063003  38.00000000  0.00063003  40.00000000  2189.70361743  0.99000000
0.00065044  38.00000000  0.00065044  40.00000000  2189.56248421  0.99000000
0.00060185  38.00000000  0.00060185  40.00000000  2189.59555415  0.99000000
0.00060185  38.00000000  0.00060185  40.00000000  2189.59555415  0.99000000
0.00126550  38.00000000  0.00126550  40.00000000  2189.59572587  0.99000000
0.00058071  38.00000000  0.00058071  40.00000000  2189.59554272  0.99000000
0.00066632  38.00000000  0.00066632  40.00000000  2189.59557513  0.99000000
0.00060185  38.00000000  0.00060185  40.00000000  2189.59555415  0.99000000
0.00060185  38.00000000  0.00060185  40.00000000  2189.59555415  0.99000000
0.00069786  38.00000000  0.00069786  40.00000000  2189.36585595  0.99000000
0.00060110  38.00000000  0.00060110  40.00000000  2189.59555028  0.99000000
0.00060185  38.00000000  0.00060185  40.00000000  2189.59555415  0.99000000
0.00060185  38.00000000  0.00060185  40.00000000  2189.59555415  0.99000000
0.00060185  38.00000000  0.00060185  40.00000000  2189.59555415  0.99000000
0.00060185  38.00000000  0.00060185  40.00000000  2189.59555415  0.99000000
0.00060185  38.00000000  0.00060185  40.00000000  2189.59555415  0.99000000
0.00060185  38.00000000  0.00060185  40.00000000  2189.59555415  0.99000000
0.00060185  38.00000000  0.00060185  40.00000000  2189.59555415  0.99000000
0.00060185  38.00000000  0.00060185  40.00000000  2189.59555415  0.99000000
0.00060185  38.00000000  0.00060185  40.00000000  2189.59555415  0.99000000
0.00060185  38.00000000  0.00060185  40.00000000  2189.59555415  0.99000000
0.00060185  38.00000000  0.00060185  40.00000000  2189.59555415  0.99000000
0.00060185  38.00000000  0.00060185  40.00000000  2189.59555415  0.99000000
0.00011038  37.00000000  0.00000938  40.00000000  2195.57142329  0.99000000
0.00060185  38.00000000  0.00060185  40.00000000  2189.59555415  0.99000000
0.00060185  38.00000000  0.00060185  40.00000000  2189.59555415  0.99000000
0.00060185  38.00000000  0.00060185  40.00000000  2189.59555415  0.99000000
0.03310953  38.00000000  0.03310953  40.00000000  1454.37424711  0.99000000
0.00060185  38.00000000  0.00060185  40.00000000  2189.59555415  0.99000000
0.00060185  38.00000000  0.00060185  40.00000000  2189.59555415  0.99000000
0.00060185  38.00000000  0.00060185  40.00000000  2189.59555415  0.99000000
0.00060185  38.00000000  0.00060185  40.00000000  2189.59555415  0.99000000
0.20735098  38.00000000  0.20735098  40.00000000  2278.33666227  0.99000000
0.00060185  38.00000000  0.00060185  40.00000000  2189.59555415  0.99000000
0.00005575  38.00000000  0.00005575  40.00000000  2189.59551380  0.99000000
0.00060185  38.00000000  0.00060185  40.00000000  2189.59555415  0.99000000
0.00060185  38.00000000  0.00060185  40.00000000  2189.59555415  0.99000000
0.00069237  38.00000000  0.00069237  40.00000000  2189.37467276  0.99000000
0.00060185  38.00000000  0.00060185  40.00000000  2189.59555415  0.99000000
0.00060185  38.00000000  0.00060185  40.00000000  2189.59555415  0.99000000
0.00060185  38.00000000  0.00060185  40.00000000  2189.59555415  0.99000000
0.00060185  38.00000000  0.00060185  40.00000000  2189.59555415  0.99000000
0.00060185  38.00000000  0.00060185  40.00000000  2189.59555415  0.99000000
0.00060185  38.00000000  0.00060185  40.00000000  2189.59555415  0.99000000
0.00464840  38.00000000  0.00464840  40.00000000  2192.19561918  0.99000000
0.00060185  38.00000000  0.00060185  40.00000000  2189.59555415  0.99000000
0.00060185  38.00000000  0.00060185  40.00000000  2189.59555415  0.99000000
0.00060185  38.00000000  0.00060185  40.00000000  2189.59555415  0.99000000
0.00060185  38.00000000  0.00060185  40.00000000  2189.59555415  0.99000000
0.00060185  38.00000000  0.00060185  40.00000000  2189.59555415  0.99000000
0.00060185  38.00000000  0.00060185  40.00000000  2189.59555415  0.99000000
0.00060185  38.00000000  0.00060185  40.00000000  2189.59555415  0.99000000
0.00060185  38.00000000  0.00060185  40.00000000  2189.59555415  0.99000000
0.00009208  38.00000000  0.00009208  40.00000000  2207.69853381  0.99000000
0.00060185  38.00000000  0.00060185  40.00000000  2189.59555415  0.99000000
0.00060185  38.00000000  0.00060185  40.00000000  2189.59555415  0.99000000
0.00060185  38.00000000  0.00060185  40.00000000  2189.59555415  0.99000000
0.00060185  38.00000000  0.00060185  40.00000000  2189.59555415  0.99000000
0.00149312  38.00000000  0.00149312  40.00000000  2196.73240859  0.99000000
0.00060185  38.00000000  0.00060185  40.00000000  2189.59555415  0.99000000
0.00060185  38.00000000  0.00060185  40.00000000  2189.59555415  0.99000000
0.00067218  38.00000000  0.00067218  40.00000000  2190.46654603  0.99000000
0.00056994  38.00000000  0.00056994  40.00000000  2189.70391435  0.99000000
0.00060185  38.00000000  0.00060185  40.00000000  2189.59555415  0.99000000
0.00060185  38.00000000  0.00060185  40.00000000  2189.59555415  0.99000000
0.00060185  38.00000000  0.00060185  40.00000000  2189.59555415  0.99000000
0.00060185  38.00000000  0.00060185  40.00000000  2189.59555415  0.99000000
0.00060185  38.00000000  0.00060185  40.00000000  2189.59555415  0.99000000
0.00054146  38.00000000  0.00054146  40.00000000  1858.39140212  0.99000000
0.00060185  38.00000000  0.00060185  40.00000000  2189.59555415  0.99000000
0.00060185  38.00000000  0.00060185  40.00000000  2189.59555415  0.99000000
0.00060185  38.00000000  0.00060185  40.00000000  2189.59555415  0.99000000
0.00044331  37.00000000  0.00044126  40.00000000  2189.59554480  0.99000000
0.00060185  38.00000000  0.00060185  40.00000000  2189.59555415  0.99000000
0.00060185  38.00000000  0.00060185  40.00000000  2189.59555415  0.99000000
0.00060185  38.00000000  0.00060185  40.00000000  2189.59555415  0.99000000
0.00021258  38.00000000  0.00021258  40.00000000  1194.28811420  0.99000000
0.00028621  37.00000000  0.00028547  40.00000000  2189.59554450  0.99000000
0.00060185  38.00000000  0.00060185  40.00000000  2189.59555415  0.99000000
0.00060185  38.00000000  0.00060185  40.00000000  2189.59555415  0.99000000
0.00060185  38.00000000  0.00060185  40.00000000  2189.59555415  0.99000000
0.00032386  38.00000000  0.00032386  40.00000000  2189.23984652  0.99000000
0.17598093  38.00000000  0.17598093  40.00000000  1470.46513169  0.99000000
0.00060185  38.00000000  0.00060185  40.00000000  2189.59555415  0.99000000
0.00060185  38.00000000  0.00060185  40.00000000  2189.59555415  0.99000000
0.00060185  38.00000000  0.00060185  40.00000000  2189.59555415  0.99000000
0.00042493  38.00000000  0.00042493  40.00000000  2191.63077779  0.99000000
0.00060185  38.00000000  0.00060185  40.00000000  2189.59555415  0.99000000
0.00060185  38.00000000  0.00060185  40.00000000  2189.59555415  0.99000000
0.00007231  37.00000000  0.00005802  40.00000000  2222.03125773  0.99000000
0.00030317  36.00000000  0.00018909  40.00000000  2189.59554433  0.99000000
0.00021029  38.00000000  0.00021029  40.00000000  2189.59551886  0.99000000
0.00065668  38.00000000  0.00065668  40.00000000  2189.59573704  0.99000000
0.00054375  38.00000000  0.00054375  40.00000000  2189.59553788  0.99000000
0.00060185  38.00000000  0.00060185  40.00000000  2189.59555415  0.99000000
0.00060185  38.00000000  0.00060185  40.00000000  2189.59555415  0.99000000
0.00060185  38.00000000  0.00060185  40.00000000  2189.59555415  0.99000000
0.00060185  38.00000000  0.00060185  40.00000000  2189.59555415  0.99000000
0.00060185  38.00000000  0.00060185  40.00000000  2189.59555415  0.99000000
0.00060185  38.00000000  0.00060185  40.00000000  2189.59555415  0.99000000
0.00023220  38.00000000  0.00023220  40.00000000  2189.59551881  0.99000000
0.00060185  38.00000000  0.00060185  40.00000000  2189.59555415  0.99000000
0.00060185  38.00000000  0.00060185  40.00000000  2189.59555415  0.99000000
0.00060185  38.00000000  0.00060185  40.00000000  2189.59555415  0.99000000
0.00065443  38.00000000  0.00065443  40.00000000  2197.23593996  0.99000000
0.00062620  38.00000000  0.00062620  40.00000000  2189.59557274  0.99000000
0.00060185  38.00000000  0.00060185  40.00000000  2189.59555415  0.99000000
0.00060185  38.00000000  0.00060185  40.00000000  2189.59555415  0.99000000
0.00060185  38.00000000  0.00060185  40.00000000  2189.59555415  0.99000000
0.00060185  38.00000000  0.00060185  40.00000000  2189.59555415  0.99000000
0.00060185  38.00000000  0.00060185  40.00000000  2189.59555415  0.99000000
0.00060185  38.00000000  0.00060185  40.00000000  2189.59555415  0.99000000
0.00060185  38.00000000  0.00060185  40.00000000  2189.59555415  0.99000000
0.00060185  38.00000000  0.00060185  40.00000000  2189.59555415  0.99000000
0.00060185  38.00000000  0.00060185  40.00000000  2189.59555415  0.99000000
0.00060185  38.00000000  0.00060185  40.00000000  2189.59555415  0.99000000
0.00060185  38.00000000  0.00060185  40.00000000  2189.59555415  0.99000000
0.00060185  38.00000000  0.00060185  40.00000000  2189.59555415  0.99000000
0.00060185  38.00000000  0.00060185  40.00000000  2189.59555415  0.99000000
0.00060185  38.00000000  0.00060185  40.00000000  2189.59555415  0.99000000
0.00060185  38.00000000  0.00060185  40.00000000  2189.59555415  0.99000000
0.00237955  38.00000000  0.00237955  40.00000000  2192.18485721  0.99000000
0.00060185  38.00000000  0.00060185  40.00000000  2189.59555415  0.99000000
0.00060185  38.00000000  0.00060185  40.00000000  2189.59555415  0.99000000
0.00060185  38.00000000  0.00060185  40.00000000  2189.59555415  0.99000000
0.00060185  38.00000000  0.00060185  40.00000000  2189.59555415  0.99000000
0.00060185  38.00000000  0.00060185  40.00000000  2189.59555415  0.99000000
0.00060185  38.00000000  0.00060185  40.00000000  2189.59555415  0.99000000
0.00060185  38.00000000  0.00060185  40.00000000  2189.59555415  0.99000000
0.00060185  38.00000000  0.00060185  40.00000000  2189.59555415  0.99000000
0.00060185  38.00000000  0.00060185  40.00000000  2189.59555415  0.99000000
0.00131203  38.00000000  0.00131203  40.00000000  2195.22332979  0.99000000
0.00060185  38.00000000  0.00060185  40.00000000  2189.59555415  0.99000000
0.00065443  38.00000000  0.00065443  40.00000000  2197.23593996  0.99000000
0.00060185  38.00000000  0.00060185  40.00000000  2189.59555415  0.99000000
0.00060185  38.00000000  0.00060185  40.00000000  2189.59555415  0.99000000
0.00060185  38.00000000  0.00060185  40.00000000  2189.59555415  0.99000000
0.00060185  38.00000000  0.00060185  40.00000000  2189.59555415  0.99000000
0.00060185  38.00000000  0.00060185  40.00000000  2189.59555415  0.99000000
0.00060185  38.00000000  0.00060185  40.00000000  2189.59555415  0.99000000
0.00063361  38.00000000  0.00063361  40.00000000  2191.75155116  0.99000000
0.00060185  38.00000000  0.00060185  40.00000000  2189.59555415  0.99000000
0.00060185  38.00000000  0.00060185  40.00000000  2189.59555415  0.99000000
0.00160534  37.00000000  0.00155466  40.00000000  2189.59605142  0.99000000
0.00060185  38.00000000  0.00060185  40.00000000  2189.59555415  0.99000000
0.00060185  38.00000000  0.00060185  40.00000000  2189.59555415  0.99000000
0.00062898  37.00000000  0.00052617  40.00000000  2195.59587275  0.99000000
0.00060185  38.00000000  0.00060185  40.00000000  2189.59555415  0.99000000
0.00029116  38.00000000  0.00029116  40.00000000  2197.10196328  0.99000000
0.00060185  38.00000000  0.00060185  40.00000000  2189.59555415  0.99000000
0.00060185  38.00000000  0.00060185  40.00000000  2189.59555415  0.99000000
0.00060185  38.00000000  0.00060185  40.00000000  2189.59555415  0.99000000
0.00044080  38.00000000  0.00044080  40.00000000  2192.26488193  0.99000000
0.00060185  38.00000000  0.00060185  40.00000000  2189.59555415  0.99000000
0.00044750  38.00000000  0.00044750  40.00000000  2189.25993365  0.99000000
0.00066632  38.00000000  0.00066632  40.00000000  2189.59557513  0.99000000
0.00060185  38.00000000  0.00060185  40.00000000  2189.59555415  0.99000000
0.00060185  38.00000000  0.00060185  40.00000000  2189.59555415  0.99000000
0.00982622  38.00000000  0.00982622  40.00000000  2263.97405992  0.99000000
0.00060142  38.00000000  0.00060142  40.00000000  2189.56247337  0.99000000
0.00056994  38.00000000  0.00056994  40.00000000  2189.70391435  0.99000000
0.00060185  38.00000000  0.00060185  40.00000000  2189.59555415  0.99000000
0.00060185  38.00000000  0.00060185  40.00000000  2189.59555415  0.99000000
0.00048908  34.00000000  0.00044803  40.00000000  1797.31967651  0.99000000
0.00026669  30.00000000  0.00010296  40.00000000  2209.66933653  0.99000000
0.00060185  38.00000000  0.00060185  40.00000000  2189.59555415  0.99000000
0.00060185  38.00000000  0.00060185  40.00000000  2189.59555415  0.99000000
0.00060185  38.00000000  0.00060185  40.00000000  2189.59555415  0.99000000
0.00032263  38.00000000  0.00032263  40.00000000  2192.59813288  0.99000000
0.00023870  35.00000000  0.00018330  40.00000000  2201.63187807  0.99000000
0.00060185  38.00000000  0.00060185  40.00000000  2189.59555415  0.99000000
0.00060148  38.00000000  0.00060148  40.00000000  2189.56246464  0.99000000
0.00060185  38.00000000  0.00060185  40.00000000  2189.59555415  0.99000000
0.00060185  38.00000000  0.00060185  40.00000000  2189.59555415  0.99000000
0.00060185  38.00000000  0.00060185  40.00000000  2189.59555415  0.99000000
0.00060185  38.00000000  0.00060185  40.00000000  2189.59555415  0.99000000
0.00031987  38.00000000  0.00031987  40.00000000  2189.59551940  0.99000000
0.00062377  38.00000000  0.00062377  40.00000000  2189.59554909  0.99000000
0.00060185  38.00000000  0.00060185  40.00000000  2189.59555415  0.99000000
0.00060185  38.00000000  0.00060185  40.00000000  2189.59555415  0.99000000
0.00060185  38.00000000  0.00060185  40.00000000  2189.59555415  0.99000000
0.00060185  38.00000000  0.00060185  40.00000000  2189.59555415  0.99000000
0.00009824  38.00000000  0.00009824  40.00000000  2113.22490663  0.99000000
0.00060185  38.00000000  0.00060185  40.00000000  2189.59555415  0.99000000
0.00060185  38.00000000  0.00060185  40.00000000  2189.59555415  0.99000000
0.00029741  38.00000000  0.00029741  40.00000000  2189.59552990  0.99000000
0.00060185  38.00000000  0.00060185  40.00000000  2189.59555415  0.99000000
0.00058949  38.00000000  0.00058949  40.00000000  2191.75537082  0.99000000
0.09638041  38.00000000  0.09638041  40.00000000  1616.45470685  0.99000000
0.00060185  38.00000000  0.00060185  40.00000000  2189.59555415  0.99000000
0.00020041  34.00000000  0.00007970  40.00000000  2189.59551924  0.99000000
0.00060185  38.00000000  0.00060185  40.00000000  2189.59555415  0.99000000
0.00464840  38.00000000  0.00464840  40.00000000  2192.19561918  0.99000000
0.00113422  38.00000000  0.00113422  40.00000000  2197.10212500  0.99000000
0.00103869  36.00000000  0.00100779  40.00000000  2102.59985173  0.99000000
0.00060185  38.00000000  0.00060185  40.00000000  2189.59555415  0.99000000
0.00060433  38.00000000  0.00060433  40.00000000  2196.72497915  0.99000000
0.00060185  38.00000000  0.00060185  40.00000000  2189.59555415  0.99000000
0.00060185  38.00000000  0.00060185  40.00000000  2189.59555415  0.99000000
0.00060185  38.00000000  0.00060185  40.00000000  2189.59555415  0.99000000
0.00060185  38.00000000  0.00060185  40.00000000  2189.59555415  0.99000000
0.00060185  38.00000000  0.00060185  40.00000000  2189.59555415  0.99000000
0.00008820  36.00000000  0.00005312  40.00000000  2044.92021516  0.99000000
0.00058619  38.00000000  0.00058619  40.00000000  2189.59555017  0.99000000
0.00060185  38.00000000  0.00060185  40.00000000  2189.59555415  0.99000000
0.00060185  38.00000000  0.00060185  40.00000000  2189.59555415  0.99000000
0.00041500  38.00000000  0.00041500  40.00000000  2193.30341818  0.99000000
0.00025564  38.00000000  0.00025564  40.00000000  2157.22375010  0.99000000
0.00060185  38.00000000  0.00060185  40.00000000  2189.59555415  0.99000000
0.00060185  38.00000000  0.00060185  40.00000000  2189.59555415  0.99000000
0.00060185  38.00000000  0.00060185  40.00000000  2189.59555415  0.99000000
0.00065550  38.00000000  0.00065550  40.00000000  2189.59556014  0.99000000
0.00196676  38.00000000  0.00196676  40.00000000  2189.89625251  0.99000000
0.00060185  38.00000000  0.00060185  40.00000000  2189.59555415  0.99000000
0.00060185  38.00000000  0.00060185  40.00000000  2189.59555415  0.99000000
0.00060185  38.00000000  0.00060185  40.00000000  2189.59555415  0.99000000
0.00060185  38.00000000  0.00060185  40.00000000  2189.59555415  0.99000000
0.00060185  38.00000000  0.00060185  40.00000000  2189.59555415  0.99000000
0.00060185  38.00000000  0.00060185  40.00000000  2189.59555415  0.99000000
0.00032386  38.00000000  0.00032386  40.00000000  2189.23984652  0.99000000
0.00060185  38.00000000  0.00060185  40.00000000  2189.59555415  0.99000000
0.00060185  38.00000000  0.00060185  40.00000000  2189.59555415  0.99000000
0.00060185  38.00000000  0.00060185  40.00000000  2189.59555415  0.99000000
0.00060185  38.00000000  0.00060185  40.00000000  2189.59555415  0.99000000
0.00060185  38.00000000  0.00060185  40.00000000  2189.59555415  0.99000000
0.00060185  38.00000000  0.00060185  40.00000000  2189.59555415  0.99000000
0.00052757  38.00000000  0.00052757  40.00000000  2189.59554697  0.99000000
0.00060185  38.00000000  0.00060185  40.00000000  2189.59555415  0.99000000
0.00060185  38.00000000  0.00060185  40.00000000  2189.59555415  0.99000000
0.00060185  38.00000000  0.00060185  40.00000000  2189.59555415  0.99000000
0.00060185  38.00000000  0.00060185  40.00000000  2189.59555415  0.99000000
0.00060185  38.00000000  0.00060185  40.00000000  2189.59555415  0.99000000
0.00060185  38.00000000  0.00060185  40.00000000  2189.59555415  0.99000000
0.00060185  38.00000000  0.00060185  40.00000000  2189.59555415  0.99000000
0.00129057  38.00000000  0.00129057  40.00000000  2195.21064430  0.99000000
0.00060185  38.00000000  0.00060185  40.00000000  2189.59555415  0.99000000
0.00060185  38.00000000  0.00060185  40.00000000  2189.59555415  0.99000000
0.00060185  38.00000000  0.00060185  40.00000000  2189.59555415  0.99000000
0.00060185  38.00000000  0.00060185  40.00000000  2189.59555415  0.99000000
0.00060185  38.00000000  0.00060185  40.00000000  2189.59555415  0.99000000
0.00060185  38.00000000  0.00060185  40.00000000  2189.59555415  0.99000000
0.00028143  38.00000000  0.00028143  40.00000000  1213.04013420  0.99000000
0.00060185  38.00000000  0.00060185  40.00000000  2189.59555415  0.99000000
0.00060185  38.00000000  0.00060185  40.00000000  2189.59555415  0.99000000
0.00060185  38.00000000  0.00060185  40.00000000  2189.59555415  0.99000000
0.00042542  38.00000000  0.00042542  40.00000000  2188.89092192  0.99000000
0.00060185  38.00000000  0.00060185  40.00000000  2189.59555415  0.99000000
0.00060136  38.00000000  0.00060136  40.00000000  2189.59554533  0.99000000
0.00060185  38.00000000  0.00060185  40.00000000  2189.59555415  0.99000000
0.00060185  38.00000000  0.00060185  40.00000000  2189.59555415  0.99000000
0.00344198  36.00000000  0.00342363  40.00000000  2018.85995180  0.99000000
0.00060185  38.00000000  0.00060185  40.00000000  2189.59555415  0.99000000
0.00060185  38.00000000  0.00060185  40.00000000  2189.59555415  0.99000000
0.00060185  38.00000000  0.00060185  40.00000000  2189.59555415  0.99000000
0.00060185  38.00000000  0.00060185  40.00000000  2189.59555415  0.99000000
0.00060185  38.00000000  0.00060185  40.00000000  2189.59555415  0.99000000
0.00069235  38.00000000  0.00069235  40.00000000  2189.37466562  0.99000000
0.00060185  38.00000000  0.00060185  40.00000000  2189.59555415  0.99000000
0.00060185  38.00000000  0.00060185  40.00000000  2189.59555415  0.99000000
0.00060185  38.00000000  0.00060185  40.00000000  2189.59555415  0.99000000
0.00034999  38.00000000  0.00034999  40.00000000  2189.59552288  0.99000000
0.00060185  38.00000000  0.00060185  40.00000000  2189.59555415  0.99000000
0.00060185  38.00000000  0.00060185  40.00000000  2189.59555415  0.99000000
0.00060185  38.00000000  0.00060185  40.00000000  2189.59555415  0.99000000
0.00060185  38.00000000  0.00060185  40.00000000  2189.59555415  0.99000000
0.00060185  38.00000000  0.00060185  40.00000000  2189.59555415  0.99000000
0.00060185  38.00000000  0.00060185  40.00000000  2189.59555415  0.99000000
0.00060185  38.00000000  0.00060185  40.00000000  2189.59555415  0.99000000
0.00060185  38.00000000  0.00060185  40.00000000  2189.59555415  0.99000000
0.00060185  38.00000000  0.00060185  40.00000000  2189.59555415  0.99000000
0.00175396  38.00000000  0.00175396  40.00000000  2196.71576907  0.99000000
0.00060185  38.00000000  0.00060185  40.00000000  2189.59555415  0.99000000
0.18934665  38.00000000  0.18934665  40.00000000  2219.77393416  0.99000000
0.00060185  38.00000000  0.00060185  40.00000000  2189.59555415  0.99000000
0.00023220  38.00000000  0.00023220  40.00000000  2189.59551881  0.99000000
0.00060185  38.00000000  0.00060185  40.00000000  2189.59555415  0.99000000
0.00060185  38.00000000  0.00060185  40.00000000  2189.59555415  0.99000000
0.00060229  38.00000000  0.00060229  40.00000000  2189.59555424  0.99000000
0.00060185  38.00000000  0.00060185  40.00000000  2189.59555415  0.99000000
0.00060185  38.00000000  0.00060185  40.00000000  2189.59555415  0.99000000
0.00060185  38.00000000  0.00060185  40.00000000  2189.59555415  0.99000000
0.00035393  38.00000000  0.00035393  40.00000000  2194.10299921  0.99000000
0.00060185  38.00000000  0.00060185  40.00000000  2189.59555415  0.99000000
0.00060185  38.00000000  0.00060185  40.00000000  2189.59555415  0.99000000
0.00070885  38.00000000  0.00070885  40.00000000  2189.59632780  0.99000000
0.00060210  38.00000000  0.00060210  40.00000000  2189.59554071  0.99000000
0.00041333  38.00000000  0.00041333  40.00000000  2193.30370027  0.99000000
0.00060185  38.00000000  0.00060185  40.00000000  2189.59555415  0.99000000
0.00087604  38.00000000  0.00087604  40.00000000  2189.78727513  0.99000000
0.00032297  36.00000000  0.00024562  40.00000000  2189.59553108  0.99000000
0.00060185  38.00000000  0.00060185  40.00000000  2189.59555415  0.99000000
0.00060185  38.00000000  0.00060185  40.00000000  2189.59555415  0.99000000
0.00060185  38.00000000  0.00060185  40.00000000  2189.59555415  0.99000000
0.00062620  38.00000000  0.00062620  40.00000000  2189.59557274  0.99000000
0.00060185  38.00000000  0.00060185  40.00000000  2189.59555415  0.99000000
0.00060185  38.00000000  0.00060185  40.00000000  2189.59555415  0.99000000
0.00060185  38.00000000  0.00060185  40.00000000  2189.59555415  0.99000000
0.00043024  38.00000000  0.00043024  40.00000000  2189.59552801  0.99000000
0.00060185  38.00000000  0.00060185  40.00000000  2189.59555415  0.99000000
0.00060185  38.00000000  0.00060185  40.00000000  2189.59555415  0.99000000
0.00060185  38.00000000  0.00060185  40.00000000  2189.59555415  0.99000000
0.00060136  38.00000000  0.00060136  40.00000000  2189.59554533  0.99000000
0.00060185  38.00000000  0.00060185  40.00000000  2189.59555415  0.99000000
0.00060185  38.00000000  0.00060185  40.00000000  2189.59555415  0.99000000
0.00060185  38.00000000  0.00060185  40.00000000  2189.59555415  0.99000000
0.00060185  38.00000000  0.00060185  40.00000000  2189.59555415  0.99000000
0.00060185  38.00000000  0.00060185  40.00000000  2189.59555415  0.99000000
0.00060185  38.00000000  0.00060185  40.00000000  2189.59555415  0.99000000
0.00060185  38.00000000  0.00060185  40.00000000  2189.59555415  0.99000000
0.00060185  38.00000000  0.00060185  40.00000000  2189.59555415  0.99000000
0.00060185  38.00000000  0.00060185  40.00000000  2189.59555415  0.99000000
0.00060185  38.00000000  0.00060185  40.00000000  2189.59555415  0.99000000
0.00069235  38.00000000  0.00069235  40.00000000  2189.37466562  0.99000000
0.00021029  38.00000000  0.00021029  40.00000000  2189.59551886  0.99000000
0.00060185  38.00000000  0.00060185  40.00000000  2189.59555415  0.99000000
0.00060185  38.00000000  0.00060185  40.00000000  2189.59555415  0.99000000
0.00060185  38.00000000  0.00060185  40.00000000  2189.59555415  0.99000000
0.00060185  38.00000000  0.00060185  40.00000000  2189.59555415  0.99000000
0.00061735  38.00000000  0.00061735  40.00000000  2189.59553835  0.99000000
0.00011038  37.00000000  0.00000938  40.00000000  2195.57142329  0.99000000
0.00060185  38.00000000  0.00060185  40.00000000  2189.59555415  0.99000000
0.00060185  38.00000000  0.00060185  40.00000000  2189.59555415  0.99000000
0.00060185  38.00000000  0.00060185  40.00000000  2189.59555415  0.99000000
0.00060185  38.00000000  0.00060185  40.00000000  2189.59555415  0.99000000
0.00032387  36.00000000  0.00029743  40.00000000  2189.59553216  0.99000000
0.00060185  38.00000000  0.00060185  40.00000000  2189.59555415  0.99000000
0.00060185  38.00000000  0.00060185  40.00000000  2189.59555415  0.99000000
0.00056989  38.00000000  0.00056989  40.00000000  2189.70225333  0.99000000
0.00060185  38.00000000  0.00060185  40.00000000  2189.59555415  0.99000000
0.00060185  38.00000000  0.00060185  40.00000000  2189.59555415  0.99000000
0.00060185  38.00000000  0.00060185  40.00000000  2189.59555415  0.99000000
0.00060185  38.00000000  0.00060185  40.00000000  2189.59555415  0.99000000
0.00060382  38.00000000  0.00060382  40.00000000  2189.58605522  0.99000000
0.00042493  38.00000000  0.00042493  40.00000000  2191.63077779  0.99000000
0.00186703  38.00000000  0.00186703  40.00000000  2192.20199930  0.99000000
0.00060185  38.00000000  0.00060185  40.00000000  2189.59555415  0.99000000
0.00060185  38.00000000  0.00060185  40.00000000  2189.59555415  0.99000000
0.00060185  38.00000000  0.00060185  40.00000000  2189.59555415  0.99000000
0.00060185  38.00000000  0.00060185  40.00000000  2189.59555415  0.99000000
0.00043769  38.00000000  0.00043769  40.00000000  2192.39217299  0.99000000
0.00060185  38.00000000  0.00060185  40.00000000  2189.59555415  0.99000000
0.00060185  38.00000000  0.00060185  40.00000000  2189.59555415  0.99000000
0.00060185  38.00000000  0.00060185  40.00000000  2189.59555415  0.99000000
0.00060185  38.00000000  0.00060185  40.00000000  2189.59555415  0.99000000
0.00060185  38.00000000  0.00060185  40.00000000  2189.59555415  0.99000000
0.00060185  38.00000000  0.00060185  40.00000000  2189.59555415  0.99000000
0.00060185  38.00000000  0.00060185  40.00000000  2189.59555415  0.99000000
0.00019570  37.00000000  0.00018214  40.00000000  2190.00532529  0.99000000
0.00050717  38.00000000  0.00050717  40.00000000  2189.59553572  0.99000000
0.00178852  38.00000000  0.00178852  40.00000000  2196.67226428  0.99000000
0.00060185  38.00000000  0.00060185  40.00000000  2189.59555415  0.99000000
0.00060185  38.00000000  0.00060185  40.00000000  2189.59555415  0.99000000
0.15823591  38.00000000  0.15823591  40.00000000  2267.20457001  0.99000000
0.00060185  38.00000000  0.00060185  40.00000000  2189.59555415  0.99000000
0.00060185  38.00000000  0.00060185  40.00000000  2189.59555415  0.99000000
0.00054146  38.00000000  0.00054146  40.00000000  1858.39140212  0.99000000
0.00344488  38.00000000  0.00344488  40.00000000  2199.26460228  0.99000000
0.00064061  38.00000000  0.00064061  40.00000000  2197.23787653  0.99000000
0.00060185  38.00000000  0.00060185  40.00000000  2189.59555415  0.99000000
0.00021534  38.00000000  0.00021534  40.00000000  2189.59551565  0.99000000
0.00060185  38.00000000  0.00060185  40.00000000  2189.59555415  0.99000000
0.00030081  38.00000000  0.00030081  40.00000000  2193.23867637  0.99000000
0.00093128  38.00000000  0.00093128  40.00000000  2191.34599867  0.99000000
0.00060185  38.00000000  0.00060185  40.00000000  2189.59555415  0.99000000
0.00060185  38.00000000  0.00060185  40.00000000  2189.59555415  0.99000000
0.00060185  38.00000000  0.00060185  40.00000000  2189.59555415  0.99000000
0.00022078  38.00000000  0.00022078  40.00000000  2189.59551667  0.99000000
0.00060185  38.00000000  0.00060185  40.00000000  2189.59555415  0.99000000
0.00060185  38.00000000  0.00060185  40.00000000  2189.59555415  0.99000000
0.00060185  38.00000000  0.00060185  40.00000000  2189.59555415  0.99000000
0.00060185  38.00000000  0.00060185  40.00000000  2189.59555415  0.99000000
0.00060185  38.00000000  0.00060185  40.00000000  2189.59555415  0.99000000
0.00060185  38.00000000  0.00060185  40.00000000  2189.59555415  0.99000000
0.00008820  36.00000000  0.00005312  40.00000000  2044.92021516  0.99000000
0.00060185  38.00000000  0.00060185  40.00000000  2189.59555415  0.99000000
0.00060185  38.00000000  0.00060185  40.00000000  2189.59555415  0.99000000
0.00060382  38.00000000  0.00060382  40.00000000  2189.58605011  0.99000000
0.00060185  38.00000000  0.00060185  40.00000000  2189.59555415  0.99000000
0.00074177  38.00000000  0.00074177  40.00000000  2194.10027688  0.99000000
0.00061568  29.00000000  0.00022702  40.00000000  1959.31504121  0.99000000
0.00060185  38.00000000  0.00060185  40.00000000  2189.59555415  0.99000000
0.00145363  38.00000000  0.00145363  40.00000000  2196.72567593  0.99000000
0.00060185  38.00000000  0.00060185  40.00000000  2189.59555415  0.99000000
0.00060185  38.00000000  0.00060185  40.00000000  2189.59555415  0.99000000
0.00060185  38.00000000  0.00060185  40.00000000  2189.59555415  0.99000000
0.00060185  38.00000000  0.00060185  40.00000000  2189.59555415  0.99000000
0.00060185  38.00000000  0.00060185  40.00000000  2189.59555415  0.99000000
0.00060185  38.00000000  0.00060185  40.00000000  2189.59555415  0.99000000
0.00037820  37.00000000  0.00023294  40.00000000  2190.60258862  0.99000000
0.00060185  38.00000000  0.00060185  40.00000000  2189.59555415  0.99000000
0.00060185  38.00000000  0.00060185  40.00000000  2189.59555415  0.99000000
0.00060185  38.00000000  0.00060185  40.00000000  2189.59555415  0.99000000
0.00066632  38.00000000  0.00066632  40.00000000  2189.59557513  0.99000000
0.00089149  32.00000000  0.00041869  40.00000000  2029.91807055  0.99000000
0.00042542  38.00000000  0.00042542  40.00000000  2188.89092192  0.99000000
0.00060185  38.00000000  0.00060185  40.00000000  2189.59555415  0.99000000
0.00060185  38.00000000  0.00060185  40.00000000  2189.59555415  0.99000000
0.00060185  38.00000000  0.00060185  40.00000000  2189.59555415  0.99000000
0.00060185  38.00000000  0.00060185  40.00000000  2189.59555415  0.99000000
0.00014817  33.00000000  0.00004598  40.00000000  2189.59551606  0.99000000
0.00060185  38.00000000  0.00060185  40.00000000  2189.59555415  0.99000000
0.00060185  38.00000000  0.00060185  40.00000000  2189.59555415  0.99000000
0.00060185  38.00000000  0.00060185  40.00000000  2189.59555415  0.99000000
0.00113422  38.00000000  0.00113422  40.00000000  2197.10212500  0.99000000
0.00060185  38.00000000  0.00060185  40.00000000  2189.59555415  0.99000000
0.00060185  38.00000000  0.00060185  40.00000000  2189.59555415  0.99000000
0.00042185  38.00000000  0.00042185  40.00000000  2193.31260857  0.99000000
0.00026911  32.00000000  0.00014793  40.00000000  2188.04103030  0.99000000
0.00037796  34.00000000  0.00026154  40.00000000  2190.80338822  0.99000000
0.00026911  32.00000000  0.00017807  40.00000000  2188.04103071  0.99000000
0.00026911  32.00000000  0.00014793  40.00000000  2188.04103030  0.99000000
0.00026911  32.00000000  0.00014793  40.00000000  2188.04103030  0.99000000
0.00026911  32.00000000  0.00014793  40.00000000  2188.04103030  0.99000000
0.01145168  38.00000000  0.01145168  40.00000000  2188.42098499  0.99000000
0.00469757  38.00000000  0.00469757  40.00000000  2188.09475747  0.99000000
0.01145168  38.00000000  0.01145168  40.00000000  2188.42098499  0.99000000
0.02925514  38.00000000  0.02925514  40.00000000  2189.56379366  0.99000000
0.01145168  38.00000000  0.01145168  40.00000000  2188.42098499  0.99000000
0.02925514  38.00000000  0.02925514  40.00000000  2189.56379366  0.99000000
0.01269187  36.00000000  0.00584808  40.00000000  2189.49976493  0.99000000
0.00026911  32.00000000  0.00014793  40.00000000  2188.04103030  0.99000000
0.00026911  32.00000000  0.00014793  40.00000000  2188.04103030  0.99000000
0.00605373  38.00000000  0.00605373  40.00000000  2198.71901969  0.99000000
0.00902344  38.00000000  0.00902344  40.00000000  2188.41778601  0.99000000
0.02193601  38.00000000  0.02193601  40.00000000  2189.52740505  0.99000000
0.03126819  38.00000000  0.03126819  40.00000000  2189.58344014  0.99000000
0.00434172  38.00000000  0.00434172  40.00000000  2189.48030251  0.99000000
0.02921210  38.00000000  0.02921210  40.00000000  2189.56343007  0.99000000
0.04999333  38.00000000  0.04999333  40.00000000  2192.49310064  0.99000000
0.04999333  38.00000000  0.04999333  40.00000000  2192.49310064  0.99000000
0.00046254  37.00000000  0.00045964  40.00000000  2208.83990772  0.99000000
0.05253781  38.00000000  0.05253781  40.00000000  2192.54716044  0.99000000
0.02376952  38.00000000  0.02376952  40.00000000  2189.54136257  0.99000000
0.05274187  38.00000000  0.05274187  40.00000000  2192.55132029  0.99000000
0.02376952  38.00000000  0.02376952  40.00000000  2189.54136257  0.99000000
0.03851195  38.00000000  0.03851195  40.00000000  2192.39875798  0.99000000
0.03870615  38.00000000  0.03870615  40.00000000  2192.40848549  0.99000000
0.03870615  38.00000000  0.03870615  40.00000000  2192.40848549  0.99000000
0.04038587  38.00000000  0.04038587  40.00000000  2192.47029821  0.99000000
0.00861128  38.00000000  0.00861128  40.00000000  2192.20349167  0.99000000
0.01086626  34.00000000  0.00644934  40.00000000  1977.49965386  0.99000000
0.02651255  38.00000000  0.02651255  40.00000000  2190.57741161  0.99000000
0.01190859  38.00000000  0.01190859  40.00000000  2190.52195648  0.99000000
0.01126407  38.00000000  0.01126407  40.00000000  2193.27768228  0.99000000
0.03625748  38.00000000  0.03625748  40.00000000  2195.93496090  0.99000000
0.00012536  28.00000000  0.00007863  40.00000000  2189.09149697  0.99000000
0.01178197  38.00000000  0.01178197  40.00000000  2192.60617632  0.99000000
0.01194453  38.00000000  0.01194453  40.00000000  2192.60716529  0.99000000
0.01009206  38.00000000  0.01009206  40.00000000  2192.60056255  0.99000000
0.03604034  38.00000000  0.03604034  40.00000000  2195.79878662  0.99000000
0.02444815  38.00000000  0.02444815  40.00000000  2192.28620770  0.99000000
0.01250949  38.00000000  0.01250949  40.00000000  2193.29008196  0.99000000
0.02443813  38.00000000  0.02443813  40.00000000  2192.28052313  0.99000000
0.02443813  38.00000000  0.02443813  40.00000000  2192.28052313  0.99000000
0.07052491  38.00000000  0.07052491  40.00000000  2206.54504547  0.99000000
0.02443813  38.00000000  0.02443813  40.00000000  2192.28052313  0.99000000
0.02443813  38.00000000  0.02443813  40.00000000  2192.28052313  0.99000000
0.00020942  38.00000000  0.00020942  40.00000000  2192.02393270  0.99000000
0.03385782  38.00000000  0.03385782  40.00000000  2198.23515845  0.99000000
0.00005683  25.00000000  0.00000239  40.00000000  2113.22490573  0.99000000
0.00014240  30.00000000  0.00001883  40.00000000  2192.02392292  0.99000000
0.00014240  30.00000000  0.00001883  40.00000000  2192.02392292  0.99000000
0.00014240  30.00000000  0.00001883  40.00000000  2192.02392292  0.99000000
0.00012639  30.00000000  0.00001679  40.00000000  2197.43773953  0.99000000
0.00017726  38.00000000  0.00017726  40.00000000  2197.43774613  0.99000000
0.00287627  38.00000000  0.00287627  40.00000000  2199.88911154  0.99000000
0.00017726  38.00000000  0.00017726  40.00000000  2197.43774613  0.99000000
0.00010120  36.00000000  0.00009704  40.00000000  2211.54523051  0.99000000
0.00138071  38.00000000  0.00138071  40.00000000  2197.51554035  0.99000000
0.00245840  38.00000000  0.00245840  40.00000000  2197.43855773  0.99000000
0.00356980  38.00000000  0.00356980  40.00000000  2189.47426160  0.99000000
0.00271725  38.00000000  0.00271725  40.00000000  2192.02495969  0.99000000
0.00577241  37.00000000  0.00575163  40.00000000  2195.37421187  0.99000000
0.01686060  38.00000000  0.01686060  40.00000000  2197.43953653  0.99000000
0.01683756  38.00000000  0.01683756  40.00000000  2197.44457201  0.99000000
0.01686060  38.00000000  0.01686060  40.00000000  2197.43953653  0.99000000
0.01683756  38.00000000  0.01683756  40.00000000  2197.44457201  0.99000000
0.02040320  37.00000000  0.02019795  40.00000000  2205.98537255  0.99000000
0.03154293  38.00000000  0.03154293  40.00000000  2206.07312936  0.99000000
0.00017107  37.00000000  0.00016271  40.00000000  2195.34238996  0.99000000
0.02453100  38.00000000  0.02453100  40.00000000  2195.41813611  0.99000000
0.00014198  28.00000000  0.00003567  40.00000000  2239.49105534  0.99000000
0.01679028  38.00000000  0.01679028  40.00000000  2197.43153877  0.99000000
0.00781458  38.00000000  0.00781458  40.00000000  2198.71739821  0.99000000
0.00022699  38.00000000  0.00022699  40.00000000  1422.90310569  0.99000000
0.02982844  38.00000000  0.02982844  40.00000000  2207.14099614  0.99000000
0.00646940  36.00000000  0.00614223  40.00000000  2208.88991360  0.99000000
0.02380875  38.00000000  0.02380875  40.00000000  2200.48723520  0.99000000
0.02357911  38.00000000  0.02357911  40.00000000  2200.49791164  0.99000000
0.02357911  38.00000000  0.02357911  40.00000000  2200.49791164  0.99000000
0.02434187  38.00000000  0.02434187  40.00000000  2200.49658675  0.99000000
0.00004268  29.00000000  0.00002268  40.00000000  1947.28232002  0.99000000
0.02493197  38.00000000  0.02493197  40.00000000  2200.49157348  0.99000000
0.03129046  38.00000000  0.03129046  40.00000000  2164.29139611  0.99000000
0.02434187  38.00000000  0.02434187  40.00000000  2200.49658675  0.99000000
0.00024644  38.00000000  0.00024644  40.00000000  1301.21135325  0.99000000
0.00752694  37.00000000  0.00722782  40.00000000  2201.78916609  0.99000000
0.03573741  38.00000000  0.03573741  40.00000000  2208.05575100  0.99000000
0.02412194  38.00000000  0.02412194  40.00000000  2200.51702575  0.99000000
0.03115788  38.00000000  0.03115788  40.00000000  2208.03705220  0.99000000
0.01883174  38.00000000  0.01883174  40.00000000  2200.48946387  0.99000000
0.00311374  38.00000000  0.00311374  40.00000000  2206.95982965  0.99000000
0.00848949  38.00000000  0.00848949  40.00000000  2206.96965745  0.99000000
0.02481477  38.00000000  0.02481477  40.00000000  2218.51887281  0.99000000
0.03046658  38.00000000  0.03046658  40.00000000  2208.16934170  0.99000000
0.00453660  36.00000000  0.00433513  40.00000000  2207.95970891  0.99000000
0.03046658  38.00000000  0.03046658  40.00000000  2208.16934170  0.99000000
0.04089046  37.00000000  0.03950211  40.00000000  2234.72789625  0.99000000
