39
4
60
38
30
14
34
30
28
1
2
17
57
3
20
58
4
27
5
16
6
1
7
3
62
8
2
9
41
10
33
31
11
12
24
13
13
2
14
1
3
15
2
5
17
29
18
53
64
45
63
20
21
9
34
22
23
23
63
49
37
62
26
59
27
27
28
40
28
63
17
60
61
61
31
59
6
45
46
34
54
53
12
59
8
55
50
8
39
51
39
52
53
60
54
61
17
55
44
56
57
45
45
17
18
27
64
60
33
34
7
64
62
63
2
1
4
10
54
39
11
12
6
53
53
34
64
64
64
61
39
63
61
64
63
63
64
63
63
20
63
25
63
51
64
63
63
63
63
62
63
59
62
63
28
63
63
63
63
63
64
64
63
64
54
63
61
20
63
54
59
63
3
63
64
23
