31
14
39
16
24
53
42
1
1
55
2
2
2
3
14
4
4
3
5
30
64
6
7
7
34
8
20
9
5
10
10
44
11
12
12
25
64
14
10
14
15
11
1
8
17
64
18
6
31
19
49
20
33
4
21
1
35
62
16
24
25
64
56
13
52
27
40
21
29
42
30
30
43
64
32
44
25
45
34
33
34
62
60
15
30
49
59
23
31
51
39
16
7
53
42
54
43
55
59
2
64
24
57
45
58
60
63
59
64
32
7
7
62
42
43
63
12
63
43
44
55
53
12
47
56
50
48
14
63
63
64
63
63
64
64
63
63
63
64
63
63
62
63
62
63
62
63
64
64
23
64
38
63
63
62
62
64
42
61
64
43
64
62
63
62
58
63
33
14
62
60
64
64
49
9
59
