51
55
40
52
59
8
8
1
1
21
2
2
18
3
0
4
4
16
5
60
49
6
7
7
62
8
32
9
21
10
7
11
11
12
56
12
13
25
44
15
28
15
16
28
17
5
62
18
19
15
32
15
8
34
22
7
23
57
24
37
24
25
26
19
21
47
2
28
41
29
0
30
43
5
60
32
17
33
46
27
35
54
35
60
27
28
50
50
51
32
40
52
59
28
61
42
55
56
44
2
31
57
59
58
4
46
40
60
49
6
7
30
62
8
51
31
64
33
33
10
11
48
56
32
13
25
44
64
61
61
63
61
59
60
62
63
46
58
63
64
64
64
64
64
64
64
64
63
63
63
63
64
63
47
63
48
41
63
60
62
54
63
60
32
0
63
62
46
64
64
45
60
27
50
61
64
