15
0
12
17
53
53
10
1
1
55
2
2
25
3
41
4
4
47
5
17
6
64
7
7
4
8
52
9
7
10
3
11
11
24
62
13
47
13
14
55
28
60
16
10
29
17
18
49
13
19
32
8
21
42
34
22
35
23
48
37
37
38
26
5
39
61
28
41
48
29
42
50
43
31
13
32
13
33
46
14
47
48
35
36
32
30
50
28
64
0
52
40
11
53
54
1
42
55
61
56
64
3
57
58
4
47
33
4
6
64
61
7
46
23
63
64
44
10
24
11
11
34
9
13
54
13
64
63
61
63
63
63
63
63
63
60
63
63
64
60
63
16
63
61
63
23
64
64
24
63
62
64
63
63
62
49
64
64
42
62
64
60
20
64
53
62
60
14
63
48
35
36
63
29
12
64
