37
35
32
53
33
27
61
1
1
55
13
2
47
3
54
4
4
2
5
28
2
6
7
19
28
64
47
9
5
10
32
11
35
12
12
13
13
37
26
14
64
50
16
6
17
39
18
6
31
16
20
3
59
33
34
22
23
23
24
43
25
38
63
38
25
27
47
46
41
52
6
42
31
43
32
32
51
32
20
33
47
55
35
36
49
0
50
35
37
51
52
53
61
41
61
59
41
55
61
56
62
3
19
45
58
59
63
27
60
47
61
49
62
64
52
63
25
10
32
64
35
12
36
34
12
37
57
64
64
64
60
63
64
63
63
63
63
55
63
62
56
63
43
22
63
63
63
63
63
63
63
63
63
27
63
62
63
58
26
12
63
43
59
62
51
63
58
33
30
11
35
36
63
61
50
35
