51
39
40
16
53
41
18
1
1
12
2
2
2
3
57
4
4
4
5
60
6
6
6
7
19
8
0
9
29
10
31
11
11
23
31
13
13
13
5
14
15
28
16
11
17
2
30
2
59
19
20
62
21
1
22
22
47
0
43
24
37
38
4
26
21
46
28
40
28
5
29
42
31
43
31
44
61
7
46
6
34
19
48
36
49
20
50
38
51
39
40
52
53
41
54
25
42
55
43
56
63
57
57
19
58
41
59
60
28
60
38
7
18
8
45
40
27
64
37
11
40
56
43
13
13
13
50
64
61
63
59
61
17
63
62
56
47
63
20
62
63
43
55
63
62
2
63
55
56
63
62
63
53
63
63
57
64
61
64
64
63
62
64
62
63
63
46
64
11
64
61
64
55
63
50
38
