51
39
59
57
59
12
28
1
26
1
2
2
57
3
34
4
4
40
5
32
6
54
7
26
62
8
2
21
44
10
62
11
23
12
12
54
13
3
14
9
15
28
49
28
17
29
64
18
39
19
1
40
21
33
22
16
8
10
36
15
15
25
38
57
27
63
27
21
41
1
42
30
50
44
25
45
32
61
52
54
53
47
35
12
19
36
50
56
51
39
52
57
59
58
24
54
35
41
44
56
57
3
0
4
46
40
63
48
60
39
50
35
62
64
31
63
27
3
36
46
12
42
1
54
52
41
14
64
61
63
12
62
63
29
64
63
63
63
63
64
63
63
63
63
63
16
63
59
63
59
63
63
61
63
45
63
59
1
64
61
64
59
64
62
32
64
62
54
35
48
64
53
21
63
43
23
