33
39
52
0
30
53
34
1
1
24
2
1
2
3
35
4
4
2
5
35
6
6
7
7
62
8
20
9
45
7
10
31
11
12
12
39
13
8
14
4
15
49
28
16
17
64
18
13
19
31
20
32
4
21
22
50
22
35
2
49
25
63
50
7
39
26
16
28
29
41
15
42
49
31
51
9
45
33
21
46
53
63
20
35
11
49
22
20
23
39
52
26
63
53
59
54
21
43
2
56
9
3
32
27
58
2
47
35
19
60
31
42
62
63
47
52
64
54
32
19
11
56
12
33
53
8
14
64
64
64
61
63
59
63
63
63
63
61
63
58
63
64
63
63
63
63
63
64
63
63
64
64
63
64
62
64
4
64
63
63
61
63
62
55
63
62
21
62
26
63
61
35
9
64
19
59
