0 7 1 11 11 3 3 3 3 3 11 11 11 11 0 0 6 6 6 6 6 6 6 9 9 9 9 11 11 11 11 11 11 11 11 3 3 3 3 3 3 3 3 3 3 3 3 3 3 3 3 3 3 0 0 0 0 3 3 3
0 7 7 1 11 11 3 3 3 3 3 11 11 11 11 11 0 0 0 6 4 4 9 9 9 9 9 9 9 9 9 11 11 11 11 11 11 11 3 3 3 3 3 3 3 3 3 4 4 4 4 4 4 4 7 7 7 7 7 11
0 7 7 7 7 7 11 11 11 11 11 11 11 11 11 11 11 11 11 4 11 11 11 11 11 11 11 11 0 0 0 0 0 0 0 7 0 0 0 11 11 11 11 11 11 11 11 11 11 11 11 11 11 11 11 11 3 3 3 3
0 7 7 7 7 7 11 11 11 11 11 11 11 11 11 11 11 11 11 11 11 3 3 3 3 3 3 3 3 3 3 3 3 3 11 11 11 0 11 11 11 11 11 11 11 11 11 11 10 11 3 3 3 3 3 3 3 3 3 3
0 7 7 7 7 7 11 11 11 11 11 11 11 3 1 1 1 1 1 11 11 11 11 11 11 3 11 11 1 0 0 4 7 7 7 7 7 7 7 7 11 11 11 11 11 11 11 11 11 11 11 11 11 0 0 0 0 7 11 11
0 7 7 7 7 7 11 11 11 11 11 11 11 11 11 11 11 11 11 11 11 3 3 3 3 5 11 11 11 11 11 11 11 11 11 11 11 11 11 11 11 10 3 3 3 3 3 3 3 3 3 3 3 3 0 0 0 0 0 0
0 7 7 7 7 1 11 11 11 11 11 11 11 11 11 11 11 11 11 6 6 6 6 6 6 9 11 11 11 11 11 11 11 11 11 11 6 11 3 3 0 0 3 11 11 1 1 1 1 1 1 1 4 6 3 12 11 11 11 11
9 3 6 5 3 3 9 3 6 9 10 8 12 4 1 12 8 12 9 11 12 11 1 9 5 11 4 2 8 10 9 2 8 3 5 6 2 6 12 2 10 2 11 4 4 5 4 4 0 1 0 12 6 3 3 7 7 7 5 3
1 3 3 3 3 3 11 11 11 11 11 6 6 6 6 6 6 6 6 6 9 9 11 12 11 11 11 11 11 11 11 3 3 3 3 3 3 3 3 3 3 3 3 3 3 3 3 3 3 3 0 0 0 0 0 7 0 11 9 12
0 1 11 3 3 3 3 3 11 11 11 11 11 0 6 6 6 6 6 6 6 6 9 9 11 11 11 11 11 11 11 11 11 3 3 3 3 3 3 3 3 3 3 3 3 3 3 3 3 3 3 3 0 0 0 0 0 7 0 11
