# Results obtained using DQN. CPU time: 34.170114517211914
0.00069212  58.00000000  0.00069212  60.00000000  1252.69487129  0.00000000
0.00120354  51.00000000  0.00021501  60.00000000  1648.44387657  0.00000000
0.00037435  57.00000000  0.00034453  60.00000000  1308.39477613  0.00000000
0.00061810  50.00000000  0.00029600  60.00000000  1356.02665996  0.00000000
0.00593513  58.00000000  0.00593513  60.00000000  1475.68093440  0.00000000
0.00038743  44.00000000  0.00028779  60.00000000  2235.60923455  0.00000000
0.00116818  58.00000000  0.00116818  60.00000000  1399.00906393  0.00000000
0.10198025  58.00000000  0.10198025  60.00000000  2106.84920835  0.00000000
0.00054810  56.00000000  0.00048400  60.00000000  1576.10088515  0.01147287
0.00195376  54.00000000  0.00130009  60.00000000  1714.27863587  0.03114064
0.00054853  51.00000000  0.00031133  60.00000000  1285.62861413  0.05080841
0.00009663  53.00000000  0.00000100  60.00000000  1185.22220659  0.07047619
0.00027229  52.00000000  0.00020975  60.00000000  1097.88490869  0.09014396
0.00372509  58.00000000  0.00372509  60.00000000  2677.14348088  0.10981173
0.00166824  50.00000000  0.00140596  60.00000000  1551.96031676  0.12947950
0.00126440  58.00000000  0.00126440  60.00000000  1434.28799136  0.14914728
0.00145486  52.00000000  0.00022670  60.00000000  1352.41932208  0.16881505
0.00559138  58.00000000  0.00559138  60.00000000  1388.64866547  0.18848282
0.00597160  58.00000000  0.00597160  60.00000000  1306.23878164  0.20815060
0.00005931  58.00000000  0.00005931  60.00000000  1335.59417908  0.22781837
0.00161375  58.00000000  0.00161375  60.00000000  2953.05473870  0.24748614
0.00228431  54.00000000  0.00076643  60.00000000  1789.64351039  0.26715391
0.00238633  42.00000000  0.00194860  60.00000000  2044.08401838  0.28682169
0.00084987  58.00000000  0.00084987  60.00000000  1926.87908138  0.30648946
0.00169312  58.00000000  0.00169312  60.00000000  2096.06743310  0.32615723
0.00061961  55.00000000  0.00012901  60.00000000  2010.60309425  0.34582501
0.01237738  58.00000000  0.01237738  60.00000000  1684.69343021  0.36549278
0.00015997  58.00000000  0.00015997  60.00000000  1481.41913591  0.38516055
0.01124292  58.00000000  0.01124292  60.00000000  2377.20502608  0.40482833
0.00002998  34.00000000  0.00000941  60.00000000  2667.63723303  0.42449610
0.00459377  49.00000000  0.00112932  60.00000000  1741.13484647  0.44416387
0.01197906  57.00000000  0.01061305  60.00000000  3188.28782851  0.46383164
0.00143841  45.00000000  0.00088923  60.00000000  1356.16263558  0.48349942
0.00926870  57.00000000  0.00856895  60.00000000  2321.44852888  0.50316719
0.01504635  55.00000000  0.00921178  60.00000000  1903.96985840  0.52283496
0.00173693  55.00000000  0.00105427  60.00000000  3067.31458005  0.54250274
0.02711263  56.00000000  0.02604440  60.00000000  1683.78142031  0.56217051
0.00413619  50.00000000  0.00333280  60.00000000  2892.22382114  0.58183828
0.00056029  57.00000000  0.00022632  60.00000000  1803.44328319  0.60150605
0.00134577  58.00000000  0.00134577  60.00000000  1849.47681209  0.62117383
0.00163154  43.00000000  0.00118048  60.00000000  2132.94856734  0.64084160
0.00895942  55.00000000  0.00264775  60.00000000  3623.02605114  0.66050937
0.00011026  56.00000000  0.00003732  60.00000000  1247.13519784  0.68017715
0.07511953  56.00000000  0.06886157  60.00000000  2298.96549541  0.69984492
0.00278360  47.00000000  0.00140842  60.00000000  2088.15163728  0.71951269
0.01414023  52.00000000  0.01397550  60.00000000  2522.29970391  0.73918046
0.02585920  57.00000000  0.02560214  60.00000000  3405.30246776  0.75884824
0.03466950  58.00000000  0.03466950  60.00000000  1503.98190949  0.77851601
0.00969487  49.00000000  0.00155776  60.00000000  3278.57921487  0.79818378
0.07178497  49.00000000  0.02915325  60.00000000  2238.15650351  0.81785156
0.03673463  58.00000000  0.03673463  60.00000000  3183.88216662  0.83751933
0.00132355  58.00000000  0.00132355  60.00000000  3343.27818224  0.85718710
0.04462005  57.00000000  0.04413716  60.00000000  3410.62718958  0.87685487
0.17834422  55.00000000  0.16012798  60.00000000  2601.91422383  0.89652265
0.17671091  56.00000000  0.17299506  60.00000000  2131.58444897  0.91619042
0.33424292  58.00000000  0.33424292  60.00000000  3655.82498535  0.93585819
0.02194221  57.00000000  0.02088705  60.00000000  3619.54067911  0.95552597
0.04552332  49.00000000  0.00722021  60.00000000  3647.80071600  0.97519374
0.04557088  57.00000000  0.04054172  60.00000000  3648.13331210  0.99000000
0.04557088  57.00000000  0.04054172  60.00000000  3648.13331210  0.99000000
0.04557088  57.00000000  0.04054172  60.00000000  3648.13331210  0.99000000
0.04557088  57.00000000  0.04054172  60.00000000  3648.13331210  0.99000000
0.04552332  49.00000000  0.03127099  60.00000000  3647.87165162  0.99000000
0.04557088  57.00000000  0.04054172  60.00000000  3648.13331210  0.99000000
0.08232773  58.00000000  0.08232773  60.00000000  3648.62975155  0.99000000
0.04552332  49.00000000  0.02807744  60.00000000  3648.03690050  0.99000000
0.04557088  57.00000000  0.04054172  60.00000000  3648.13331210  0.99000000
0.03001595  49.00000000  0.02780475  60.00000000  3320.08770425  0.99000000
0.04557088  57.00000000  0.04054172  60.00000000  3648.13331210  0.99000000
0.03783128  47.00000000  0.03534874  60.00000000  3181.46787645  0.99000000
0.08189692  58.00000000  0.08189692  60.00000000  3648.53610484  0.99000000
0.04557088  57.00000000  0.04054172  60.00000000  3648.13331210  0.99000000
0.06498567  53.00000000  0.02342047  60.00000000  3648.48861459  0.99000000
0.04557088  57.00000000  0.04054172  60.00000000  3648.13331210  0.99000000
0.02234540  56.00000000  0.02113393  60.00000000  3654.22632008  0.99000000
0.04557088  57.00000000  0.04054172  60.00000000  3648.13331210  0.99000000
0.05804173  55.00000000  0.03788628  60.00000000  3648.19698482  0.99000000
0.04557088  57.00000000  0.04054172  60.00000000  3648.13331210  0.99000000
0.40508294  53.00000000  0.15086069  60.00000000  2201.54023423  0.99000000
0.04557088  57.00000000  0.04054172  60.00000000  3648.13331210  0.99000000
0.04044983  57.00000000  0.03623591  60.00000000  3644.19549584  0.99000000
0.04557088  57.00000000  0.04054172  60.00000000  3648.13331210  0.99000000
0.04557088  57.00000000  0.04054172  60.00000000  3648.13331210  0.99000000
0.04557088  57.00000000  0.04054172  60.00000000  3648.13331210  0.99000000
0.04557088  57.00000000  0.04054172  60.00000000  3648.13331210  0.99000000
0.04557088  57.00000000  0.04054172  60.00000000  3648.13331210  0.99000000
0.04546031  44.00000000  0.01427977  60.00000000  3647.72465844  0.99000000
0.04557088  57.00000000  0.04054172  60.00000000  3648.13331210  0.99000000
0.01900328  58.00000000  0.01900328  60.00000000  3662.26976985  0.99000000
0.04517191  57.00000000  0.04020798  60.00000000  3648.07349292  0.99000000
0.04557088  57.00000000  0.04054172  60.00000000  3648.13331210  0.99000000
0.04557088  57.00000000  0.04054172  60.00000000  3648.13331210  0.99000000
0.01096946  51.00000000  0.01069052  60.00000000  3613.35879881  0.99000000
0.08346593  54.00000000  0.05616138  60.00000000  3650.75012682  0.99000000
0.04557088  57.00000000  0.04054172  60.00000000  3648.13331210  0.99000000
0.06339238  45.00000000  0.03842867  60.00000000  3649.30512824  0.99000000
0.04557088  57.00000000  0.04054172  60.00000000  3648.13331210  0.99000000
0.00076641  58.00000000  0.00076641  60.00000000  3427.50627694  0.99000000
0.04557088  57.00000000  0.04054172  60.00000000  3648.13331210  0.99000000
0.00143561  58.00000000  0.00143561  60.00000000  3665.74294181  0.99000000
0.04557088  57.00000000  0.04054172  60.00000000  3648.13331210  0.99000000
0.04547177  49.00000000  0.04023662  60.00000000  3646.88442834  0.99000000
0.04557088  57.00000000  0.04054172  60.00000000  3648.13331210  0.99000000
0.01984206  58.00000000  0.01984206  60.00000000  3627.21934263  0.99000000
0.04557088  57.00000000  0.04054172  60.00000000  3648.13331210  0.99000000
0.04557088  57.00000000  0.04054172  60.00000000  3648.13331210  0.99000000
0.04505934  36.00000000  0.01087467  60.00000000  3646.69794259  0.99000000
0.04557088  57.00000000  0.04054172  60.00000000  3648.13331210  0.99000000
0.06118933  58.00000000  0.06118933  60.00000000  3648.07935266  0.99000000
0.04557088  57.00000000  0.04054172  60.00000000  3648.13331210  0.99000000
0.04557088  57.00000000  0.04054172  60.00000000  3648.13331210  0.99000000
0.04519655  39.00000000  0.03077850  60.00000000  3648.01346896  0.99000000
0.04557088  57.00000000  0.04054172  60.00000000  3648.13331210  0.99000000
0.04557088  57.00000000  0.04054172  60.00000000  3648.13331210  0.99000000
0.04557088  57.00000000  0.04054172  60.00000000  3648.13331210  0.99000000
0.06174565  58.00000000  0.06174565  60.00000000  3650.24924101  0.99000000
0.04557088  57.00000000  0.04054172  60.00000000  3648.13331210  0.99000000
0.04557088  57.00000000  0.04054172  60.00000000  3648.13331210  0.99000000
0.03703858  57.00000000  0.03332671  60.00000000  3637.76660976  0.99000000
0.03762624  54.00000000  0.03630861  60.00000000  2776.88448197  0.99000000
0.04553535  57.00000000  0.04051052  60.00000000  3648.14085978  0.99000000
0.04557088  57.00000000  0.04054172  60.00000000  3648.13331210  0.99000000
0.00143561  58.00000000  0.00143561  60.00000000  3665.74294181  0.99000000
0.06760365  45.00000000  0.04013933  60.00000000  3650.67844280  0.99000000
0.15653705  54.00000000  0.05660687  60.00000000  3277.46899023  0.99000000
0.02354497  58.00000000  0.02354497  60.00000000  3673.26399468  0.99000000
0.15890064  55.00000000  0.12328979  60.00000000  1565.66173003  0.99000000
0.04557071  57.00000000  0.04054157  60.00000000  3648.13349757  0.99000000
0.04505934  36.00000000  0.01088159  60.00000000  3646.81017920  0.99000000
0.04557088  57.00000000  0.04054172  60.00000000  3648.13331210  0.99000000
0.04452619  57.00000000  0.03970074  60.00000000  3648.82292564  0.99000000
0.04557084  57.00000000  0.04054169  60.00000000  3648.13329596  0.99000000
0.04557088  57.00000000  0.04054172  60.00000000  3648.13331210  0.99000000
0.04557088  57.00000000  0.04054172  60.00000000  3648.13331210  0.99000000
0.04557088  57.00000000  0.04054172  60.00000000  3648.13331210  0.99000000
0.11418217  48.00000000  0.04936842  60.00000000  3654.70051513  0.99000000
0.04557071  57.00000000  0.04054157  60.00000000  3648.13349733  0.99000000
0.04557088  57.00000000  0.04054172  60.00000000  3648.13331210  0.99000000
0.04557088  57.00000000  0.04054172  60.00000000  3648.13331210  0.99000000
0.04557088  57.00000000  0.04054172  60.00000000  3648.13331210  0.99000000
0.04557088  57.00000000  0.04054172  60.00000000  3648.13331210  0.99000000
0.04557088  57.00000000  0.04054172  60.00000000  3648.13331210  0.99000000
0.04556571  57.00000000  0.04053722  60.00000000  3648.13794392  0.99000000
0.04142440  57.00000000  0.03709252  60.00000000  3648.86253479  0.99000000
0.04519655  39.00000000  0.03157245  60.00000000  3647.32232949  0.99000000
0.04557088  57.00000000  0.04054172  60.00000000  3648.13331210  0.99000000
0.06772287  58.00000000  0.06772287  60.00000000  3650.92193183  0.99000000
0.04557088  57.00000000  0.04054172  60.00000000  3648.13331210  0.99000000
0.00531066  58.00000000  0.00531066  60.00000000  3628.02949820  0.99000000
0.43185492  51.00000000  0.22819254  60.00000000  2671.09398856  0.99000000
0.04285660  57.00000000  0.03827029  60.00000000  3647.00040604  0.99000000
0.04557088  57.00000000  0.04054172  60.00000000  3648.13331210  0.99000000
0.04557088  57.00000000  0.04054172  60.00000000  3648.13331210  0.99000000
0.04546031  44.00000000  0.00942532  60.00000000  3647.67686514  0.99000000
0.04557088  57.00000000  0.04054172  60.00000000  3648.13331210  0.99000000
0.04557008  57.00000000  0.04053888  60.00000000  3648.13256586  0.99000000
0.04557088  57.00000000  0.04054172  60.00000000  3648.13331210  0.99000000
0.01709818  57.00000000  0.01696552  60.00000000  3355.05196443  0.99000000
0.00107222  56.00000000  0.00063917  60.00000000  2757.23275259  0.99000000
0.04557088  57.00000000  0.04054172  60.00000000  3648.13331210  0.99000000
0.04482463  34.00000000  0.01080649  60.00000000  3646.89099753  0.99000000
0.01384623  52.00000000  0.00625031  60.00000000  3659.32685657  0.99000000
0.04557088  57.00000000  0.04054172  60.00000000  3648.13331210  0.99000000
0.04154110  34.00000000  0.04038067  60.00000000  3645.12457425  0.99000000
0.37253800  54.00000000  0.25030869  60.00000000  1856.21858772  0.99000000
0.06498569  53.00000000  0.03099635  60.00000000  3648.36436758  0.99000000
0.00105351  57.00000000  0.00096156  60.00000000  3657.95659708  0.99000000
0.06339238  45.00000000  0.06292168  60.00000000  3649.41724536  0.99000000
0.04557088  57.00000000  0.04054172  60.00000000  3648.13331210  0.99000000
0.04557088  57.00000000  0.04054172  60.00000000  3648.13331210  0.99000000
0.04557101  57.00000000  0.04054185  60.00000000  3648.13344156  0.99000000
0.04557088  57.00000000  0.04054172  60.00000000  3648.13331210  0.99000000
0.05905477  42.00000000  0.05663432  60.00000000  3639.40600717  0.99000000
0.04557088  57.00000000  0.04054172  60.00000000  3648.13331210  0.99000000
0.04557088  57.00000000  0.04054172  60.00000000  3648.13331210  0.99000000
0.04557088  57.00000000  0.04054172  60.00000000  3648.13331210  0.99000000
0.05046941  53.00000000  0.01766070  60.00000000  3648.31456009  0.99000000
0.04546031  44.00000000  0.03498954  60.00000000  3647.81575379  0.99000000
0.04557088  57.00000000  0.04054172  60.00000000  3648.13331210  0.99000000
0.04557088  57.00000000  0.04054172  60.00000000  3648.13331210  0.99000000
0.05575867  58.00000000  0.05575867  60.00000000  3247.48952998  0.99000000
0.04557088  57.00000000  0.04054172  60.00000000  3648.13331210  0.99000000
0.06156981  53.00000000  0.01863139  60.00000000  3650.09781296  0.99000000
0.04557088  57.00000000  0.04054172  60.00000000  3648.13331210  0.99000000
0.04557088  57.00000000  0.04054172  60.00000000  3648.13331210  0.99000000
0.04557088  57.00000000  0.04054172  60.00000000  3648.13331210  0.99000000
0.03615289  58.00000000  0.03615289  60.00000000  3623.19411882  0.99000000
0.04557088  57.00000000  0.04054172  60.00000000  3648.13331210  0.99000000
0.04557088  57.00000000  0.04054172  60.00000000  3648.13331210  0.99000000
0.44964538  55.00000000  0.32548951  60.00000000  3608.17304768  0.99000000
0.04557088  57.00000000  0.04054172  60.00000000  3648.13331210  0.99000000
0.04557008  57.00000000  0.04053888  60.00000000  3648.13256590  0.99000000
0.04557088  57.00000000  0.04054172  60.00000000  3648.13331210  0.99000000
0.04557088  57.00000000  0.04054172  60.00000000  3648.13331210  0.99000000
0.04557088  57.00000000  0.04054172  60.00000000  3648.13331210  0.99000000
0.05877759  58.00000000  0.05877759  60.00000000  3648.29848397  0.99000000
0.04557088  57.00000000  0.04054172  60.00000000  3648.13331210  0.99000000
0.04452619  57.00000000  0.03970074  60.00000000  3648.82292564  0.99000000
0.04557088  57.00000000  0.04054172  60.00000000  3648.13331210  0.99000000
0.04557088  57.00000000  0.04054172  60.00000000  3648.13331210  0.99000000
0.04557088  57.00000000  0.04054172  60.00000000  3648.13331210  0.99000000
