# Results obtained using DQN. CPU time: 16.145200729370117
0.01378306  57.00000000  0.01343226  60.00000000  2270.25487720  0.00000000
0.00681795  54.00000000  0.00205516  60.00000000  1695.08211619  0.00000000
0.00486539  56.00000000  0.00020792  60.00000000  1454.22246072  0.00000000
0.00019172  58.00000000  0.00019172  60.00000000  2127.63124330  0.00000000
0.00326361  55.00000000  0.00205139  60.00000000  1222.68333666  0.00000000
0.00072411  52.00000000  0.00065102  60.00000000  2103.43297943  0.00000000
0.00294845  58.00000000  0.00294845  60.00000000  1538.77712350  0.00000000
0.00570640  58.00000000  0.00570640  60.00000000  1629.30529762  0.00000000
0.00014006  58.00000000  0.00014006  60.00000000  1579.98024691  0.00640867
0.01288741  58.00000000  0.01288741  60.00000000  2116.74149655  0.01739496
0.00018821  58.00000000  0.00018821  60.00000000  1251.77219178  0.02838124
0.00313517  58.00000000  0.00313517  60.00000000  1245.37533491  0.03936753
0.00364746  58.00000000  0.00364746  60.00000000  1587.86077977  0.05035382
0.00316907  55.00000000  0.00184670  60.00000000  2242.20304455  0.06134011
0.00426914  57.00000000  0.00414090  60.00000000  1300.42891563  0.07232640
0.01575941  53.00000000  0.00365437  60.00000000  2705.80998404  0.08331268
0.00528814  58.00000000  0.00528814  60.00000000  1746.73396917  0.09429897
0.00009986  56.00000000  0.00005944  60.00000000  1585.33509492  0.10528526
0.00068143  53.00000000  0.00006027  60.00000000  2116.91919511  0.11627155
0.00582189  57.00000000  0.00515144  60.00000000  2835.92740503  0.12725783
0.00066502  55.00000000  0.00042371  60.00000000  1495.68778843  0.13824412
0.04714294  58.00000000  0.04714294  60.00000000  2275.99519041  0.14923041
0.01225048  58.00000000  0.01225048  60.00000000  1704.39262638  0.16021670
0.00660268  56.00000000  0.00621772  60.00000000  2066.76808813  0.17120299
0.00225731  56.00000000  0.00194970  60.00000000  1186.82700934  0.18218927
0.00030960  53.00000000  0.00002143  60.00000000  1935.22625116  0.19317556
0.00633958  58.00000000  0.00633958  60.00000000  1266.39854571  0.20416185
0.00017792  49.00000000  0.00007913  60.00000000  1903.44524982  0.21514814
0.01042850  58.00000000  0.01042850  60.00000000  1884.41049551  0.22613443
0.00241092  58.00000000  0.00241092  60.00000000  1646.33375548  0.23712071
0.00022211  58.00000000  0.00022211  60.00000000  1237.25843238  0.24810700
0.00040213  58.00000000  0.00040213  60.00000000  1932.09792608  0.25909329
0.02176247  56.00000000  0.01844089  60.00000000  1679.00959440  0.27007958
0.00067091  49.00000000  0.00006522  60.00000000  1642.66286250  0.28106586
0.00057458  57.00000000  0.00053739  60.00000000  2169.95363592  0.29205215
0.00037169  50.00000000  0.00037058  60.00000000  1827.69735314  0.30303844
0.00122040  58.00000000  0.00122040  60.00000000  2048.56139887  0.31402473
0.00469027  58.00000000  0.00469027  60.00000000  2500.89733496  0.32501102
0.00159401  58.00000000  0.00159401  60.00000000  1331.87309222  0.33599730
0.00084881  58.00000000  0.00084881  60.00000000  1709.34001278  0.34698359
0.00014988  58.00000000  0.00014988  60.00000000  1554.19595471  0.35796988
0.01008785  51.00000000  0.00727187  60.00000000  3121.49787505  0.36895617
0.02781749  58.00000000  0.02781749  60.00000000  1673.14325869  0.37994246
0.00045860  46.00000000  0.00002767  60.00000000  1642.28257425  0.39092874
0.00125379  58.00000000  0.00125379  60.00000000  2581.12507002  0.40191503
0.00213690  58.00000000  0.00213690  60.00000000  1507.68786315  0.41290132
0.00031320  52.00000000  0.00015550  60.00000000  1838.50616061  0.42388761
0.00247873  56.00000000  0.00209344  60.00000000  2612.16357816  0.43487389
0.00070192  58.00000000  0.00070192  60.00000000  1537.81152069  0.44586018
0.00033755  56.00000000  0.00032335  60.00000000  1362.94883375  0.45684647
0.02535869  58.00000000  0.02535869  60.00000000  1398.27636465  0.46783276
0.00001486  48.00000000  0.00001064  60.00000000  2570.28586869  0.47881905
0.00105869  38.00000000  0.00049975  60.00000000  2302.76738031  0.48980533
0.02237257  58.00000000  0.02237257  60.00000000  2244.11959476  0.50079162
0.00031411  58.00000000  0.00031411  60.00000000  1668.84319336  0.51177791
0.00614704  58.00000000  0.00614704  60.00000000  2128.79531236  0.52276420
0.23210974  58.00000000  0.23210974  60.00000000  2904.81748292  0.53375049
0.00237248  52.00000000  0.00020555  60.00000000  1639.95940789  0.54473677
0.00046705  57.00000000  0.00042410  60.00000000  1603.84457487  0.55572306
0.00363293  47.00000000  0.00130378  60.00000000  2178.76645285  0.56670935
0.01003080  58.00000000  0.01003080  60.00000000  2808.66913669  0.57769564
0.06534420  53.00000000  0.01925044  60.00000000  1917.62720569  0.58868192
0.06555289  57.00000000  0.06443196  60.00000000  2675.88577430  0.59966821
0.00507140  58.00000000  0.00507140  60.00000000  2768.35556452  0.61065450
0.00514272  48.00000000  0.00266520  60.00000000  1465.95276192  0.62164079
0.00172302  56.00000000  0.00146777  60.00000000  1963.92304281  0.63262708
0.00029304  58.00000000  0.00029304  60.00000000  2338.64304569  0.64361336
0.01445806  46.00000000  0.00207921  60.00000000  2824.36705350  0.65459965
0.00141065  54.00000000  0.00029241  60.00000000  1950.17214406  0.66558594
0.00034815  58.00000000  0.00034815  60.00000000  2324.46197946  0.67657223
0.03062249  58.00000000  0.03062249  60.00000000  2518.42597030  0.68755851
0.02091661  51.00000000  0.01356768  60.00000000  2131.63691280  0.69854480
0.00283914  45.00000000  0.00200904  60.00000000  2619.62319597  0.70953109
0.01044984  58.00000000  0.01044984  60.00000000  2613.88086876  0.72051738
0.00234483  55.00000000  0.00165913  60.00000000  1879.07896057  0.73150367
0.00200119  57.00000000  0.00187106  60.00000000  2812.26680375  0.74248995
0.00003424  54.00000000  0.00002994  60.00000000  2875.62158306  0.75347624
0.00035956  57.00000000  0.00034726  60.00000000  1517.39857006  0.76446253
0.00029809  48.00000000  0.00024793  60.00000000  2814.03655705  0.77544882
0.01167110  54.00000000  0.00885914  60.00000000  2196.63453703  0.78643511
0.06179742  57.00000000  0.06133192  60.00000000  2335.31667792  0.79742139
0.00038578  52.00000000  0.00012703  60.00000000  2569.14658083  0.80840768
0.00326463  58.00000000  0.00326463  60.00000000  2826.70831340  0.81939397
0.03171636  53.00000000  0.02637724  60.00000000  2266.53539033  0.83038026
0.01475450  58.00000000  0.01475450  60.00000000  1864.99204902  0.84136654
0.00245571  58.00000000  0.00245571  60.00000000  2820.01946241  0.85235283
0.03004754  58.00000000  0.03004754  60.00000000  2818.65087808  0.86333912
0.00524342  55.00000000  0.00445016  60.00000000  2828.74834411  0.87432541
0.00004619  56.00000000  0.00001000  60.00000000  2813.26645625  0.88531170
0.00493495  58.00000000  0.00493495  60.00000000  2339.59658890  0.89629798
0.00051828  58.00000000  0.00051828  60.00000000  2821.37056436  0.90728427
0.00167592  56.00000000  0.00125904  60.00000000  2836.92873578  0.91827056
0.00226513  58.00000000  0.00226513  60.00000000  2835.36780921  0.92925685
0.04488997  58.00000000  0.04488997  60.00000000  2308.51082868  0.94024314
0.00802326  57.00000000  0.00766919  60.00000000  2820.02686231  0.95122942
0.00192162  58.00000000  0.00192162  60.00000000  2821.22653366  0.96221571
0.00329262  58.00000000  0.00329262  60.00000000  2820.05362940  0.97320200
0.00134228  58.00000000  0.00134228  60.00000000  2790.94850402  0.98418829
0.02394132  56.00000000  0.01857919  60.00000000  2791.50539128  0.99000000
0.00116735  58.00000000  0.00116735  60.00000000  2821.53078534  0.99000000
0.06576019  53.00000000  0.03702692  60.00000000  2899.96797998  0.99000000
