26
28
25
39
40
28
11
24
15
45
41
20
42
1
29
1
43
32
18
2
42
33
18
19
3
48
27
14
4
15
4
2
5
32
5
37
2
6
38
48
2
7
2
18
18
8
19
19
2
9
42
2
21
10
21
2
11
22
22
28
12
11
12
47
24
13
24
45
14
10
32
15
15
15
44
27
16
27
16
28
17
12
35
18
12
18
7
30
37
30
19
20
31
31
32
21
46
46
33
33
22
42
34
34
0
24
35
24
45
24
15
36
36
37
42
42
38
27
38
26
26
28
39
39
40
28
29
24
15
45
41
41
42
1
31
32
43
32
31
23
44
33
44
21
45
48
24
35
24
46
33
2
5
32
47
37
33
6
38
48
38
1
2
33
33
29
18
6
8
36
42
41
9
44
45
46
37
29
48
41
12
11
47
47
45
13
47
45
47
14
41
47
28
47
44
48
16
47
46
47
44
47
43
47
39
18
47
37
30
47
46
48
47
47
48
47
2
47
44
33
47
42
47
47
47
45
47
24
47
47
48
36
47
37
47
47
48
10
47
14
