46
31
19
24
40
37
22
41
41
46
29
37
31
1
28
1
26
16
46
2
44
44
48
13
3
13
13
0
4
1
1
15
2
5
1
28
17
6
21
17
48
7
29
2
4
23
8
20
20
9
20
39
5
10
21
36
11
11
11
7
27
12
23
32
45
13
40
45
14
25
14
36
10
15
34
47
27
34
47
9
17
47
36
29
48
37
47
19
47
42
7
31
32
47
21
20
21
33
33
33
22
34
23
34
23
45
35
10
41
18
4
25
46
37
17
42
4
38
27
7
3
39
28
4
45
40
44
25
41
41
15
41
31
20
0
43
14
15
32
12
44
44
44
15
10
48
45
0
46
8
48
37
35
31
47
37
12
8
30
38
48
7
26
11
26
36
19
22
31
41
21
2
18
39
39
48
48
44
48
7
47
47
47
37
45
47
42
40
47
15
48
48
48
48
47
47
27
48
16
47
17
47
43
48
48
47
47
48
47
47
7
47
10
47
21
47
33
47
22
47
46
47
12
47
15
11
47
46
36
47
20
1
48
46
48
42
2
47
21
48
