39
11
41
29
17
40
16
30
21
30
43
15
19
1
14
1
23
13
11
2
32
26
0
3
3
3
17
40
4
14
46
30
5
15
5
15
29
6
23
17
7
23
33
7
26
8
32
4
43
9
36
20
28
10
7
45
11
7
30
11
29
12
23
8
40
13
24
2
14
40
14
10
8
26
15
47
47
16
12
28
17
36
11
47
3
47
30
3
15
19
31
20
32
43
36
10
32
15
22
33
22
47
34
23
15
22
24
24
19
44
36
9
5
37
26
7
26
5
38
25
6
42
28
29
29
40
5
30
6
30
0
48
42
24
14
24
32
29
31
8
17
2
34
16
34
17
9
47
48
14
36
25
36
14
13
22
5
26
5
38
10
15
5
35
8
29
0
22
9
9
29
20
30
47
46
45
45
48
45
40
42
46
45
47
47
48
47
45
38
47
12
40
47
43
48
48
48
47
43
47
46
47
47
47
45
47
43
41
47
46
47
47
48
48
47
47
48
23
48
33
48
47
34
47
44
22
47
46
3
47
30
4
47
18
37
47
20
14
6
48
