28
39
45
46
40
29
23
19
41
9
46
42
10
1
1
10
1
17
2
2
2
2
2
3
0
3
28
46
4
0
27
4
5
5
28
5
6
25
6
17
3
7
25
40
25
8
19
33
19
9
33
20
41
10
38
21
3
11
33
45
41
46
12
40
13
24
2
13
25
14
25
38
15
45
27
47
16
39
28
17
17
17
0
18
41
18
45
6
30
19
48
3
31
20
1
21
32
8
46
47
22
9
34
6
23
15
35
24
48
47
14
36
47
46
46
42
42
38
27
39
28
39
45
13
40
29
11
11
41
30
46
42
30
44
43
44
32
14
22
17
2
44
2
29
15
13
34
46
20
0
47
4
5
5
36
5
21
48
6
30
26
37
40
40
4
8
19
41
19
20
33
37
33
10
47
46
45
11
48
45
41
46
12
24
47
47
2
48
47
14
47
26
47
45
47
47
47
47
47
47
47
47
47
47
41
48
45
48
30
47
40
47
31
47
40
47
47
48
46
47
22
47
34
48
40
47
47
42
47
47
46
36
48
46
48
48
48
38
47
47
