27
45
34
15
22
15
23
30
33
34
14
30
0
42
1
31
47
43
44
2
12
12
20
33
3
13
18
18
4
14
0
4
5
2
5
16
30
6
37
18
17
7
37
31
26
8
47
21
36
9
30
6
10
21
10
27
7
11
31
30
46
23
12
8
13
24
13
30
14
9
14
37
15
47
15
27
45
16
47
28
17
37
47
36
40
18
30
10
19
3
31
20
3
15
21
32
21
46
21
33
22
34
3
23
40
35
24
2
13
36
25
46
16
25
37
26
5
47
4
43
27
39
43
29
40
29
23
30
45
19
41
30
31
42
3
14
25
43
48
20
7
33
44
45
23
13
48
46
23
35
21
5
5
11
37
47
25
9
48
38
38
48
18
18
40
33
2
6
20
41
36
4
0
41
9
48
47
11
47
8
47
45
41
47
46
45
47
45
47
39
47
26
48
47
47
47
48
47
47
28
47
44
47
36
47
1
47
10
47
14
47
20
32
47
8
21
44
47
1
23
46
36
47
4
46
3
47
46
13
47
7
47
4
13
47
31
8
47
41
7
