39
13
44
8
40
29
13
30
11
31
41
10
31
42
1
15
11
28
12
2
48
39
24
13
3
18
34
28
4
0
4
15
1
5
37
47
34
6
25
18
2
7
4
18
19
8
19
19
41
9
30
30
21
10
21
42
31
11
22
40
12
29
12
30
24
13
3
32
0
14
8
26
15
1
41
38
16
11
46
28
40
17
48
18
47
0
30
18
19
14
47
20
47
20
32
6
21
33
42
22
39
45
34
47
7
35
24
8
36
24
36
42
25
26
37
7
26
43
21
44
39
28
44
48
40
29
40
30
41
30
41
21
31
42
6
31
43
13
25
33
48
44
24
34
13
45
34
17
30
46
31
46
35
16
37
47
34
38
6
48
2
39
7
22
37
8
8
19
41
10
30
34
34
5
36
48
47
11
47
40
42
47
12
46
47
44
48
1
47
44
8
47
42
40
47
9
47
47
47
47
48
47
48
47
47
47
47
48
47
48
47
20
47
42
46
48
21
48
42
45
47
8
46
47
48
47
46
7
47
40
47
48
48
48
48
48
48
48
48
47
