18
46
17
15
27
27
30
13
40
12
29
48
17
1
43
1
32
35
2
2
2
27
47
13
3
43
14
44
4
15
22
30
5
5
5
47
6
17
6
23
48
7
18
48
41
8
32
19
20
9
38
3
21
10
2
47
11
22
11
36
45
12
23
33
40
13
45
25
43
14
3
2
15
26
47
4
16
45
28
44
17
42
29
5
47
18
30
19
30
4
44
20
7
20
32
38
48
33
22
22
46
22
34
23
4
35
6
24
43
36
8
36
11
37
26
46
42
38
27
21
10
39
28
24
40
4
24
7
30
41
19
42
30
1
1
1
32
1
43
33
2
48
44
13
34
45
14
45
35
25
16
46
34
18
37
47
6
37
24
25
48
7
10
3
1
37
40
35
41
9
21
41
11
22
30
42
47
47
48
47
45
47
6
47
47
47
45
47
44
48
48
11
47
26
47
40
47
45
47
47
47
35
47
27
47
42
47
46
47
48
39
47
16
43
47
5
48
48
48
48
47
22
47
46
47
47
47
5
47
7
48
47
47
37
48
14
48
45
47
48
