19
21
11
15
44
40
32
8
29
10
34
25
10
16
1
32
43
23
2
2
2
33
48
0
45
24
3
4
4
4
22
15
5
31
5
16
6
6
27
6
7
7
7
3
8
8
8
19
9
9
5
9
0
10
21
28
11
47
11
29
12
23
39
12
13
36
4
13
25
14
40
43
15
26
32
46
16
27
6
17
17
17
17
5
18
6
4
19
30
31
47
19
20
6
46
47
46
8
33
22
10
34
39
23
46
35
24
45
5
36
18
5
18
9
37
20
47
38
27
20
21
21
39
15
44
40
45
8
29
30
41
45
42
16
1
19
43
16
18
14
48
33
44
0
45
35
3
46
45
18
48
13
23
37
16
47
6
38
0
38
7
48
25
31
8
8
19
41
9
16
37
9
37
38
0
26
48
47
47
47
47
45
47
44
44
47
46
47
48
37
47
43
47
38
47
46
47
47
47
47
48
44
47
5
47
39
48
19
48
31
47
19
47
6
46
47
46
43
47
43
47
48
47
41
47
45
46
39
47
36
47
48
46
48
47
20
47
38
27
27
