48
44
36
40
27
17
40
43
13
9
29
34
18
1
1
1
1
25
2
2
20
2
44
20
3
21
35
30
4
26
2
19
5
2
5
16
35
6
26
1
21
7
25
18
19
8
48
3
27
9
27
30
21
10
28
35
38
23
34
11
47
12
23
31
48
13
6
40
14
7
33
15
26
15
47
45
16
12
35
17
28
10
17
29
14
40
14
30
42
46
20
19
31
20
45
44
14
47
22
33
34
40
22
4
15
41
35
24
15
3
36
25
47
37
42
0
21
27
38
39
48
44
48
39
40
40
40
29
44
8
41
42
7
1
31
1
7
43
32
46
2
0
44
18
5
18
45
35
4
14
16
46
4
31
37
16
47
6
26
17
7
48
1
18
38
6
24
3
32
15
1
36
21
10
36
5
2
47
43
12
47
45
47
48
48
47
47
48
47
48
47
48
47
48
47
43
47
1
47
47
48
48
43
47
36
13
47
29
39
47
44
48
47
47
45
47
46
47
45
47
47
44
47
4
48
48
46
24
47
3
42
26
47
37
47
48
46
19
30
15
