24
39
20
23
13
40
19
19
30
41
16
30
25
1
45
1
40
11
43
2
26
22
22
3
3
3
31
45
4
35
4
30
16
5
31
2
2
6
1
41
7
18
7
29
2
8
29
1
2
9
20
0
21
10
42
21
32
1
11
48
12
23
12
30
24
10
13
47
14
46
41
14
15
33
47
27
10
16
28
17
47
39
29
18
36
18
30
19
47
19
38
20
12
20
21
32
21
6
33
47
22
11
34
5
23
47
35
24
48
36
45
37
5
25
4
26
4
44
38
44
24
39
28
8
16
40
47
12
30
41
21
31
25
42
12
32
47
32
43
2
26
44
22
18
45
48
31
45
4
35
46
4
36
5
47
37
2
6
36
5
48
38
39
28
2
8
29
29
41
40
41
3
12
10
42
9
47
48
48
48
48
48
48
47
47
47
46
47
44
48
47
47
47
47
47
6
47
32
47
17
47
45
47
43
41
47
30
38
47
45
46
48
46
46
48
46
21
48
3
47
46
40
47
5
23
47
45
48
48
36
48
37
43
48
4
26
48
13
38
14
