9
40
6
9
25
46
12
8
13
46
10
34
38
1
1
1
1
32
2
2
2
19
12
2
3
46
47
43
4
35
16
4
5
21
27
5
6
6
6
17
39
32
7
18
44
8
47
47
5
9
33
37
21
10
46
22
21
11
6
47
28
12
25
25
13
13
0
39
14
37
25
28
15
47
46
27
48
4
45
17
3
17
1
18
29
4
10
19
0
19
31
19
47
36
11
21
47
33
21
22
22
34
23
23
35
23
23
16
42
41
18
25
37
17
22
26
12
38
27
17
39
20
39
39
40
11
12
41
25
10
29
31
30
42
22
43
16
32
1
32
0
44
1
14
35
33
45
48
4
31
36
12
10
5
47
12
27
33
22
38
48
33
7
22
25
37
41
41
5
41
7
37
41
41
35
26
48
33
47
45
45
45
47
46
27
46
46
47
0
22
47
45
48
48
48
48
48
47
48
47
47
48
43
47
29
40
47
19
47
48
37
47
13
42
47
35
17
47
11
48
41
47
30
47
9
40
47
3
24
4
47
20
37
26
48
39
47
13
48
10
