32
28
46
19
18
12
23
0
41
31
26
32
40
45
1
11
30
48
2
2
2
26
13
3
24
3
46
26
4
47
35
33
15
5
33
21
2
6
22
48
48
7
43
2
39
8
19
20
0
9
5
1
29
40
10
22
11
22
11
23
12
5
12
7
13
24
13
42
31
14
38
45
26
15
35
7
16
4
11
28
3
17
11
18
18
18
10
30
8
8
31
20
5
32
42
32
6
33
22
21
41
34
22
34
40
35
24
35
36
42
14
24
9
26
37
26
17
2
27
7
39
28
20
45
45
40
29
0
41
45
4
31
42
31
2
21
16
48
43
44
33
45
23
11
30
34
45
4
26
26
46
47
15
5
16
47
16
37
23
48
39
0
26
39
6
3
36
38
0
6
29
1
36
40
10
48
31
47
45
46
47
26
46
42
48
22
29
47
47
28
47
45
47
0
47
47
47
9
47
27
43
47
41
44
47
9
47
47
47
47
48
48
40
47
13
46
46
47
16
46
39
3
47
30
46
35
47
44
36
47
21
19
47
22
5
47
17
48
48
43
