36
48
40
28
11
18
10
41
41
13
11
42
10
1
1
1
1
22
2
2
2
2
2
3
13
3
46
29
4
47
4
2
26
5
2
48
30
6
17
1
0
7
2
2
18
8
40
45
9
9
9
5
1
10
22
33
11
11
11
30
23
12
5
12
24
24
13
25
14
47
4
15
8
15
27
3
16
4
28
46
48
17
29
36
36
13
30
18
43
45
19
7
20
15
4
21
39
40
39
22
34
0
34
35
23
1
24
43
36
36
9
25
5
26
10
1
38
38
27
48
28
45
40
28
11
25
21
41
41
16
42
42
27
47
43
32
9
16
44
44
48
2
32
45
13
35
46
0
33
47
17
22
32
37
37
48
29
38
38
38
0
30
21
35
22
21
8
28
9
30
30
29
3
46
45
44
48
11
34
46
23
48
5
47
45
47
43
47
14
47
47
43
47
45
47
3
47
38
47
46
48
47
47
36
47
46
48
42
47
5
47
44
48
47
48
48
47
48
44
48
34
48
25
47
37
47
24
48
36
48
44
48
45
26
47
3
22
47
27
47
