0
24
40
24
40
30
30
24
42
20
40
30
17
1
45
1
12
11
2
2
2
20
2
3
3
3
3
20
4
21
29
36
5
16
5
31
6
6
41
6
7
18
7
32
8
19
8
44
29
9
20
43
41
10
22
45
40
11
45
47
42
12
34
38
24
13
31
41
14
25
0
26
15
15
35
16
16
16
8
28
17
28
45
18
29
18
11
30
19
46
15
43
19
20
32
21
42
7
22
14
10
34
40
39
35
2
15
24
23
14
36
7
41
26
37
26
38
11
2
12
39
28
10
28
40
45
40
9
45
41
41
30
13
42
46
5
43
8
2
16
44
33
25
6
45
3
45
4
46
23
0
36
33
34
47
31
38
5
48
6
48
11
13
30
40
1
25
11
5
38
21
43
30
44
46
45
40
48
25
46
36
47
47
36
48
45
47
3
47
47
47
47
47
47
47
27
47
45
47
28
47
44
47
17
29
47
45
7
47
43
15
47
46
47
47
46
47
4
12
37
47
34
42
35
47
46
23
47
46
22
19
1
47
45
39
14
47
5
2
28
