39
28
8
44
46
40
9
45
30
25
18
18
40
1
1
1
1
12
43
2
12
44
28
19
3
1
37
14
4
46
2
1
5
16
5
16
6
6
6
42
2
7
30
35
19
8
30
4
20
9
4
2
10
21
10
43
33
11
45
48
1
12
3
24
13
13
13
2
14
14
14
26
7
15
46
27
44
16
48
12
17
12
29
18
47
18
0
30
1
19
46
20
37
46
32
48
21
33
12
16
22
23
34
48
23
4
24
5
48
36
45
42
5
37
26
15
3
38
20
7
39
28
48
44
8
40
40
45
30
14
14
22
42
31
26
22
43
32
43
32
12
44
33
34
45
48
20
11
34
46
36
1
36
47
36
16
6
23
37
48
32
7
16
20
19
8
33
4
41
38
34
2
38
43
46
4
48
11
45
47
37
47
33
39
47
13
47
2
47
47
47
46
47
47
44
48
44
35
48
42
47
12
47
18
47
14
47
30
43
47
14
36
47
46
43
47
38
47
39
48
43
48
48
48
46
47
47
44
48
41
45
47
10
12
47
14
48
48
48
7
