39
22
10
47
48
9
20
20
28
39
27
16
24
1
1
1
1
24
0
2
12
26
1
3
3
39
3
33
4
21
26
34
5
37
5
36
17
6
46
32
17
7
30
3
35
8
32
37
20
9
27
6
7
10
21
48
11
11
48
11
23
12
12
46
13
32
13
10
14
46
5
39
26
15
0
15
46
16
41
28
17
12
46
18
29
18
30
19
36
11
20
31
20
15
47
32
13
33
33
22
0
47
34
23
21
40
12
2
40
25
36
25
1
37
26
21
38
27
1
47
39
28
9
16
45
40
20
41
30
30
41
30
48
48
23
1
43
16
16
32
33
44
28
30
14
45
10
25
26
46
14
0
5
37
1
47
48
23
34
1
14
24
31
22
3
8
10
32
20
6
1
19
24
43
2
48
41
48
45
43
48
12
12
47
13
47
47
43
47
31
47
28
14
47
32
47
47
48
47
48
48
47
48
47
47
47
47
48
41
47
20
47
47
47
47
46
48
37
33
48
34
47
47
35
47
48
48
44
47
24
47
40
47
47
23
47
13
31
47
39
