39
48
28
43
44
40
23
44
10
44
41
48
31
42
1
46
48
32
12
2
33
45
13
48
3
45
35
14
4
15
4
30
16
5
37
2
6
26
6
2
17
7
18
4
2
8
40
33
20
9
41
20
10
10
10
40
11
22
11
47
47
12
3
46
24
13
24
14
25
14
2
26
32
26
15
16
42
16
45
28
28
28
17
29
18
11
35
30
43
48
31
44
20
15
32
0
33
17
22
16
39
22
34
39
23
35
9
24
36
42
25
18
2
37
26
20
48
21
38
27
39
48
28
43
44
40
23
44
41
44
41
0
31
42
5
46
43
32
12
43
16
19
44
48
35
45
35
45
19
15
46
30
16
5
37
47
7
4
6
39
48
39
32
4
38
37
16
33
9
29
41
33
10
31
39
19
47
47
47
47
48
44
47
46
42
47
44
48
32
47
44
34
47
46
48
47
37
47
11
45
28
47
42
29
47
39
48
39
48
48
48
47
47
15
47
37
47
45
46
47
39
46
47
39
42
35
9
47
45
43
42
47
45
37
48
19
48
48
36
47
