10 7 6 8 9 11 10 4 10 10 4 9 6 5 6 10 10 10 12 9 10 7 10 10 10 0 0 0 0 4 9 0 1 2 12 9 11 9 3 6 2 0 0 0 12 6 10 0 1 9 9 10 6 1 6 8 6 12 8 8
4 12 3 12 5 1 0 7 1 12 11 8 2 12 1 2 0 8 12 1 1 12 0 0 9 10 7 12 4 7 12 12 4 9 8 11 4 11 11 0 8 7 6 0 5 3 12 10 7 4 6 0 1 2 3 10 1 6 6 5
0 9 11 10 10 12 12 10 7 2 4 12 12 1 0 11 1 4 3 0 5 6 0 0 7 3 3 1 5 0 0 7 3 9 2 3 2 11 12 5 0 12 7 7 2 0 2 3 7 3 5 9 9 6 5 4 9 3 10 2
8 8 11 10 4 11 5 2 8 7 10 1 11 8 11 5 11 0 8 10 8 2 0 2 1 10 11 7 10 10 7 4 5 0 6 4 8 12 12 3 3 1 5 10 10 10 11 12 6 5 2 0 2 5 3 8 10 2 2 11
5 6 1 2 12 5 2 6 10 4 10 7 9 12 0 7 0 12 10 4 0 4 2 10 10 10 0 10 1 1 10 10 12 11 11 8 5 12 12 12 6 7 10 6 3 9 11 1 0 7 9 6 6 6 2 0 3 3 4 9
9 11 3 8 5 9 10 8 1 11 0 8 7 10 11 12 9 10 3 6 12 12 6 6 1 5 3 8 12 10 8 9 12 6 2 8 7 11 12 4 0 7 6 1 1 1 2 8 2 2 1 6 10 9 2 2 6 6 10 7
11 2 10 11 10 12 0 10 1 0 3 3 8 1 6 10 10 5 8 11 6 6 10 10 9 8 5 4 10 11 3 0 7 2 11 12 12 3 0 0 2 5 4 3 0 1 3 6 10 2 7 4 8 7 8 9 5 5 0 10
10 7 10 10 11 12 10 1 10 6 10 6 6 12 12 7 11 10 3 0 12 6 3 6 3 6 11 7 4 0 12 4 2 6 4 1 7 9 6 7 5 1 8 8 7 3 7 5 5 1 1 6 6 12 8 1 4 4 4 10
11 4 6 10 0 4 8 8 6 2 12 5 0 11 1 0 12 8 1 0 5 9 2 8 7 1 5 8 1 5 10 4 2 10 11 6 2 10 0 7 10 5 9 11 6 2 3 2 5 0 5 7 7 0 2 0 8 7 3 11
10 1 10 0 2 5 11 10 3 12 7 0 7 4 1 1 0 0 0 1 10 9 12 0 12 4 3 7 9 6 12 11 4 11 5 2 1 5 2 0 12 10 8 4 6 3 7 4 1 8 1 7 1 3 9 4 10 1 1 7
