# Results obtained using DQN. CPU time: 15.230377197265625
0.00075382  47.00000000  0.00028480  60.00000000  1803.36931106  0.00000000
0.00343122  58.00000000  0.00343122  60.00000000  2125.75165042  0.00000000
0.00146459  54.00000000  0.00066548  60.00000000  1385.50316838  0.00000000
0.00019588  58.00000000  0.00019588  60.00000000  1351.39123092  0.00000000
0.00057091  41.00000000  0.00033351  60.00000000  1884.94469218  0.00000000
0.00018374  58.00000000  0.00018374  60.00000000  1304.67868656  0.00000000
0.00010811  50.00000000  0.00004523  60.00000000  1314.65820066  0.00000000
0.00041060  58.00000000  0.00041060  60.00000000  1160.17759994  0.00000000
0.00007406  58.00000000  0.00007406  60.00000000  1348.41043697  0.00185507
0.00125114  58.00000000  0.00125114  60.00000000  1588.78630542  0.00503519
0.02313250  58.00000000  0.02313250  60.00000000  1965.19875952  0.00821530
0.00111289  50.00000000  0.00018549  60.00000000  1869.44258214  0.01139542
0.01002845  51.00000000  0.00431623  60.00000000  1907.12292737  0.01457554
0.00881107  47.00000000  0.00138888  60.00000000  2495.48284434  0.01775566
0.00082047  58.00000000  0.00082047  60.00000000  1294.34916226  0.02093578
0.00493792  58.00000000  0.00493792  60.00000000  1180.46046616  0.02411589
0.00067127  58.00000000  0.00067127  60.00000000  1446.49988485  0.02729601
0.00002649  58.00000000  0.00002649  60.00000000  1328.17755006  0.03047613
0.00662199  52.00000000  0.00346553  60.00000000  2088.36407564  0.03365625
0.00006179  53.00000000  0.00004102  60.00000000  1070.34580048  0.03683637
0.00268438  56.00000000  0.00161213  60.00000000  1885.40302241  0.04001648
0.00023414  58.00000000  0.00023414  60.00000000  1505.57546631  0.04319660
0.00069549  51.00000000  0.00007241  60.00000000  1826.38899446  0.04637672
0.00023689  58.00000000  0.00023689  60.00000000  1137.04361252  0.04955684
0.00175944  53.00000000  0.00001901  60.00000000  2120.92744938  0.05273695
0.00025960  49.00000000  0.00000762  60.00000000  1277.66228853  0.05591707
0.00382051  58.00000000  0.00382051  60.00000000  1512.43251417  0.05909719
0.00017903  58.00000000  0.00017903  60.00000000  1371.72086522  0.06227731
0.00108134  58.00000000  0.00108134  60.00000000  1033.14806237  0.06545743
0.00394350  57.00000000  0.00295593  60.00000000  2124.39830900  0.06863754
0.00018853  57.00000000  0.00015337  60.00000000  1414.60907177  0.07181766
0.00110763  58.00000000  0.00110763  60.00000000  1988.79864487  0.07499778
0.00687276  47.00000000  0.00051938  60.00000000  2010.41011704  0.07817790
0.00144083  58.00000000  0.00144083  60.00000000  1966.16180883  0.08135802
0.00015457  45.00000000  0.00001599  60.00000000  1843.62662513  0.08453813
0.01751743  58.00000000  0.01751743  60.00000000  1351.26700966  0.08771825
0.01754998  54.00000000  0.01482637  60.00000000  1847.31739704  0.09089837
0.00778700  58.00000000  0.00778700  60.00000000  1768.22100020  0.09407849
0.01327859  46.00000000  0.00602716  60.00000000  1619.67157261  0.09725860
0.00140051  51.00000000  0.00073369  60.00000000  1496.23323817  0.10043872
0.00118385  58.00000000  0.00118385  60.00000000  1541.49851533  0.10361884
0.00041019  58.00000000  0.00041019  60.00000000  1150.13306224  0.10679896
0.00127806  38.00000000  0.00014878  60.00000000  2228.99279332  0.10997908
0.00006471  54.00000000  0.00003653  60.00000000  1611.37595333  0.11315919
0.00420185  58.00000000  0.00420185  60.00000000  2725.05077150  0.11633931
0.00957008  58.00000000  0.00957008  60.00000000  2195.18808722  0.11951943
0.00055726  52.00000000  0.00020603  60.00000000  1370.47226213  0.12269955
0.00317511  47.00000000  0.00033778  60.00000000  2208.58869881  0.12587967
0.00047536  53.00000000  0.00008602  60.00000000  1100.48424517  0.12905978
0.00816052  45.00000000  0.00157686  60.00000000  2798.03367655  0.13223990
0.02226927  58.00000000  0.02226927  60.00000000  1358.64678357  0.13542002
0.02937102  56.00000000  0.02766735  60.00000000  1636.58064444  0.13860014
0.00102480  58.00000000  0.00102480  60.00000000  1271.36440747  0.14178026
0.00023576  55.00000000  0.00018067  60.00000000  1553.10145333  0.14496037
0.00008237  47.00000000  0.00001246  60.00000000  1650.70248845  0.14814049
0.00117525  47.00000000  0.00001187  60.00000000  1765.27286862  0.15132061
0.00332367  44.00000000  0.00022348  60.00000000  2570.78839853  0.15450073
0.00012225  58.00000000  0.00012225  60.00000000  1260.62418958  0.15768084
0.00534049  58.00000000  0.00534049  60.00000000  1771.44279643  0.16086096
0.00033514  52.00000000  0.00020812  60.00000000  1240.25651259  0.16404108
0.01417189  53.00000000  0.00557403  60.00000000  2403.24395006  0.16722120
0.00618816  39.00000000  0.00158464  60.00000000  1766.74285924  0.17040132
0.00360897  49.00000000  0.00143543  60.00000000  2334.95122351  0.17358143
0.00667575  58.00000000  0.00667575  60.00000000  2321.67215172  0.17676155
0.00700170  58.00000000  0.00700170  60.00000000  2147.22076931  0.17994167
0.00793639  58.00000000  0.00793639  60.00000000  1299.71318250  0.18312179
0.00651902  54.00000000  0.00644023  60.00000000  2239.28004518  0.18630191
0.00668283  58.00000000  0.00668283  60.00000000  1576.59237921  0.18948202
0.00353276  58.00000000  0.00353276  60.00000000  2252.12643943  0.19266214
0.00013018  55.00000000  0.00009654  60.00000000  1626.74527406  0.19584226
0.00001731  58.00000000  0.00001731  60.00000000  1699.79334947  0.19902238
0.00577425  52.00000000  0.00394952  60.00000000  2117.62450643  0.20220249
0.11687146  58.00000000  0.11687146  60.00000000  2021.37852082  0.20538261
0.00019032  49.00000000  0.00000327  60.00000000  2018.79366940  0.20856273
0.00085668  44.00000000  0.00036988  60.00000000  2375.93722323  0.21174285
0.00012827  57.00000000  0.00012634  60.00000000  1731.95135046  0.21492297
0.00782261  58.00000000  0.00782261  60.00000000  1403.70752833  0.21810308
0.00447777  58.00000000  0.00447777  60.00000000  2735.97029071  0.22128320
0.00315286  58.00000000  0.00315286  60.00000000  2195.09887575  0.22446332
0.00277567  58.00000000  0.00277567  60.00000000  1497.34228421  0.22764344
0.00070476  58.00000000  0.00070476  60.00000000  1616.69845183  0.23082356
0.00191178  40.00000000  0.00052282  60.00000000  2361.46302929  0.23400367
0.00717480  51.00000000  0.00130865  60.00000000  1632.32724199  0.23718379
0.00104925  58.00000000  0.00104925  60.00000000  1458.35065601  0.24036391
0.00050665  58.00000000  0.00050665  60.00000000  1482.74581833  0.24354403
0.00214062  49.00000000  0.00098027  60.00000000  2842.55645565  0.24672414
0.00006596  56.00000000  0.00003705  60.00000000  1481.11098036  0.24990426
0.00095708  58.00000000  0.00095708  60.00000000  1662.30485221  0.25308438
0.00379827  58.00000000  0.00379827  60.00000000  1572.74736586  0.25626450
0.00079841  50.00000000  0.00050543  60.00000000  2563.63765447  0.25944462
0.00027431  57.00000000  0.00027000  60.00000000  1043.45047467  0.26262473
0.00611613  50.00000000  0.00068234  60.00000000  1400.99108577  0.26580485
0.00030887  45.00000000  0.00004823  60.00000000  1543.73494281  0.26898497
0.01713277  53.00000000  0.00920798  60.00000000  2673.77517635  0.27216509
0.00245375  58.00000000  0.00245375  60.00000000  1524.16750896  0.27534521
0.00051172  58.00000000  0.00051172  60.00000000  1171.68954043  0.27852532
0.00032024  58.00000000  0.00032024  60.00000000  1794.34164914  0.28170544
0.00571242  57.00000000  0.00509464  60.00000000  2251.20527820  0.28488556
0.00893222  58.00000000  0.00893222  60.00000000  1987.33151239  0.28806568
0.03129725  43.00000000  0.00601518  60.00000000  2249.35396638  0.29124580
0.00955895  58.00000000  0.00955895  60.00000000  1768.16795463  0.29442591
