8 8 8 8 4 4 4 4 4 4 4 11 11 11 4 11 11 11 11 11 6 10 10 10 10 10 8 8 8 8 8 8 8 8 8 8 11 11 11 11 11 2 11 11 12 10 10 10 10 10 8 8 8 8 8 8 8 8 8 8 8 8 8 8 8 8 11 2 2 11 1 1 8 4 4 4 4 4 8 8
8 8 8 8 4 4 1 4 4 11 11 11 11 13 13 6 6 6 6 6 6 6 6 10 10 10 10 10 10 10 10 10 10 10 10 10 10 10 10 10 4 10 10 10 4 4 4 8 10 10 8 8 8 8 4 4 10 4 8 10 8 8 8 8 8 11 11 11 4 4 10 4 4 4 4 4 4 4 8 8
8 8 8 8 4 4 4 4 4 4 4 11 11 11 4 11 11 11 11 11 11 10 10 10 10 10 4 8 8 4 8 8 8 8 9 8 8 4 11 11 11 11 11 11 13 13 13 13 10 10 10 10 10 8 8 8 8 8 8 8 8 8 8 6 6 8 8 8 8 11 11 11 11 4 4 4 4 4 4 4
8 8 8 8 4 4 8 0 4 4 4 4 11 11 11 11 11 11 11 11 4 10 10 10 10 10 10 10 10 10 4 4 4 8 4 4 11 4 4 4 4 11 11 11 11 11 11 11 11 11 13 13 13 4 4 8 8 8 8 8 8 8 8 8 8 8 8 8 6 8 6 6 11 11 10 10 10 10 10 10
8 8 8 8 4 4 4 4 4 4 4 11 11 11 4 11 11 11 11 11 11 10 10 10 13 10 4 8 4 8 8 8 8 8 8 8 11 11 11 11 6 6 6 2 13 13 13 8 8 8 8 8 8 8 8 8 8 8 8 8 8 8 8 8 8 8 11 11 11 11 11 1 1 1 10 10 8 8 8 8
8 8 8 8 4 4 4 4 4 4 4 11 11 11 4 11 3 6 6 6 6 6 6 6 10 10 10 10 10 10 4 11 11 11 1 11 1 4 4 4 4 4 4 4 4 4 4 4 4 4 4 10 4 4 6 6 6 6 6 6 6 6 6 6 1 2 2 4 4 4 4 4 4 4 10 2 4 10 2 2
8 8 8 8 4 4 4 4 4 4 4 11 11 11 4 11 11 11 11 11 11 10 10 10 10 10 4 8 8 4 8 8 1 4 6 6 6 6 6 6 6 6 6 6 6 6 6 6 6 6 6 6 6 10 10 10 10 10 10 10 10 10 10 10 10 10 4 4 4 4 4 4 4 4 4 4 10 4 4 4
8 8 8 8 4 4 4 4 4 4 4 11 11 11 4 11 11 11 11 11 11 10 10 10 10 10 4 8 8 4 0 8 8 8 8 8 8 4 11 11 6 6 6 11 13 13 13 13 13 10 10 10 10 10 8 8 8 8 8 8 8 6 6 6 6 6 6 6 8 6 4 6 8 10 10 10 8 8 8 8
8 8 8 8 4 4 4 4 4 4 4 11 11 11 4 11 11 11 8 11 11 10 10 10 10 15 4 8 8 4 8 8 8 8 8 8 8 4 11 11 11 11 11 11 13 13 13 13 10 10 10 8 8 8 8 8 8 8 8 8 8 8 8 5 6 8 8 11 11 11 11 11 11 11 1 10 10 10 10 10
8 8 8 8 4 4 4 4 4 4 4 11 11 11 4 11 11 11 11 11 11 10 10 10 10 10 4 8 8 4 8 9 8 8 8 8 8 4 11 11 11 11 11 11 13 13 13 13 10 10 10 10 10 8 8 8 8 8 8 8 8 8 8 6 6 8 8 8 8 11 11 11 11 1 4 4 4 4 4 4
