# Results obtained using DQN. CPU time: 21.028817653656006
0.00891811  69.00000000  0.00511743  80.00000000  2247.88007077  0.00000000
0.00086978  56.00000000  0.00011067  80.00000000  1603.33419645  0.00000000
0.00003290  73.00000000  0.00002967  80.00000000  2114.04572961  0.00000000
0.00035741  78.00000000  0.00035741  80.00000000  2395.00354140  0.00000000
0.00031151  72.00000000  0.00009233  80.00000000  1436.65616089  0.00000000
0.00019716  77.00000000  0.00019057  80.00000000  1616.29596935  0.00000000
0.00079366  73.00000000  0.00062227  80.00000000  2089.62265227  0.24458458
0.00051065  78.00000000  0.00051065  80.00000000  2553.44286095  0.60034398
0.01567206  66.00000000  0.00350122  80.00000000  1948.88694458  0.95610337
0.03694829  78.00000000  0.03694829  80.00000000  2443.02980961  0.99000000
0.03694829  78.00000000  0.03694829  80.00000000  2443.02980961  0.99000000
0.03684630  78.00000000  0.03684630  80.00000000  2443.02958564  0.99000000
0.03694829  78.00000000  0.03694829  80.00000000  2443.02980961  0.99000000
0.03694829  78.00000000  0.03694829  80.00000000  2443.02980961  0.99000000
0.03694829  78.00000000  0.03694829  80.00000000  2443.02980961  0.99000000
0.09434112  72.00000000  0.04906166  80.00000000  2432.20982104  0.99000000
0.03694829  78.00000000  0.03694829  80.00000000  2443.02980961  0.99000000
0.03694829  78.00000000  0.03694829  80.00000000  2443.02980961  0.99000000
0.03694829  78.00000000  0.03694829  80.00000000  2443.02980961  0.99000000
0.02261128  72.00000000  0.01127314  80.00000000  2385.55161949  0.99000000
0.01102345  78.00000000  0.01102345  80.00000000  2421.99271517  0.99000000
0.03694829  78.00000000  0.03694829  80.00000000  2443.02980961  0.99000000
0.03694829  78.00000000  0.03694829  80.00000000  2443.02980961  0.99000000
0.02946541  78.00000000  0.02946541  80.00000000  2443.01046238  0.99000000
0.02508769  63.00000000  0.00205980  80.00000000  2438.34856395  0.99000000
0.03543052  78.00000000  0.03543052  80.00000000  2443.02775986  0.99000000
0.03694829  78.00000000  0.03694829  80.00000000  2443.02980961  0.99000000
0.03507421  78.00000000  0.03507421  80.00000000  2443.63375359  0.99000000
0.03694829  78.00000000  0.03694829  80.00000000  2443.02980961  0.99000000
0.03694829  78.00000000  0.03694829  80.00000000  2443.02980961  0.99000000
0.02546701  78.00000000  0.02546701  80.00000000  2429.91166939  0.99000000
0.03694829  78.00000000  0.03694829  80.00000000  2443.02980961  0.99000000
0.03694829  78.00000000  0.03694829  80.00000000  2443.02980961  0.99000000
0.01813539  78.00000000  0.01813539  80.00000000  2443.00208321  0.99000000
0.03694829  78.00000000  0.03694829  80.00000000  2443.02980961  0.99000000
0.03500628  78.00000000  0.03500628  80.00000000  2433.35643060  0.99000000
0.03694829  78.00000000  0.03694829  80.00000000  2443.02980961  0.99000000
0.00479040  73.00000000  0.00152701  80.00000000  2615.03894586  0.99000000
0.03694829  78.00000000  0.03694829  80.00000000  2443.02980961  0.99000000
0.01866949  75.00000000  0.00930278  80.00000000  2442.95681901  0.99000000
0.03696505  78.00000000  0.03696505  80.00000000  2443.02988879  0.99000000
0.02964236  78.00000000  0.02964236  80.00000000  2443.01444406  0.99000000
0.00997939  72.00000000  0.00709158  80.00000000  2442.82801876  0.99000000
0.03694829  78.00000000  0.03694829  80.00000000  2443.02980961  0.99000000
0.00429282  73.00000000  0.00087673  80.00000000  2615.04003286  0.99000000
0.00693407  78.00000000  0.00693407  80.00000000  2442.97842715  0.99000000
0.03694829  78.00000000  0.03694829  80.00000000  2443.02980961  0.99000000
0.03694829  78.00000000  0.03694829  80.00000000  2443.02980961  0.99000000
0.03694829  78.00000000  0.03694829  80.00000000  2443.02980961  0.99000000
0.03929769  78.00000000  0.03929769  80.00000000  2443.03420662  0.99000000
0.05166750  78.00000000  0.05166750  80.00000000  2444.17691080  0.99000000
0.03694829  78.00000000  0.03694829  80.00000000  2443.02980961  0.99000000
0.03695539  78.00000000  0.03695539  80.00000000  2443.03023187  0.99000000
0.03694829  78.00000000  0.03694829  80.00000000  2443.02980961  0.99000000
0.03694829  78.00000000  0.03694829  80.00000000  2443.02980961  0.99000000
0.07464652  76.00000000  0.06994066  80.00000000  2546.00786881  0.99000000
0.07017675  74.00000000  0.05543830  80.00000000  2450.66931788  0.99000000
0.03694829  78.00000000  0.03694829  80.00000000  2443.02980961  0.99000000
0.03694829  78.00000000  0.03694829  80.00000000  2443.02980961  0.99000000
0.02921424  77.00000000  0.02903233  80.00000000  2443.14653914  0.99000000
0.03694829  78.00000000  0.03694829  80.00000000  2443.02980961  0.99000000
0.03926985  78.00000000  0.03926985  80.00000000  2443.02917293  0.99000000
0.03694829  78.00000000  0.03694829  80.00000000  2443.02980961  0.99000000
0.02408261  78.00000000  0.02408261  80.00000000  2448.69506185  0.99000000
0.03694829  78.00000000  0.03694829  80.00000000  2443.02980961  0.99000000
0.08369790  78.00000000  0.08369790  80.00000000  2446.09448361  0.99000000
0.03694829  78.00000000  0.03694829  80.00000000  2443.02980961  0.99000000
0.03694829  78.00000000  0.03694829  80.00000000  2443.02980961  0.99000000
0.04192805  78.00000000  0.04192805  80.00000000  2442.87140435  0.99000000
0.03694829  78.00000000  0.03694829  80.00000000  2443.02980961  0.99000000
0.03694065  78.00000000  0.03694065  80.00000000  2443.02976038  0.99000000
0.03694829  78.00000000  0.03694829  80.00000000  2443.02980961  0.99000000
0.05218780  78.00000000  0.05218780  80.00000000  2444.99974254  0.99000000
0.03694824  78.00000000  0.03694824  80.00000000  2443.03013367  0.99000000
0.07659991  78.00000000  0.07659991  80.00000000  2445.54067350  0.99000000
0.03694829  78.00000000  0.03694829  80.00000000  2443.02980961  0.99000000
0.03694829  78.00000000  0.03694829  80.00000000  2443.02980961  0.99000000
0.03694829  78.00000000  0.03694829  80.00000000  2443.02980961  0.99000000
0.03694829  78.00000000  0.03694829  80.00000000  2443.02980961  0.99000000
0.03694829  78.00000000  0.03694829  80.00000000  2443.02980961  0.99000000
0.03694829  78.00000000  0.03694829  80.00000000  2443.02980961  0.99000000
0.00444841  76.00000000  0.00416642  80.00000000  2442.99699814  0.99000000
0.03694829  78.00000000  0.03694829  80.00000000  2443.02980961  0.99000000
0.03694829  78.00000000  0.03694829  80.00000000  2443.02980961  0.99000000
0.03694829  78.00000000  0.03694829  80.00000000  2443.02980961  0.99000000
0.03694829  78.00000000  0.03694829  80.00000000  2443.02980961  0.99000000
0.03694829  78.00000000  0.03694829  80.00000000  2443.02980961  0.99000000
0.26214066  69.00000000  0.00303145  80.00000000  2813.62999990  0.99000000
0.03339854  78.00000000  0.03339854  80.00000000  2443.02777198  0.99000000
0.03694829  78.00000000  0.03694829  80.00000000  2443.02980961  0.99000000
0.06269600  76.00000000  0.06013083  80.00000000  2267.29660774  0.99000000
0.01836047  75.00000000  0.01571482  80.00000000  2439.76182107  0.99000000
0.03694829  78.00000000  0.03694829  80.00000000  2443.02980961  0.99000000
0.03808622  78.00000000  0.03808622  80.00000000  2443.03400860  0.99000000
0.03694829  78.00000000  0.03694829  80.00000000  2443.02980961  0.99000000
0.03694829  78.00000000  0.03694829  80.00000000  2443.02980961  0.99000000
0.03170291  78.00000000  0.03170291  80.00000000  2424.47583594  0.99000000
0.00541775  67.00000000  0.00433995  80.00000000  2391.40262501  0.99000000
0.03694829  78.00000000  0.03694829  80.00000000  2443.02980961  0.99000000
0.03694829  78.00000000  0.03694829  80.00000000  2443.02980961  0.99000000
0.00582706  78.00000000  0.00582706  80.00000000  2435.39724118  0.99000000
