14
10
21
21
13
21
12
13
12
0
12
10
9
12
8
21
1
20
1
10
20
18
21
2
10
2
11
24
21
3
3
12
3
0
4
4
13
4
0
19
5
14
5
23
14
23
6
23
15
24
21
7
16
0
0
2
24
8
17
24
17
18
9
5
18
1
10
3
19
19
19
1
11
20
2
20
10
21
0
24
21
24
13
4
11
22
24
8
12
8
1
23
9
0
7
12
16
24
2
16
2
11
11
13
10
5
12
8
13
9
13
16
17
18
19
5
23
23
23
23
21
23
23
22
24
22
24
24
24
24
24
24
24
24
24
24
24
22
24
22
24
10
3
24
24
9
24
24
21
24
