4
17
6
12
19
21
22
13
8
8
13
11
22
0
8
10
1
1
9
1
10
22
16
2
10
2
11
12
1
3
18
3
12
17
4
13
4
13
0
13
14
5
3
14
15
3
6
21
15
23
4
7
16
1
17
7
2
8
17
18
9
9
18
9
18
23
10
19
10
19
20
22
11
0
20
21
12
8
12
21
5
22
13
22
8
22
14
23
8
23
10
23
15
14
0
10
24
16
24
10
16
1
4
1
3
14
18
11
17
4
0
4
1
0
19
0
23
3
23
23
24
23
23
21
23
4
23
18
23
22
23
23
23
23
23
23
23
23
20
23
23
20
22
23
23
22
23
23
23
20
