10
4
7
22
21
13
10
10
22
24
22
9
0
13
8
9
15
1
1
9
9
1
10
2
2
10
11
2
21
3
3
12
3
12
4
4
14
13
15
15
5
4
24
14
3
6
2
6
15
21
24
16
7
1
3
23
8
17
17
8
17
18
9
19
24
0
10
19
4
19
2
11
24
20
22
11
21
0
22
21
13
5
24
13
24
22
5
0
10
1
23
15
4
1
9
5
24
12
24
2
14
4
0
11
16
3
18
17
0
4
4
18
19
15
4
20
23
7
23
23
24
23
23
23
23
23
23
23
23
20
23
23
24
23
23
12
23
23
23
24
24
10
24
4
24
24
24
24
24
24
