20
9
21
16
16
14
9
9
22
23
10
1
1
1
1
1
2
2
2
3
2
3
3
4
3
4
4
5
22
5
15
6
6
6
7
7
18
17
8
8
19
9
5
9
10
9
20
11
10
29
11
12
22
13
9
10
14
12
13
13
30
24
25
30
16
26
15
17
16
27
18
33
17
32
15
29
15
20
17
21
16
16
35
35
35
36
23
21
6
12
36
23
20
21
20
22
25
26
23
13
22
24
27
16
36
36
36
36
23
26
35
16
17
35
35
31
32
28
35
5
35
35
36
35
36
36
36
36
36
36
36
36
36
36
35
36
36
30
30
35
36
36
36
35
17
36
35
36
36
36
36
36
35
35
36
