33
26
20
8
35
34
13
8
33
8
17
36
1
1
1
1
34
24
2
2
17
17
3
1
3
13
4
4
1
4
4
5
5
28
6
16
6
2
6
7
7
4
8
3
18
8
9
19
9
35
10
10
21
21
11
6
7
12
22
12
28
13
23
13
2
14
14
35
15
15
35
15
5
26
16
27
17
10
28
16
18
35
29
19
4
30
33
20
20
15
35
20
21
35
20
32
17
36
36
11
23
6
34
24
35
25
36
20
36
26
3
26
13
8
19
22
5
3
25
28
20
24
36
19
30
35
25
9
31
17
35
33
33
35
35
35
31
35
35
33
35
35
33
35
36
35
35
35
35
35
35
35
35
35
35
35
35
15
35
35
32
35
17
35
35
33
35
35
29
20
22
36
