36
23
30
22
21
31
16
10
11
13
9
9
1
1
1
1
24
33
2
2
12
21
3
3
36
3
13
4
4
1
5
15
5
21
3
6
16
6
30
7
17
7
18
8
3
24
9
33
9
20
5
10
6
35
3
11
22
22
12
5
2
13
29
4
10
14
24
14
25
31
15
26
16
11
9
16
11
27
36
28
18
18
14
29
19
35
36
20
30
20
21
31
21
21
13
32
7
23
1
33
16
1
24
15
34
7
24
21
26
35
36
3
36
10
4
23
20
27
5
28
3
6
1
6
6
21
36
35
18
13
35
33
35
33
35
33
35
35
33
35
35
35
35
33
35
33
35
35
32
4
35
35
35
14
35
35
36
35
35
14
35
35
36
35
15
35
35
35
14
29
35
35
