19
30
20
31
9
7
12
32
26
16
17
33
10
1
1
34
35
17
2
2
11
36
3
14
3
22
28
4
4
20
15
5
5
3
2
6
6
16
1
7
7
30
8
18
8
8
33
9
20
20
10
33
20
28
11
28
7
22
12
12
5
23
13
23
11
14
14
6
25
25
36
4
26
16
26
16
17
0
28
28
34
28
10
19
29
15
19
30
20
31
6
31
12
32
22
32
22
33
33
9
34
34
35
24
2
16
36
36
3
25
3
22
26
4
4
20
0
26
22
28
29
24
36
9
27
7
35
30
33
29
25
35
33
35
33
35
35
33
35
35
33
35
35
35
36
35
36
35
35
35
35
35
35
35
35
35
36
35
36
35
26
35
35
0
35
33
31
35
33
36
35
15
