7
20
31
35
36
10
35
32
22
15
33
23
9
1
1
29
12
2
11
2
2
26
3
12
3
29
14
4
4
23
19
5
5
15
21
6
23
6
3
7
18
3
8
18
8
5
19
9
9
20
4
10
26
11
21
32
36
22
12
12
28
9
24
31
13
24
14
25
15
31
10
15
16
26
6
32
27
17
28
18
2
18
29
9
30
36
36
20
31
35
20
31
35
32
22
32
13
23
1
33
34
36
24
23
35
22
35
25
25
36
15
3
20
23
24
28
26
27
29
29
21
26
23
24
36
22
28
31
35
33
35
33
32
33
35
35
35
35
35
36
32
35
35
35
32
36
35
35
35
36
35
31
35
35
34
35
35
36
35
35
36
32
35
35
32
35
35
18
29
12
22
36
