6
30
20
10
29
11
8
32
12
8
8
10
33
1
1
30
16
2
11
2
2
12
3
12
3
3
4
4
4
14
14
5
5
1
34
6
6
2
35
7
7
18
8
3
8
8
9
5
9
20
10
10
26
21
11
7
32
22
12
12
28
23
23
23
13
14
24
29
4
15
26
27
26
16
4
32
27
17
5
28
18
19
29
29
29
19
20
15
20
31
31
31
21
32
36
13
10
33
33
23
34
9
0
2
35
25
6
36
25
36
24
23
4
23
27
14
14
5
5
16
6
6
6
2
36
17
30
18
35
33
33
35
9
31
35
36
33
35
35
33
35
9
35
26
35
33
35
35
23
23
35
35
35
29
35
36
35
36
36
36
36
36
35
30
35
35
32
35
35
29
35
19
