20
14
32
20
35
11
31
33
9
21
0
10
1
1
1
1
12
2
2
2
2
12
3
3
3
23
27
4
4
14
1
5
5
16
1
6
6
21
4
7
18
18
8
8
18
8
9
21
9
20
10
10
21
30
11
22
33
12
22
12
12
24
24
24
13
14
24
14
6
15
15
2
3
16
11
28
27
13
14
18
18
30
29
18
36
36
0
20
32
20
33
21
33
33
34
21
14
10
23
10
36
1
36
36
2
25
2
12
21
26
16
12
27
26
8
14
13
18
36
1
28
6
6
30
35
20
18
31
33
31
36
35
35
22
35
35
35
35
35
36
35
35
35
35
33
35
35
35
32
35
35
35
35
36
34
36
36
31
35
35
35
35
35
29
36
36
32
30
36
4
36
36
