22
10
30
13
20
14
21
10
29
32
19
23
10
1
1
24
12
11
2
2
36
24
3
3
13
3
19
4
4
14
23
5
15
5
6
1
3
6
6
7
7
18
18
8
18
4
9
20
9
3
10
6
10
11
21
11
11
7
12
12
34
2
23
29
7
14
24
25
11
15
10
15
16
26
35
27
17
17
3
17
32
6
33
29
11
19
20
20
30
13
20
31
21
20
14
32
19
23
22
33
23
23
15
34
2
24
36
2
35
17
26
36
11
13
27
23
20
28
26
17
25
1
30
29
36
20
35
29
7
8
35
22
35
36
35
35
35
35
35
35
35
35
35
35
35
35
30
35
35
33
35
35
26
35
36
35
36
35
16
35
35
34
35
5
33
35
35
6
35
29
35
35
