34
13
24
7
31
8
32
21
22
22
35
33
9
1
1
0
11
24
2
2
20
13
3
36
3
13
1
4
27
14
5
4
5
5
26
6
6
17
3
7
7
18
3
8
20
33
19
9
25
5
10
10
5
21
11
11
22
7
12
5
12
35
23
13
34
8
14
8
35
15
6
26
16
1
15
27
17
17
28
36
18
32
29
19
33
19
34
20
20
13
31
34
32
21
17
7
35
33
11
17
34
23
35
24
25
12
20
25
36
36
16
17
16
27
26
17
16
24
28
5
8
6
36
30
19
35
7
30
5
35
33
33
35
36
35
35
35
34
35
35
35
33
35
35
35
35
35
35
35
35
35
26
35
35
35
34
35
30
35
35
35
28
36
17
35
35
35
36
35
19
36
19
