6
30
35
7
21
8
31
24
22
8
17
23
33
1
1
10
12
2
11
2
2
12
3
3
3
20
4
4
4
4
14
5
5
15
6
15
6
6
25
7
7
24
2
8
8
4
24
9
25
3
20
10
6
11
21
11
5
35
12
29
23
12
13
28
24
14
24
25
9
14
3
26
15
11
12
17
12
17
36
34
18
18
29
29
34
20
10
30
20
20
21
31
31
15
22
36
36
23
33
33
23
23
34
9
35
13
23
9
35
36
27
27
36
17
27
4
21
22
23
15
25
29
6
22
19
7
36
6
8
35
33
35
33
28
35
31
35
35
33
35
35
35
33
35
35
35
33
35
36
35
30
35
35
25
35
35
36
36
35
35
35
33
35
35
35
36
18
35
35
29
36
22
