0
30
9
14
31
21
8
15
14
34
9
33
12
1
1
13
24
2
11
2
2
2
3
3
20
3
4
4
4
14
5
31
5
5
6
16
27
6
7
7
7
7
18
8
18
8
33
3
27
0
10
10
9
7
11
35
22
12
22
12
12
23
2
34
14
35
35
14
15
25
15
26
10
16
16
12
27
11
29
28
35
35
19
13
35
19
9
30
20
14
31
21
21
32
14
34
22
33
23
1
1
10
24
36
35
18
36
24
3
3
26
3
23
27
13
20
11
13
5
29
28
16
36
20
7
7
35
33
18
18
35
33
33
35
35
35
35
35
35
35
35
35
35
35
35
35
35
35
23
35
35
35
35
35
35
36
35
35
35
24
35
36
35
35
34
35
35
35
19
36
36
19
