7
24
9
31
16
12
18
15
17
14
32
26
8
12
18
0
9
32
21
1
22
18
1
20
21
21
16
2
17
24
2
12
18
32
12
23
3
30
23
13
23
24
4
24
14
24
31
23
5
21
21
15
2
24
16
6
31
21
17
27
29
26
23
3
7
31
8
18
25
31
27
19
9
31
19
26
27
2
30
10
20
4
29
4
11
0
21
6
5
22
12
29
5
6
0
23
13
7
28
29
30
9
14
24
2
32
15
6
25
31
15
31
16
26
2
31
1
17
32
17
27
5
11
12
10
18
28
7
0
10
0
32
29
10
3
10
10
20
8
30
1
21
21
21
13
2
31
21
14
15
11
32
15
23
11
16
5
1
23
24
4
3
19
24
25
23
5
19
9
9
2
28
11
6
27
21
17
27
31
31
30
32
32
31
27
31
2
31
19
31
29
31
27
31
31
31
29
31
31
31
31
11
29
29
31
6
31
25
1
32
24
30
0
32
28
8
32
29
30
32
14
32
14
32
9
32
11
29
31
31
16
26
32
32
19
17
