6
32
23
27
18
28
14
28
13
8
20
9
14
10
1
17
21
0
2
32
22
11
22
3
13
12
22
4
19
28
26
5
15
5
24
16
6
16
7
7
2
1
17
8
0
1
3
31
9
19
20
30
10
20
21
21
11
30
1
31
22
13
13
23
5
13
31
14
24
5
15
26
25
26
16
7
26
27
32
31
27
18
32
29
28
29
32
20
29
20
10
21
30
21
0
2
31
22
31
0
3
21
32
22
11
8
23
19
20
18
5
23
16
20
2
28
31
31
24
31
30
32
21
32
31
31
10
25
31
3
30
0
31
29
30
25
31
27
30
31
31
31
13
31
25
32
30
32
26
31
29
31
7
31
