4
5
5
11
21
9
20
12
22
23
24
22
21
8
11
23
23
1
12
24
15
9
24
10
2
1
23
1
1
18
3
1
1
12
4
15
4
15
16
5
14
5
15
0
14
6
6
6
20
1
3
16
16
16
20
7
8
17
4
24
1
18
18
18
19
10
4
19
4
19
19
20
11
20
5
7
12
11
21
11
13
6
22
23
22
22
13
14
15
23
23
23
15
24
24
24
12
24
6
1
11
14
1
15
18
16
17
2
4
15
9
15
11
20
2
23
21
23
9
23
22
24
20
24
3
23
5
23
20
23
23
24
21
24
1
3
24
5
7
24
11
0
24
4
24
22
23
23
