20
5
12
21
21
11
7
7
11
13
22
20
8
9
16
13
1
1
1
1
20
11
17
10
2
11
1
21
11
3
1
17
3
13
13
4
13
1
13
15
5
23
14
24
6
6
16
6
15
6
7
16
7
16
3
17
2
17
8
23
9
0
18
9
7
2
10
19
1
11
11
1
20
24
20
5
12
21
1
21
3
3
12
13
22
9
7
14
23
23
23
1
14
14
16
24
3
16
2
10
9
6
1
18
18
17
3
10
13
8
16
19
13
15
20
23
14
21
23
21
19
23
22
24
24
23
21
23
19
23
16
24
24
21
23
0
16
23
22
2
23
22
23
11
23
22
23
23
