16 3 7 14 1 16 16 15 11 4 16 10 0 14 15 6 12 14 15 13 6 6 10 8 8 1 7 3 7 16 12 9 4 10 14 16 6 6 4 7 5 0 9 3 9 2 14 2 5 10 5 0 10 0 9 10 5 6 2 16 12 11 12 9 12 12 10 13 9 15 1 5 7 10 7 12 13 11 13 10
6 3 0 7 13 10 9 15 14 7 7 15 16 16 9 16 15 12 11 0 6 16 14 16 7 2 12 8 5 7 7 7 16 4 2 6 1 14 8 10 15 16 1 3 1 13 5 9 10 3 8 14 7 13 10 6 12 5 12 6 5 15 4 13 7 6 9 3 9 0 3 8 0 4 0 5 1 9 16 8
12 0 10 3 14 4 5 11 0 12 5 4 3 16 0 0 10 12 15 7 12 8 1 14 10 14 6 16 6 5 2 3 5 16 16 7 14 4 5 5 15 11 12 4 7 16 4 11 16 7 3 14 8 5 14 10 13 10 2 4 5 1 5 4 1 6 4 12 11 2 3 0 2 14 1 6 16 14 5 16
14 4 16 13 15 10 6 4 13 16 14 12 10 11 0 6 13 12 14 14 10 8 13 15 13 0 5 3 4 13 15 12 6 9 1 0 4 4 2 8 13 10 11 8 13 3 8 2 12 13 2 8 9 5 1 0 9 14 3 14 4 9 8 4 11 5 2 13 1 9 3 1 5 13 1 10 7 13 16 14
9 0 0 1 9 15 10 15 16 12 11 12 16 1 8 6 4 1 1 7 14 13 12 13 16 15 0 8 0 15 16 8 8 8 0 0 11 12 16 12 4 14 6 13 4 11 2 1 14 0 7 3 15 1 5 1 9 14 8 5 15 16 5 14 2 13 6 12 4 14 7 3 6 8 7 4 6 1 2 15
14 11 5 8 13 8 5 14 12 7 11 13 14 6 7 3 6 4 14 8 4 14 1 13 13 3 2 16 8 4 4 12 1 0 11 7 6 11 13 13 5 16 9 4 16 0 2 2 13 1 12 14 13 5 9 6 14 10 8 15 10 2 13 12 10 16 1 4 16 7 1 6 7 13 6 9 4 6 8 3
15 7 11 12 9 10 2 1 5 8 11 5 15 16 0 10 15 15 10 7 15 8 10 1 9 9 2 10 6 2 12 11 15 1 7 2 3 16 16 5 3 15 4 0 3 3 2 10 0 11 12 3 12 5 8 13 6 9 3 5 2 0 10 10 15 15 7 4 0 14 0 5 6 3 7 14 4 4 14 4
8 12 11 9 2 7 10 0 3 8 10 6 3 16 10 7 4 14 9 10 16 9 14 5 7 12 8 9 3 6 15 4 14 7 4 14 16 4 10 5 3 12 3 14 4 11 3 1 2 12 5 1 16 13 7 4 14 3 2 2 9 10 5 7 3 8 0 11 7 2 12 6 3 12 2 5 5 12 9 7
7 13 6 12 5 2 3 1 4 13 5 0 14 16 10 8 12 9 5 13 6 16 16 16 0 16 12 9 11 4 15 13 4 7 13 10 14 9 3 4 2 14 3 16 6 16 14 1 7 7 16 16 16 16 1 15 6 1 9 2 3 8 0 15 4 15 16 6 1 2 16 6 15 14 2 6 7 4 12 4
9 13 16 15 15 15 12 8 5 15 0 9 16 7 5 15 10 3 12 15 5 0 4 15 8 15 3 8 14 8 5 5 0 6 4 4 4 6 0 16 12 1 10 14 0 13 11 11 4 0 0 6 0 3 16 11 4 8 0 8 8 1 1 11 6 16 12 8 12 11 1 5 12 10 14 16 14 6 4 4
