# Results obtained using DQN. CPU time: 31.313270092010498
0.01716828  69.00000000  0.00511830  80.00000000  2094.86096268  0.00000000
0.00081485  70.00000000  0.00002610  80.00000000  1432.45437985  0.00000000
0.00161500  74.00000000  0.00063464  80.00000000  1560.96491475  0.00000000
0.00095104  76.00000000  0.00075095  80.00000000  1620.22807637  0.00000000
0.00047187  77.00000000  0.00043573  80.00000000  1267.69090868  0.00000000
0.00148508  75.00000000  0.00096110  80.00000000  1859.51649309  0.00000000
0.00033293  68.00000000  0.00018491  80.00000000  2110.00590127  0.00031625
0.00116268  78.00000000  0.00116268  80.00000000  2411.99794896  0.00077625
0.00291906  78.00000000  0.00291906  80.00000000  1992.79622993  0.00123625
0.00035846  59.00000000  0.00003804  80.00000000  1564.93160317  0.00169626
0.00366759  78.00000000  0.00366759  80.00000000  2265.96218914  0.00215626
0.00366512  78.00000000  0.00366512  80.00000000  1958.24745805  0.00261626
0.00105737  67.00000000  0.00049471  80.00000000  2097.85023220  0.00307626
0.00007118  78.00000000  0.00007118  80.00000000  1805.49422788  0.00353626
0.00008440  72.00000000  0.00001136  80.00000000  1887.16087472  0.00399626
0.00655271  78.00000000  0.00655271  80.00000000  2016.34914731  0.00445626
0.00172204  77.00000000  0.00170890  80.00000000  1715.94263736  0.00491627
0.00146217  62.00000000  0.00087805  80.00000000  2455.18424944  0.00537627
0.00516216  69.00000000  0.00334690  80.00000000  2237.81770901  0.00583627
0.00412348  76.00000000  0.00305202  80.00000000  1619.65593203  0.00629627
0.00200243  73.00000000  0.00198288  80.00000000  2629.99864360  0.00675627
0.00082888  73.00000000  0.00063785  80.00000000  2718.46075108  0.00721627
0.00022365  74.00000000  0.00000087  80.00000000  1666.23457721  0.00767627
0.00005086  57.00000000  0.00000573  80.00000000  1501.44561578  0.00813628
0.00042609  75.00000000  0.00000825  80.00000000  2348.81124081  0.00859628
0.00841917  78.00000000  0.00841917  80.00000000  2268.97743531  0.00905628
0.00011264  78.00000000  0.00011264  80.00000000  2468.48124552  0.00951628
0.00503778  76.00000000  0.00377832  80.00000000  2209.04143307  0.00997628
0.00013102  73.00000000  0.00012557  80.00000000  2188.89368278  0.01043628
0.00402473  74.00000000  0.00333975  80.00000000  1555.97330781  0.01089629
0.00082195  75.00000000  0.00065877  80.00000000  2427.48555339  0.01135629
0.00161039  73.00000000  0.00135644  80.00000000  2248.29938508  0.01181629
0.00320425  72.00000000  0.00234785  80.00000000  1794.94552986  0.01227629
0.00052150  62.00000000  0.00028523  80.00000000  1941.38143194  0.01273629
0.00021458  76.00000000  0.00006680  80.00000000  2363.82389614  0.01319629
0.00044785  78.00000000  0.00044785  80.00000000  2232.92478863  0.01365629
0.00487184  78.00000000  0.00487184  80.00000000  1526.34972122  0.01411630
0.00213384  78.00000000  0.00213384  80.00000000  1641.00700861  0.01457630
0.00086348  78.00000000  0.00086348  80.00000000  2071.14691694  0.01503630
0.02056810  78.00000000  0.02056810  80.00000000  1893.77864098  0.01549630
0.00105255  78.00000000  0.00105255  80.00000000  1380.09605113  0.01595630
0.01427412  75.00000000  0.00569025  80.00000000  2917.92219392  0.01641630
0.00021368  61.00000000  0.00004854  80.00000000  2323.19126258  0.01687630
0.00543099  78.00000000  0.00543099  80.00000000  3533.99646456  0.01733631
0.00089053  72.00000000  0.00005499  80.00000000  1512.44302521  0.01779631
0.01096541  61.00000000  0.00119877  80.00000000  2307.47073025  0.01825631
0.00130298  76.00000000  0.00092619  80.00000000  1722.81508372  0.01871631
0.00102101  74.00000000  0.00061839  80.00000000  1546.93472338  0.01917631
0.00000948  78.00000000  0.00000948  80.00000000  1467.95914515  0.01963631
0.00191549  72.00000000  0.00168000  80.00000000  2028.51424372  0.02009632
0.00063866  78.00000000  0.00063866  80.00000000  1655.17438158  0.02055632
0.00071851  78.00000000  0.00071851  80.00000000  1210.45401446  0.02101632
0.00322698  77.00000000  0.00274921  80.00000000  2069.40641019  0.02147632
0.00008815  78.00000000  0.00008815  80.00000000  1489.10228121  0.02193632
0.00068909  78.00000000  0.00068909  80.00000000  1928.47626733  0.02239632
0.00136600  78.00000000  0.00136600  80.00000000  2693.37570872  0.02285632
0.00665982  72.00000000  0.00256335  80.00000000  1899.84822452  0.02331633
0.00056327  75.00000000  0.00024217  80.00000000  2180.67844512  0.02377633
0.01380921  78.00000000  0.01380921  80.00000000  3286.36426606  0.02423633
0.00392408  78.00000000  0.00392408  80.00000000  1763.32512034  0.02469633
0.00094366  75.00000000  0.00063327  80.00000000  1638.92604564  0.02515633
0.00098675  50.00000000  0.00073979  80.00000000  1675.89195212  0.02561633
0.00043290  78.00000000  0.00043290  80.00000000  2434.30030115  0.02607633
0.00150588  78.00000000  0.00150588  80.00000000  1626.04392956  0.02653634
0.00118634  78.00000000  0.00118634  80.00000000  2109.28618898  0.02699634
0.00021494  75.00000000  0.00020726  80.00000000  2430.14557738  0.02745634
0.00173061  72.00000000  0.00146264  80.00000000  2466.69815367  0.02791634
0.00020581  78.00000000  0.00020581  80.00000000  1785.01054146  0.02837634
0.00092195  78.00000000  0.00092195  80.00000000  1769.78342382  0.02883634
0.00062982  69.00000000  0.00049788  80.00000000  1864.42049571  0.02929635
0.00010236  73.00000000  0.00003332  80.00000000  1524.13778184  0.02975635
0.00583990  78.00000000  0.00583990  80.00000000  2250.91721251  0.03021635
0.00170824  73.00000000  0.00035096  80.00000000  1736.61314539  0.03067635
0.00033488  76.00000000  0.00026030  80.00000000  2131.82673763  0.03113635
0.01131319  78.00000000  0.01131319  80.00000000  2906.79323154  0.03159635
0.00129963  78.00000000  0.00129963  80.00000000  2392.40431367  0.03205635
0.00004600  67.00000000  0.00000560  80.00000000  1676.60046558  0.03251636
0.00123519  78.00000000  0.00123519  80.00000000  2107.06836148  0.03297636
0.00055754  78.00000000  0.00055754  80.00000000  2091.14006235  0.03343636
0.01014147  78.00000000  0.01014147  80.00000000  2421.52676590  0.03389636
0.00003928  71.00000000  0.00002420  80.00000000  1434.45505763  0.03435636
0.00168267  70.00000000  0.00049341  80.00000000  2344.54286395  0.03481636
0.00062269  74.00000000  0.00056126  80.00000000  1633.76836843  0.03527636
0.00127593  78.00000000  0.00127593  80.00000000  2542.35655451  0.03573637
0.00068845  78.00000000  0.00068845  80.00000000  2651.44052035  0.03619637
0.00075728  73.00000000  0.00046153  80.00000000  1595.47265664  0.03665637
0.00381616  78.00000000  0.00381616  80.00000000  2458.34354512  0.03711637
0.00013710  78.00000000  0.00013710  80.00000000  2617.44193321  0.03757637
0.00193199  67.00000000  0.00142843  80.00000000  2772.24146623  0.03803637
0.07899435  78.00000000  0.07899435  80.00000000  1759.69697654  0.03849638
0.00017461  71.00000000  0.00013037  80.00000000  1941.98685761  0.03895638
0.00454133  78.00000000  0.00454133  80.00000000  2947.24695550  0.03941638
0.00003124  78.00000000  0.00003124  80.00000000  1748.18276279  0.03987638
0.00198224  74.00000000  0.00198162  80.00000000  1544.72569717  0.04033638
0.00049848  78.00000000  0.00049848  80.00000000  1826.02831494  0.04079638
0.00167811  65.00000000  0.00122626  80.00000000  1805.45249483  0.04125638
0.00200438  78.00000000  0.00200438  80.00000000  1889.36081823  0.04171639
0.00063086  78.00000000  0.00063086  80.00000000  1763.85628437  0.04217639
0.00289690  78.00000000  0.00289690  80.00000000  1793.09106039  0.04263639
0.00038485  67.00000000  0.00013009  80.00000000  1310.04903838  0.04309639
0.00017969  67.00000000  0.00001470  80.00000000  1781.94744242  0.04355639
0.01254010  78.00000000  0.01254010  80.00000000  2434.92921584  0.04401639
0.00503355  78.00000000  0.00503355  80.00000000  2410.71608115  0.04447639
0.00049966  68.00000000  0.00018189  80.00000000  1998.62194792  0.04493640
0.01003451  73.00000000  0.00481270  80.00000000  3243.16821931  0.04539640
0.00043443  78.00000000  0.00043443  80.00000000  1581.85551672  0.04585640
0.00076367  77.00000000  0.00076256  80.00000000  1443.32115871  0.04631640
0.00027150  73.00000000  0.00001417  80.00000000  3374.21890088  0.04677640
0.00139814  62.00000000  0.00015008  80.00000000  2985.30026690  0.04723640
0.00593872  54.00000000  0.00490901  80.00000000  3526.14512864  0.04769640
0.00391074  75.00000000  0.00255188  80.00000000  2669.95098586  0.04815641
0.00122380  78.00000000  0.00122380  80.00000000  1611.32683650  0.04861641
0.00019553  78.00000000  0.00019553  80.00000000  2478.57486847  0.04907641
0.00221165  78.00000000  0.00221165  80.00000000  1458.33796400  0.04953641
0.00343508  75.00000000  0.00251385  80.00000000  1835.21622634  0.04999641
0.00777347  78.00000000  0.00777347  80.00000000  2268.42820995  0.05045641
0.00010493  78.00000000  0.00010493  80.00000000  1496.66433675  0.05091642
0.00150789  73.00000000  0.00143399  80.00000000  2024.15894769  0.05137642
0.00027185  62.00000000  0.00012100  80.00000000  1625.32766109  0.05183642
0.00156218  59.00000000  0.00024820  80.00000000  2159.74260283  0.05229642
0.00040961  65.00000000  0.00017880  80.00000000  2886.97981939  0.05275642
0.00581830  77.00000000  0.00578122  80.00000000  2543.97951232  0.05321642
0.00051848  78.00000000  0.00051848  80.00000000  2786.74439311  0.05367642
0.00030722  78.00000000  0.00030722  80.00000000  1929.41290068  0.05413643
0.00073982  75.00000000  0.00058223  80.00000000  1804.50781113  0.05459643
0.00124432  72.00000000  0.00034474  80.00000000  1400.18276517  0.05505643
0.00003793  74.00000000  0.00000348  80.00000000  1526.70044548  0.05551643
0.00107698  78.00000000  0.00107698  80.00000000  2399.71202470  0.05597643
0.00059379  78.00000000  0.00059379  80.00000000  2097.82199153  0.05643643
0.00446824  68.00000000  0.00307533  80.00000000  3043.85973901  0.05689643
0.00035896  62.00000000  0.00034744  80.00000000  1782.42297808  0.05735644
0.00051993  78.00000000  0.00051993  80.00000000  2203.59016752  0.05781644
0.00247132  78.00000000  0.00247132  80.00000000  2039.82304775  0.05827644
0.00022916  64.00000000  0.00013602  80.00000000  1993.63242103  0.05873644
0.00001980  76.00000000  0.00000271  80.00000000  1682.84740689  0.05919644
0.00740896  71.00000000  0.00173020  80.00000000  3682.01997338  0.05965644
0.00030964  69.00000000  0.00008948  80.00000000  1962.61615577  0.06011645
0.00263576  78.00000000  0.00263576  80.00000000  2307.57370010  0.06057645
0.00209297  72.00000000  0.00010878  80.00000000  2488.77636693  0.06103645
0.00008774  78.00000000  0.00008774  80.00000000  1518.33880013  0.06149645
0.00523299  60.00000000  0.00365682  80.00000000  1664.18137980  0.06195645
0.00004107  74.00000000  0.00000745  80.00000000  1401.86871954  0.06241645
0.00659953  67.00000000  0.00329112  80.00000000  2327.06269629  0.06287645
0.00009942  75.00000000  0.00005347  80.00000000  1793.49006160  0.06333646
0.00534844  78.00000000  0.00534844  80.00000000  2971.05643863  0.06379646
0.00028172  78.00000000  0.00028172  80.00000000  1693.87827658  0.06425646
0.00042756  78.00000000  0.00042756  80.00000000  2138.75123878  0.06471646
0.00003356  66.00000000  0.00000078  80.00000000  1552.53638832  0.06517646
0.01313484  56.00000000  0.00890637  80.00000000  2974.20047205  0.06563646
0.00222929  75.00000000  0.00077761  80.00000000  1929.32523279  0.06609646
0.01431645  69.00000000  0.00390621  80.00000000  3365.24562435  0.06655647
0.00288501  76.00000000  0.00254832  80.00000000  1912.58844939  0.06701647
0.00197172  78.00000000  0.00197172  80.00000000  2442.79786688  0.06747647
0.00951259  73.00000000  0.00461855  80.00000000  1752.40923075  0.06793647
0.00008731  67.00000000  0.00007588  80.00000000  1450.89014226  0.06839647
0.00397595  71.00000000  0.00203022  80.00000000  1745.19971810  0.06885647
0.01505706  74.00000000  0.01372927  80.00000000  2300.97193480  0.06931648
0.00086266  78.00000000  0.00086266  80.00000000  2341.66112419  0.06977648
0.00263246  78.00000000  0.00263246  80.00000000  2262.12840082  0.07023648
0.00040998  78.00000000  0.00040998  80.00000000  1756.01563850  0.07069648
0.08095937  78.00000000  0.08095937  80.00000000  2597.81267951  0.07115648
0.00128287  72.00000000  0.00057768  80.00000000  1732.72619371  0.07161648
0.00030927  56.00000000  0.00009424  80.00000000  1796.41222170  0.07207648
0.00012730  73.00000000  0.00009362  80.00000000  2140.52158353  0.07253649
0.00044915  78.00000000  0.00044915  80.00000000  1665.31979787  0.07299649
0.00076677  76.00000000  0.00056785  80.00000000  1619.64366333  0.07345649
0.01571213  78.00000000  0.01571213  80.00000000  2989.37439614  0.07391649
0.00258317  78.00000000  0.00258317  80.00000000  1669.03872048  0.07437649
0.00612483  59.00000000  0.00120834  80.00000000  2026.14782966  0.07483649
0.00477308  78.00000000  0.00477308  80.00000000  2457.22880035  0.07529649
0.00463423  78.00000000  0.00463423  80.00000000  1945.94904446  0.07575650
0.00068549  65.00000000  0.00032699  80.00000000  1641.78771184  0.07621650
0.00106923  78.00000000  0.00106923  80.00000000  1478.42950879  0.07667650
0.00026216  62.00000000  0.00016951  80.00000000  2161.66063442  0.07713650
0.00585523  78.00000000  0.00585523  80.00000000  2117.21972442  0.07759650
0.00027891  72.00000000  0.00006835  80.00000000  1757.05702160  0.07805650
0.00009613  71.00000000  0.00005763  80.00000000  1447.65701361  0.07851651
0.00497317  63.00000000  0.00016593  80.00000000  3443.36198541  0.07897651
0.00216922  71.00000000  0.00198207  80.00000000  3383.97459460  0.07943651
0.00043399  76.00000000  0.00038362  80.00000000  1427.77573354  0.07989651
0.00055104  78.00000000  0.00055104  80.00000000  2069.40582655  0.08035651
0.00047033  78.00000000  0.00047033  80.00000000  2798.21026173  0.08081651
0.00062630  78.00000000  0.00062630  80.00000000  2009.16603651  0.08127651
0.00045003  74.00000000  0.00030888  80.00000000  2319.76868286  0.08173652
0.00060201  73.00000000  0.00033039  80.00000000  1459.78404124  0.08219652
0.00471017  78.00000000  0.00471017  80.00000000  2250.10137373  0.08265652
0.00078640  78.00000000  0.00078640  80.00000000  2418.26552717  0.08311652
0.00061544  78.00000000  0.00061544  80.00000000  1263.80932894  0.08357652
0.00231146  77.00000000  0.00174466  80.00000000  1936.86732956  0.08403652
0.00033237  78.00000000  0.00033237  80.00000000  1839.46794798  0.08449652
0.00018332  74.00000000  0.00011176  80.00000000  1612.49745639  0.08495653
0.00050684  68.00000000  0.00010728  80.00000000  2413.24060133  0.08541653
0.00035299  70.00000000  0.00016669  80.00000000  1305.43045864  0.08587653
0.00158476  78.00000000  0.00158476  80.00000000  2206.32084993  0.08633653
0.00075448  67.00000000  0.00016381  80.00000000  1588.01599164  0.08679653
0.00197003  74.00000000  0.00029857  80.00000000  1620.93171145  0.08725653
0.00546366  55.00000000  0.00293344  80.00000000  2426.16139414  0.08771653
0.04151804  61.00000000  0.00583630  80.00000000  2524.23598287  0.08817654
0.00027257  60.00000000  0.00002470  80.00000000  1848.60753554  0.08863654
0.00070477  72.00000000  0.00040129  80.00000000  2284.51080557  0.08909654
0.00440639  68.00000000  0.00180339  80.00000000  1931.34579604  0.08955654
