# Results obtained using DQN. CPU time: 138.25887751579285
0.00999516  35.00000000  0.00940271  40.00000000  1194.11448303  0.00000000
0.00757876  38.00000000  0.00757876  40.00000000  1119.39388554  0.00000000
0.00211174  37.00000000  0.00184396  40.00000000  1256.58827840  0.00000000
0.00412922  27.00000000  0.00225972  40.00000000  1822.84349683  0.00000000
0.01134820  37.00000000  0.01067701  40.00000000  1596.66501380  0.00000000
0.01516765  34.00000000  0.00309907  40.00000000  1426.86322132  0.00000000
0.00265614  37.00000000  0.00251884  40.00000000  1064.75736861  0.00000000
0.00482946  37.00000000  0.00479637  40.00000000  1652.56781264  0.00000000
0.00127865  26.00000000  0.00046372  40.00000000  1073.60608671  0.00000000
0.00047101  37.00000000  0.00037567  40.00000000  884.97810695  0.00000000
0.00149066  25.00000000  0.00133889  40.00000000  969.88863549  0.00000000
0.00171673  38.00000000  0.00171673  40.00000000  1014.71413988  0.00000000
0.00080646  38.00000000  0.00080646  40.00000000  1057.19717758  0.03028237
0.00068692  38.00000000  0.00068692  40.00000000  929.98845855  0.11103537
0.00285563  38.00000000  0.00285563  40.00000000  1226.70868056  0.19178837
0.00348759  32.00000000  0.00276638  40.00000000  1589.70737505  0.27254136
0.00001959  37.00000000  0.00001864  40.00000000  906.34213444  0.35329436
0.03809939  38.00000000  0.03809939  40.00000000  1362.71724891  0.43404736
0.00790544  34.00000000  0.00033811  40.00000000  1355.30430605  0.51480035
0.00381853  31.00000000  0.00014709  40.00000000  1249.91575883  0.59555335
0.00673569  35.00000000  0.00450260  40.00000000  1330.11283426  0.67630635
0.02236523  38.00000000  0.02236523  40.00000000  1352.49612245  0.75705935
0.00022330  38.00000000  0.00022330  40.00000000  2011.48994079  0.83781234
0.03218054  32.00000000  0.02270017  40.00000000  1295.11541166  0.91856534
0.01200479  26.00000000  0.00547925  40.00000000  1346.42478141  0.99931834
0.02337757  38.00000000  0.02337757  40.00000000  1333.25996509  0.99000000
0.02664884  29.00000000  0.02127033  40.00000000  1350.33849753  0.99000000
0.01200479  26.00000000  0.00547925  40.00000000  1346.42478141  0.99000000
0.01200479  26.00000000  0.00547925  40.00000000  1346.42478141  0.99000000
0.01200479  26.00000000  0.00547925  40.00000000  1346.42478141  0.99000000
0.01200479  26.00000000  0.00547925  40.00000000  1346.42478141  0.99000000
0.01200479  26.00000000  0.00547925  40.00000000  1346.42478141  0.99000000
0.02283091  38.00000000  0.02283091  40.00000000  1346.50246407  0.99000000
0.02065586  37.00000000  0.02063971  40.00000000  1292.78667634  0.99000000
0.01200479  26.00000000  0.00547925  40.00000000  1346.42478141  0.99000000
0.01194343  26.00000000  0.00443820  40.00000000  1346.82380377  0.99000000
0.01200479  26.00000000  0.00547925  40.00000000  1346.42478141  0.99000000
0.01443905  28.00000000  0.01160404  40.00000000  1351.78272083  0.99000000
0.01200479  26.00000000  0.00547925  40.00000000  1346.42478141  0.99000000
0.01200479  26.00000000  0.00547925  40.00000000  1346.42478141  0.99000000
0.01200479  26.00000000  0.00547925  40.00000000  1346.42478141  0.99000000
0.01200479  26.00000000  0.00547925  40.00000000  1346.42478141  0.99000000
0.01200479  26.00000000  0.00547925  40.00000000  1346.42478141  0.99000000
0.01200479  26.00000000  0.00547925  40.00000000  1346.42478141  0.99000000
0.01195504  26.00000000  0.00533198  40.00000000  1346.47150690  0.99000000
0.01200479  26.00000000  0.00547925  40.00000000  1346.42478141  0.99000000
0.01200493  26.00000000  0.00547822  40.00000000  1346.42505975  0.99000000
0.01200479  26.00000000  0.00547925  40.00000000  1346.42478141  0.99000000
0.01200479  26.00000000  0.00547925  40.00000000  1346.42478141  0.99000000
0.01200479  26.00000000  0.00547925  40.00000000  1346.42478141  0.99000000
0.01200479  26.00000000  0.00547925  40.00000000  1346.42478141  0.99000000
0.01200479  26.00000000  0.00547925  40.00000000  1346.42478141  0.99000000
0.04706538  38.00000000  0.04706538  40.00000000  1310.29284641  0.99000000
0.01200479  26.00000000  0.00547925  40.00000000  1346.42478141  0.99000000
0.02364892  38.00000000  0.02364892  40.00000000  1346.46124247  0.99000000
0.03071330  31.00000000  0.02115736  40.00000000  1520.11213254  0.99000000
0.01200479  26.00000000  0.00547925  40.00000000  1346.42478141  0.99000000
0.01200479  26.00000000  0.00547925  40.00000000  1346.42478141  0.99000000
0.02858078  29.00000000  0.01975296  40.00000000  1752.87793427  0.99000000
0.01200479  26.00000000  0.00547925  40.00000000  1346.42478141  0.99000000
0.01368194  38.00000000  0.01368194  40.00000000  1489.96323978  0.99000000
0.01200493  26.00000000  0.00547822  40.00000000  1346.42505975  0.99000000
0.01200479  26.00000000  0.00547925  40.00000000  1346.42478141  0.99000000
0.01200479  26.00000000  0.00547925  40.00000000  1346.42478141  0.99000000
0.01192294  26.00000000  0.00486538  40.00000000  1346.65366450  0.99000000
0.01200479  26.00000000  0.00547925  40.00000000  1346.42478141  0.99000000
0.01200479  26.00000000  0.00547925  40.00000000  1346.42478141  0.99000000
0.00968324  38.00000000  0.00968324  40.00000000  1346.39760159  0.99000000
0.01200479  26.00000000  0.00547925  40.00000000  1346.42478141  0.99000000
0.01200479  26.00000000  0.00547925  40.00000000  1346.42478141  0.99000000
0.02282879  37.00000000  0.02225694  40.00000000  1351.70649148  0.99000000
0.03600220  26.00000000  0.00797927  40.00000000  1307.01346100  0.99000000
0.01200479  26.00000000  0.00073455  40.00000000  1346.42313394  0.99000000
0.01200479  26.00000000  0.00547925  40.00000000  1346.42478141  0.99000000
0.01200479  26.00000000  0.00547925  40.00000000  1346.42478141  0.99000000
0.01200479  26.00000000  0.00547925  40.00000000  1346.42478141  0.99000000
0.01200479  26.00000000  0.00547925  40.00000000  1346.42478141  0.99000000
0.04445778  31.00000000  0.01963891  40.00000000  1362.31062723  0.99000000
0.01200479  26.00000000  0.00547925  40.00000000  1346.42478141  0.99000000
0.01200479  26.00000000  0.00547925  40.00000000  1346.42478141  0.99000000
0.02780426  38.00000000  0.02780426  40.00000000  1352.68108679  0.99000000
0.01200479  26.00000000  0.00547925  40.00000000  1346.42478141  0.99000000
0.02319649  36.00000000  0.02203705  40.00000000  1352.91400951  0.99000000
0.01200479  26.00000000  0.00547925  40.00000000  1346.42478141  0.99000000
0.01200479  26.00000000  0.00547925  40.00000000  1346.42478141  0.99000000
0.01634102  38.00000000  0.01634102  40.00000000  1345.00325432  0.99000000
0.01200479  26.00000000  0.00547925  40.00000000  1346.42478141  0.99000000
0.01200479  26.00000000  0.00547925  40.00000000  1346.42478141  0.99000000
0.01200479  26.00000000  0.00547925  40.00000000  1346.42478141  0.99000000
0.01200479  26.00000000  0.00547925  40.00000000  1346.42478141  0.99000000
0.01200479  26.00000000  0.00547925  40.00000000  1346.42478141  0.99000000
0.01200479  26.00000000  0.00547925  40.00000000  1346.42478141  0.99000000
0.03730952  38.00000000  0.03730952  40.00000000  1342.31650699  0.99000000
0.01200479  26.00000000  0.00547925  40.00000000  1346.42478141  0.99000000
0.01200479  26.00000000  0.00547925  40.00000000  1346.42478141  0.99000000
0.01200479  26.00000000  0.00547925  40.00000000  1346.42478141  0.99000000
0.01200479  26.00000000  0.00547925  40.00000000  1346.42478141  0.99000000
0.01590269  38.00000000  0.01590269  40.00000000  1346.44939432  0.99000000
0.01257231  26.00000000  0.00655501  40.00000000  1346.88866531  0.99000000
0.01200479  26.00000000  0.00547925  40.00000000  1346.42478141  0.99000000
0.01200479  26.00000000  0.00547925  40.00000000  1346.42478141  0.99000000
0.01200479  26.00000000  0.00547925  40.00000000  1346.42478141  0.99000000
0.01821850  29.00000000  0.01519726  40.00000000  1347.46567025  0.99000000
0.01200479  26.00000000  0.00547925  40.00000000  1346.42478141  0.99000000
0.01200479  26.00000000  0.00547925  40.00000000  1346.42478141  0.99000000
0.01200479  26.00000000  0.00547925  40.00000000  1346.42478141  0.99000000
0.01200479  26.00000000  0.00547925  40.00000000  1346.42478141  0.99000000
0.01200479  26.00000000  0.00547925  40.00000000  1346.42478141  0.99000000
0.01200479  26.00000000  0.00547925  40.00000000  1346.42478141  0.99000000
0.01200479  26.00000000  0.00547925  40.00000000  1346.42478141  0.99000000
0.01200479  26.00000000  0.00547925  40.00000000  1346.42478141  0.99000000
0.01200479  26.00000000  0.00547925  40.00000000  1346.42478141  0.99000000
0.01200479  26.00000000  0.00547925  40.00000000  1346.42478141  0.99000000
0.01200479  26.00000000  0.00547925  40.00000000  1346.42478141  0.99000000
0.01200479  26.00000000  0.00547925  40.00000000  1346.42478141  0.99000000
0.01200479  26.00000000  0.00547925  40.00000000  1346.42478141  0.99000000
0.01200479  26.00000000  0.00547925  40.00000000  1346.42478141  0.99000000
0.02065586  37.00000000  0.02063971  40.00000000  1292.78667634  0.99000000
0.01200479  26.00000000  0.00547925  40.00000000  1346.42478141  0.99000000
0.01200479  26.00000000  0.00547925  40.00000000  1346.42478141  0.99000000
0.03616052  26.00000000  0.01041445  40.00000000  1324.95335425  0.99000000
0.06410419  32.00000000  0.02257999  40.00000000  1344.92067580  0.99000000
0.01200479  26.00000000  0.00547925  40.00000000  1346.42478141  0.99000000
0.02094030  37.00000000  0.02042918  40.00000000  1352.64890874  0.99000000
0.01395410  38.00000000  0.01395410  40.00000000  1346.43495477  0.99000000
0.01200479  26.00000000  0.00547925  40.00000000  1346.42478141  0.99000000
0.01200479  26.00000000  0.00547925  40.00000000  1346.42478141  0.99000000
0.00684925  31.00000000  0.00470056  40.00000000  1301.27122021  0.99000000
0.01200479  26.00000000  0.00547925  40.00000000  1346.42478141  0.99000000
0.01200479  26.00000000  0.00547925  40.00000000  1346.42478141  0.99000000
0.01200479  26.00000000  0.00547925  40.00000000  1346.42478141  0.99000000
0.01200479  26.00000000  0.00547925  40.00000000  1346.42478141  0.99000000
0.48114834  37.00000000  0.47993114  40.00000000  2039.20404055  0.99000000
0.01200479  26.00000000  0.00547925  40.00000000  1346.42478141  0.99000000
0.01200479  26.00000000  0.00547925  40.00000000  1346.42478141  0.99000000
0.04706538  38.00000000  0.04706538  40.00000000  1310.29284641  0.99000000
0.01200479  26.00000000  0.00547925  40.00000000  1346.42478141  0.99000000
0.01200479  26.00000000  0.00547925  40.00000000  1346.42478141  0.99000000
0.01200479  26.00000000  0.00547925  40.00000000  1346.42478141  0.99000000
0.01200479  26.00000000  0.00547925  40.00000000  1346.42478141  0.99000000
0.01200479  26.00000000  0.00547925  40.00000000  1346.42478141  0.99000000
0.01200479  26.00000000  0.00547925  40.00000000  1346.42478141  0.99000000
0.01200479  26.00000000  0.00699662  40.00000000  1346.42581299  0.99000000
0.01200479  26.00000000  0.00547925  40.00000000  1346.42478141  0.99000000
0.01200479  26.00000000  0.00547925  40.00000000  1346.42478141  0.99000000
0.01200479  26.00000000  0.00547925  40.00000000  1346.42478141  0.99000000
0.01200479  26.00000000  0.00547925  40.00000000  1346.42478141  0.99000000
0.01200479  26.00000000  0.00547925  40.00000000  1346.42478141  0.99000000
0.01234191  31.00000000  0.01223158  40.00000000  1346.46997295  0.99000000
0.01200479  26.00000000  0.00547925  40.00000000  1346.42478141  0.99000000
0.01200479  26.00000000  0.00547925  40.00000000  1346.42478141  0.99000000
0.01200479  26.00000000  0.00547925  40.00000000  1346.42478141  0.99000000
0.02664884  29.00000000  0.02127033  40.00000000  1350.33849753  0.99000000
0.01200479  26.00000000  0.00547925  40.00000000  1346.42478141  0.99000000
0.01835888  38.00000000  0.01835888  40.00000000  1337.75687259  0.99000000
0.01200479  26.00000000  0.00547925  40.00000000  1346.42478141  0.99000000
0.01200479  26.00000000  0.00547925  40.00000000  1346.42478141  0.99000000
0.01200479  26.00000000  0.00547925  40.00000000  1346.42478141  0.99000000
0.01200479  26.00000000  0.00547925  40.00000000  1346.42478141  0.99000000
0.01200479  26.00000000  0.00547925  40.00000000  1346.42478141  0.99000000
0.01200479  26.00000000  0.00547925  40.00000000  1346.42478141  0.99000000
0.01200479  26.00000000  0.00547925  40.00000000  1346.42478141  0.99000000
0.01200479  26.00000000  0.00547925  40.00000000  1346.42478141  0.99000000
0.00968590  38.00000000  0.00968590  40.00000000  1346.39904802  0.99000000
0.01200479  26.00000000  0.00547925  40.00000000  1346.42478141  0.99000000
0.01200479  26.00000000  0.00547925  40.00000000  1346.42478141  0.99000000
0.01200479  26.00000000  0.00547925  40.00000000  1346.42478141  0.99000000
0.01200479  26.00000000  0.00699662  40.00000000  1346.42581299  0.99000000
0.01200479  26.00000000  0.00547925  40.00000000  1346.42478141  0.99000000
0.01200479  26.00000000  0.00547925  40.00000000  1346.42478141  0.99000000
0.01200479  26.00000000  0.00547925  40.00000000  1346.42478141  0.99000000
0.01200479  26.00000000  0.00547925  40.00000000  1346.42478141  0.99000000
0.01200479  26.00000000  0.00547925  40.00000000  1346.42478141  0.99000000
0.01200479  26.00000000  0.00547925  40.00000000  1346.42478141  0.99000000
0.01200479  26.00000000  0.00547925  40.00000000  1346.42478141  0.99000000
0.01200479  26.00000000  0.00547925  40.00000000  1346.42478141  0.99000000
0.00937719  38.00000000  0.00937719  40.00000000  1348.02684114  0.99000000
0.01200479  26.00000000  0.00547925  40.00000000  1346.42478141  0.99000000
0.01200479  26.00000000  0.00547925  40.00000000  1346.42478141  0.99000000
0.01200479  26.00000000  0.00547925  40.00000000  1346.42478141  0.99000000
0.01200995  26.00000000  0.00546791  40.00000000  1346.43191653  0.99000000
0.01200479  26.00000000  0.00547925  40.00000000  1346.42478141  0.99000000
0.01200479  26.00000000  0.00547925  40.00000000  1346.42478141  0.99000000
0.01200479  26.00000000  0.00547925  40.00000000  1346.42478141  0.99000000
0.01200479  26.00000000  0.00547925  40.00000000  1346.42478141  0.99000000
0.01185053  26.00000000  0.00236034  40.00000000  1346.56606234  0.99000000
0.01200479  26.00000000  0.00580717  40.00000000  1346.42441828  0.99000000
0.01083025  27.00000000  0.00179403  40.00000000  1286.32616759  0.99000000
0.01200479  26.00000000  0.00547925  40.00000000  1346.42478141  0.99000000
0.01727628  37.00000000  0.01722832  40.00000000  1352.91213955  0.99000000
0.01200479  26.00000000  0.00547925  40.00000000  1346.42478141  0.99000000
0.01200479  26.00000000  0.00547925  40.00000000  1346.42478141  0.99000000
0.01200479  26.00000000  0.00638431  40.00000000  1346.42528747  0.99000000
0.01200479  26.00000000  0.00547925  40.00000000  1346.42478141  0.99000000
0.01388305  38.00000000  0.01388305  40.00000000  1347.33219126  0.99000000
0.01200479  26.00000000  0.00547925  40.00000000  1346.42478141  0.99000000
0.01200479  26.00000000  0.00547925  40.00000000  1346.42478141  0.99000000
0.01200479  26.00000000  0.00547925  40.00000000  1346.42478141  0.99000000
0.01200479  26.00000000  0.00547925  40.00000000  1346.42478141  0.99000000
0.01200479  26.00000000  0.00547925  40.00000000  1346.42478141  0.99000000
0.01200479  26.00000000  0.00547925  40.00000000  1346.42478141  0.99000000
0.01200479  26.00000000  0.00547925  40.00000000  1346.42478141  0.99000000
0.01200479  26.00000000  0.00547925  40.00000000  1346.42478141  0.99000000
0.01836964  38.00000000  0.01836964  40.00000000  1346.45701818  0.99000000
0.01200479  26.00000000  0.00547925  40.00000000  1346.42478141  0.99000000
0.01200479  26.00000000  0.00547925  40.00000000  1346.42478141  0.99000000
0.02959221  33.00000000  0.02573650  40.00000000  1527.45336804  0.99000000
0.01200479  26.00000000  0.00547925  40.00000000  1346.42478141  0.99000000
0.01200479  26.00000000  0.00547925  40.00000000  1346.42478141  0.99000000
0.01200479  26.00000000  0.00547925  40.00000000  1346.42478141  0.99000000
0.01200479  26.00000000  0.00547925  40.00000000  1346.42478141  0.99000000
0.01200479  26.00000000  0.00613922  40.00000000  1346.42526355  0.99000000
0.01200479  26.00000000  0.00547925  40.00000000  1346.42478141  0.99000000
0.03300914  29.00000000  0.01319531  40.00000000  1343.82099859  0.99000000
0.01200479  26.00000000  0.00547925  40.00000000  1346.42478141  0.99000000
0.01200479  26.00000000  0.00547925  40.00000000  1346.42478141  0.99000000
0.01346224  38.00000000  0.01346224  40.00000000  1311.71669004  0.99000000
0.01200479  26.00000000  0.00547925  40.00000000  1346.42478141  0.99000000
0.01200479  26.00000000  0.00547925  40.00000000  1346.42478141  0.99000000
0.01200479  26.00000000  0.00547925  40.00000000  1346.42478141  0.99000000
0.01200479  26.00000000  0.00547925  40.00000000  1346.42478141  0.99000000
0.01200479  26.00000000  0.00559748  40.00000000  1346.42460863  0.99000000
0.01200479  26.00000000  0.00547925  40.00000000  1346.42478141  0.99000000
0.01200479  26.00000000  0.00547925  40.00000000  1346.42478141  0.99000000
0.01200479  26.00000000  0.00547925  40.00000000  1346.42478141  0.99000000
0.01075518  37.00000000  0.01008070  40.00000000  1396.33358951  0.99000000
0.01200479  26.00000000  0.00547925  40.00000000  1346.42478141  0.99000000
0.01200479  26.00000000  0.00547925  40.00000000  1346.42478141  0.99000000
0.01200479  26.00000000  0.00573275  40.00000000  1346.42488780  0.99000000
0.01200479  26.00000000  0.00547925  40.00000000  1346.42478141  0.99000000
0.01200479  26.00000000  0.00547925  40.00000000  1346.42478141  0.99000000
0.02337757  38.00000000  0.02337757  40.00000000  1333.25996509  0.99000000
0.01200479  26.00000000  0.00547925  40.00000000  1346.42478141  0.99000000
0.01223289  27.00000000  0.00986219  40.00000000  1346.42979042  0.99000000
0.01200479  26.00000000  0.00547925  40.00000000  1346.42478141  0.99000000
0.01200479  26.00000000  0.00574420  40.00000000  1346.42416849  0.99000000
0.01323833  26.00000000  0.00138783  40.00000000  1331.30185500  0.99000000
0.01200479  26.00000000  0.00547925  40.00000000  1346.42478141  0.99000000
0.01200479  26.00000000  0.00547925  40.00000000  1346.42478141  0.99000000
0.01200479  26.00000000  0.00547925  40.00000000  1346.42478141  0.99000000
0.01706918  38.00000000  0.01706918  40.00000000  1346.44513031  0.99000000
0.01200479  26.00000000  0.00547925  40.00000000  1346.42478141  0.99000000
0.01200479  26.00000000  0.00547925  40.00000000  1346.42478141  0.99000000
0.01346796  26.00000000  0.00128987  40.00000000  1331.59077706  0.99000000
0.01200479  26.00000000  0.00547925  40.00000000  1346.42478141  0.99000000
0.01200479  26.00000000  0.00547925  40.00000000  1346.42478141  0.99000000
0.01200479  26.00000000  0.00547925  40.00000000  1346.42478141  0.99000000
0.01200479  26.00000000  0.00547925  40.00000000  1346.42478141  0.99000000
0.01200479  26.00000000  0.00547925  40.00000000  1346.42478141  0.99000000
0.01200479  26.00000000  0.00547925  40.00000000  1346.42478141  0.99000000
0.01200479  26.00000000  0.00547925  40.00000000  1346.42478141  0.99000000
0.01200479  26.00000000  0.00547925  40.00000000  1346.42478141  0.99000000
0.01200479  26.00000000  0.00547925  40.00000000  1346.42478141  0.99000000
0.01200479  26.00000000  0.00547925  40.00000000  1346.42478141  0.99000000
0.01200479  26.00000000  0.00547925  40.00000000  1346.42478141  0.99000000
0.01200479  26.00000000  0.00547925  40.00000000  1346.42478141  0.99000000
0.01200479  26.00000000  0.00096362  40.00000000  1346.42291670  0.99000000
0.01200479  26.00000000  0.00547925  40.00000000  1346.42478141  0.99000000
0.01200479  26.00000000  0.00547925  40.00000000  1346.42478141  0.99000000
0.01200479  26.00000000  0.00547925  40.00000000  1346.42478141  0.99000000
0.01200479  26.00000000  0.00358884  40.00000000  1346.42396233  0.99000000
0.01200479  26.00000000  0.00547925  40.00000000  1346.42478141  0.99000000
0.01200479  26.00000000  0.00547925  40.00000000  1346.42478141  0.99000000
0.01200479  26.00000000  0.00547925  40.00000000  1346.42478141  0.99000000
0.01200479  26.00000000  0.00547925  40.00000000  1346.42478141  0.99000000
0.01200479  26.00000000  0.00547925  40.00000000  1346.42478141  0.99000000
0.01200479  26.00000000  0.00547925  40.00000000  1346.42478141  0.99000000
0.01200479  26.00000000  0.00547925  40.00000000  1346.42478141  0.99000000
0.01200479  26.00000000  0.00547925  40.00000000  1346.42478141  0.99000000
0.01200479  26.00000000  0.00547925  40.00000000  1346.42478141  0.99000000
0.01201423  26.00000000  0.00545320  40.00000000  1346.43614321  0.99000000
0.01200479  26.00000000  0.00023644  40.00000000  1346.42489860  0.99000000
0.01200479  26.00000000  0.00547925  40.00000000  1346.42478141  0.99000000
0.01200479  26.00000000  0.00547925  40.00000000  1346.42478141  0.99000000
0.01200479  26.00000000  0.00547925  40.00000000  1346.42478141  0.99000000
0.02243036  26.00000000  0.01325558  40.00000000  1344.83631596  0.99000000
0.01200479  26.00000000  0.00167092  40.00000000  1346.42921230  0.99000000
0.01200479  26.00000000  0.00547925  40.00000000  1346.42478141  0.99000000
0.01200479  26.00000000  0.00547925  40.00000000  1346.42478141  0.99000000
0.01200479  26.00000000  0.00547925  40.00000000  1346.42478141  0.99000000
0.02057756  38.00000000  0.02057756  40.00000000  1346.45142710  0.99000000
0.01200479  26.00000000  0.00547925  40.00000000  1346.42478141  0.99000000
0.01200479  26.00000000  0.00547925  40.00000000  1346.42478141  0.99000000
0.01200479  26.00000000  0.00547925  40.00000000  1346.42478141  0.99000000
0.01200479  26.00000000  0.00547925  40.00000000  1346.42478141  0.99000000
0.01200479  26.00000000  0.00547925  40.00000000  1346.42478141  0.99000000
0.01595976  33.00000000  0.00415363  40.00000000  1435.50000894  0.99000000
0.01200479  26.00000000  0.00547925  40.00000000  1346.42478141  0.99000000
0.00682081  29.00000000  0.00611811  40.00000000  1346.68959056  0.99000000
0.01706918  38.00000000  0.01706918  40.00000000  1346.44513031  0.99000000
0.01192294  26.00000000  0.00486538  40.00000000  1346.65366450  0.99000000
0.04928032  38.00000000  0.04928032  40.00000000  1321.75964872  0.99000000
0.01200479  26.00000000  0.00547925  40.00000000  1346.42478141  0.99000000
0.03257715  37.00000000  0.03093454  40.00000000  1171.73992464  0.99000000
0.01200479  26.00000000  0.00547925  40.00000000  1346.42478141  0.99000000
0.01200479  26.00000000  0.00547925  40.00000000  1346.42478141  0.99000000
0.01200479  26.00000000  0.00547925  40.00000000  1346.42478141  0.99000000
0.01200479  26.00000000  0.00547925  40.00000000  1346.42478141  0.99000000
0.01200479  26.00000000  0.00547925  40.00000000  1346.42478141  0.99000000
0.01200479  26.00000000  0.00547925  40.00000000  1346.42478141  0.99000000
0.01200479  26.00000000  0.00547925  40.00000000  1346.42478141  0.99000000
0.01200479  26.00000000  0.00596939  40.00000000  1346.42503790  0.99000000
0.01200479  26.00000000  0.00547925  40.00000000  1346.42478141  0.99000000
0.01200479  26.00000000  0.00547925  40.00000000  1346.42478141  0.99000000
0.01200479  26.00000000  0.00547925  40.00000000  1346.42478141  0.99000000
0.01200479  26.00000000  0.00547925  40.00000000  1346.42478141  0.99000000
0.01200479  26.00000000  0.00547925  40.00000000  1346.42478141  0.99000000
0.01200479  26.00000000  0.00547925  40.00000000  1346.42478141  0.99000000
0.01200479  26.00000000  0.00547925  40.00000000  1346.42478141  0.99000000
0.01200479  26.00000000  0.00547925  40.00000000  1346.42478141  0.99000000
0.01200479  26.00000000  0.00547925  40.00000000  1346.42478141  0.99000000
0.01200479  26.00000000  0.00547925  40.00000000  1346.42478141  0.99000000
0.05029752  37.00000000  0.04932206  40.00000000  1347.17734836  0.99000000
0.01200479  26.00000000  0.00547925  40.00000000  1346.42478141  0.99000000
0.01200479  26.00000000  0.00547925  40.00000000  1346.42478141  0.99000000
0.01200479  26.00000000  0.00547925  40.00000000  1346.42478141  0.99000000
0.01200479  26.00000000  0.00547925  40.00000000  1346.42478141  0.99000000
0.01200479  26.00000000  0.00547925  40.00000000  1346.42478141  0.99000000
0.01200479  26.00000000  0.00547925  40.00000000  1346.42478141  0.99000000
0.01200479  26.00000000  0.00547925  40.00000000  1346.42478141  0.99000000
0.01200479  26.00000000  0.00547925  40.00000000  1346.42478141  0.99000000
0.01200479  26.00000000  0.00358884  40.00000000  1346.42396233  0.99000000
0.01200479  26.00000000  0.00547925  40.00000000  1346.42478141  0.99000000
0.02244722  37.00000000  0.02215335  40.00000000  1350.85769432  0.99000000
0.01200479  26.00000000  0.00547925  40.00000000  1346.42478141  0.99000000
0.02013788  38.00000000  0.02013788  40.00000000  1306.76905407  0.99000000
0.01200479  26.00000000  0.00547925  40.00000000  1346.42478141  0.99000000
0.01200479  26.00000000  0.00547925  40.00000000  1346.42478141  0.99000000
0.03156353  27.00000000  0.00478753  40.00000000  1412.20731890  0.99000000
0.02229446  37.00000000  0.02212454  40.00000000  1342.22800238  0.99000000
0.01200341  26.00000000  0.00547823  40.00000000  1346.42476397  0.99000000
0.01200479  26.00000000  0.00547925  40.00000000  1346.42478141  0.99000000
0.02076481  33.00000000  0.01151723  40.00000000  1321.51429202  0.99000000
0.01200479  26.00000000  0.00547925  40.00000000  1346.42478141  0.99000000
0.01200479  26.00000000  0.00547925  40.00000000  1346.42478141  0.99000000
0.01200479  26.00000000  0.00547925  40.00000000  1346.42478141  0.99000000
0.01200479  26.00000000  0.00547925  40.00000000  1346.42478141  0.99000000
0.01200479  26.00000000  0.00547925  40.00000000  1346.42478141  0.99000000
0.01200479  26.00000000  0.00547925  40.00000000  1346.42478141  0.99000000
0.01200479  26.00000000  0.00547925  40.00000000  1346.42478141  0.99000000
0.02478112  38.00000000  0.02478112  40.00000000  1277.87092364  0.99000000
0.01200479  26.00000000  0.00547925  40.00000000  1346.42478141  0.99000000
0.01200479  26.00000000  0.00547925  40.00000000  1346.42478141  0.99000000
0.01200479  26.00000000  0.00547925  40.00000000  1346.42478141  0.99000000
0.01200479  26.00000000  0.00547925  40.00000000  1346.42478141  0.99000000
0.01200479  26.00000000  0.00547925  40.00000000  1346.42478141  0.99000000
0.01200479  26.00000000  0.00547925  40.00000000  1346.42478141  0.99000000
0.01200479  26.00000000  0.00547925  40.00000000  1346.42478141  0.99000000
0.01200479  26.00000000  0.00547925  40.00000000  1346.42478141  0.99000000
0.01200479  26.00000000  0.00547925  40.00000000  1346.42478141  0.99000000
0.01200479  26.00000000  0.00547925  40.00000000  1346.42478141  0.99000000
0.01200479  26.00000000  0.00547925  40.00000000  1346.42478141  0.99000000
0.01200479  26.00000000  0.00547925  40.00000000  1346.42478141  0.99000000
0.11556530  38.00000000  0.11556530  40.00000000  1249.03436726  0.99000000
0.01200479  26.00000000  0.00547925  40.00000000  1346.42478141  0.99000000
0.01200479  26.00000000  0.00547925  40.00000000  1346.42478141  0.99000000
0.01200479  26.00000000  0.00547925  40.00000000  1346.42478141  0.99000000
0.01649781  28.00000000  0.00449289  40.00000000  1352.64609177  0.99000000
0.01200479  26.00000000  0.00547925  40.00000000  1346.42478141  0.99000000
0.01200479  26.00000000  0.00547925  40.00000000  1346.42478141  0.99000000
0.01200479  26.00000000  0.00547925  40.00000000  1346.42478141  0.99000000
0.01200479  26.00000000  0.00547925  40.00000000  1346.42478141  0.99000000
0.01200479  26.00000000  0.00547925  40.00000000  1346.42478141  0.99000000
0.02319649  36.00000000  0.02203705  40.00000000  1352.91400951  0.99000000
0.01463205  27.00000000  0.01117003  40.00000000  1346.45447447  0.99000000
0.03158899  38.00000000  0.03158899  40.00000000  1353.48872023  0.99000000
0.01200479  26.00000000  0.00658570  40.00000000  1346.42499853  0.99000000
0.01200479  26.00000000  0.00547925  40.00000000  1346.42478141  0.99000000
0.02115618  29.00000000  0.00488993  40.00000000  1356.47817857  0.99000000
0.01200479  26.00000000  0.00547925  40.00000000  1346.42478141  0.99000000
0.01200479  26.00000000  0.00547925  40.00000000  1346.42478141  0.99000000
0.01336095  30.00000000  0.01103835  40.00000000  1346.47783917  0.99000000
0.02214528  38.00000000  0.02214528  40.00000000  1346.48231969  0.99000000
0.01200479  26.00000000  0.00547925  40.00000000  1346.42478141  0.99000000
0.01200479  26.00000000  0.00547925  40.00000000  1346.42478141  0.99000000
0.00818247  38.00000000  0.00818247  40.00000000  1415.58288843  0.99000000
0.01326769  36.00000000  0.01095485  40.00000000  1342.19541791  0.99000000
0.01200479  26.00000000  0.00547925  40.00000000  1346.42478141  0.99000000
0.01120049  28.00000000  0.00194383  40.00000000  1346.43214610  0.99000000
0.01200479  26.00000000  0.00547925  40.00000000  1346.42478141  0.99000000
0.01200479  26.00000000  0.00547925  40.00000000  1346.42478141  0.99000000
0.01200479  26.00000000  0.00547925  40.00000000  1346.42478141  0.99000000
0.01200479  26.00000000  0.00547925  40.00000000  1346.42478141  0.99000000
0.01200479  26.00000000  0.00547925  40.00000000  1346.42478141  0.99000000
0.02115618  29.00000000  0.00488993  40.00000000  1356.47817857  0.99000000
0.01200479  26.00000000  0.00587332  40.00000000  1346.42496950  0.99000000
0.01200479  26.00000000  0.00547925  40.00000000  1346.42478141  0.99000000
0.01200479  26.00000000  0.00547925  40.00000000  1346.42478141  0.99000000
0.01503872  27.00000000  0.00494971  40.00000000  1346.79293743  0.99000000
0.01200479  26.00000000  0.00547925  40.00000000  1346.42478141  0.99000000
0.01200479  26.00000000  0.00547925  40.00000000  1346.42478141  0.99000000
0.01200479  26.00000000  0.00547925  40.00000000  1346.42478141  0.99000000
0.01200479  26.00000000  0.00547925  40.00000000  1346.42478141  0.99000000
0.01200479  26.00000000  0.00547925  40.00000000  1346.42478141  0.99000000
0.01200479  26.00000000  0.00547925  40.00000000  1346.42478141  0.99000000
0.01200479  26.00000000  0.00547925  40.00000000  1346.42478141  0.99000000
0.01200479  26.00000000  0.00547925  40.00000000  1346.42478141  0.99000000
0.01200479  26.00000000  0.00547925  40.00000000  1346.42478141  0.99000000
0.01200479  26.00000000  0.00547925  40.00000000  1346.42478141  0.99000000
0.01200479  26.00000000  0.00575783  40.00000000  1346.42490831  0.99000000
0.01200479  26.00000000  0.00547925  40.00000000  1346.42478141  0.99000000
0.02244744  29.00000000  0.00437821  40.00000000  1355.83642453  0.99000000
0.01200479  26.00000000  0.00547925  40.00000000  1346.42478141  0.99000000
0.01200479  26.00000000  0.00547925  40.00000000  1346.42478141  0.99000000
0.01200479  26.00000000  0.00547925  40.00000000  1346.42478141  0.99000000
0.01200479  26.00000000  0.00547925  40.00000000  1346.42478141  0.99000000
0.01605066  38.00000000  0.01605066  40.00000000  1282.86174651  0.99000000
0.01200479  26.00000000  0.00547925  40.00000000  1346.42478141  0.99000000
0.01200479  26.00000000  0.00547925  40.00000000  1346.42478141  0.99000000
0.01200479  26.00000000  0.00547925  40.00000000  1346.42478141  0.99000000
0.01368194  38.00000000  0.01368194  40.00000000  1489.96323978  0.99000000
0.01200479  26.00000000  0.00854224  40.00000000  1346.42877561  0.99000000
0.01200479  26.00000000  0.00547925  40.00000000  1346.42478141  0.99000000
0.01200479  26.00000000  0.00547925  40.00000000  1346.42478141  0.99000000
0.01200479  26.00000000  0.00547925  40.00000000  1346.42478141  0.99000000
0.01200479  26.00000000  0.00547925  40.00000000  1346.42478141  0.99000000
0.01200479  26.00000000  0.00547925  40.00000000  1346.42478141  0.99000000
0.01200479  26.00000000  0.00547925  40.00000000  1346.42478141  0.99000000
0.02283091  38.00000000  0.02283091  40.00000000  1346.50246407  0.99000000
0.01200479  26.00000000  0.00547925  40.00000000  1346.42478141  0.99000000
0.01200479  26.00000000  0.00547925  40.00000000  1346.42478141  0.99000000
0.01200479  26.00000000  0.00547925  40.00000000  1346.42478141  0.99000000
0.01200479  26.00000000  0.00547925  40.00000000  1346.42478141  0.99000000
0.04479559  36.00000000  0.04083926  40.00000000  1249.13172756  0.99000000
0.01292501  26.00000000  0.01033507  40.00000000  1348.37569934  0.99000000
0.01200479  26.00000000  0.00547925  40.00000000  1346.42478141  0.99000000
0.01200479  26.00000000  0.00547925  40.00000000  1346.42478141  0.99000000
0.02455551  36.00000000  0.02305073  40.00000000  1353.29358132  0.99000000
0.01200479  26.00000000  0.00547925  40.00000000  1346.42478141  0.99000000
0.18390961  38.00000000  0.18390961  40.00000000  1421.85158384  0.99000000
0.01200479  26.00000000  0.00875445  40.00000000  1346.42741728  0.99000000
0.01200479  26.00000000  0.00547925  40.00000000  1346.42478141  0.99000000
0.01200479  26.00000000  0.00547925  40.00000000  1346.42478141  0.99000000
0.01200479  26.00000000  0.00547925  40.00000000  1346.42478141  0.99000000
0.01200479  26.00000000  0.00547925  40.00000000  1346.42478141  0.99000000
0.01200479  26.00000000  0.00547925  40.00000000  1346.42478141  0.99000000
0.01200479  26.00000000  0.00547925  40.00000000  1346.42478141  0.99000000
0.01200479  26.00000000  0.00547925  40.00000000  1346.42478141  0.99000000
0.01200479  26.00000000  0.00547925  40.00000000  1346.42478141  0.99000000
0.01200479  26.00000000  0.00547925  40.00000000  1346.42478141  0.99000000
0.01200479  26.00000000  0.00547925  40.00000000  1346.42478141  0.99000000
0.01597321  38.00000000  0.01597321  40.00000000  1349.50380006  0.99000000
0.01200479  26.00000000  0.00863955  40.00000000  1346.43165013  0.99000000
0.01200479  26.00000000  0.00547925  40.00000000  1346.42478141  0.99000000
0.01200479  26.00000000  0.00547925  40.00000000  1346.42478141  0.99000000
0.01200479  26.00000000  0.00547925  40.00000000  1346.42478141  0.99000000
0.03039147  33.00000000  0.01788601  40.00000000  1310.79622796  0.99000000
0.05319472  31.00000000  0.01792833  40.00000000  1520.37218993  0.99000000
0.01200479  26.00000000  0.00547925  40.00000000  1346.42478141  0.99000000
0.01200489  26.00000000  0.00547898  40.00000000  1346.43049930  0.99000000
0.01200479  26.00000000  0.00547925  40.00000000  1346.42478141  0.99000000
0.03925928  31.00000000  0.02099483  40.00000000  1354.47751182  0.99000000
0.01200479  26.00000000  0.00547925  40.00000000  1346.42478141  0.99000000
0.01200479  26.00000000  0.00547925  40.00000000  1346.42478141  0.99000000
0.01200479  26.00000000  0.00547925  40.00000000  1346.42478141  0.99000000
0.01200479  26.00000000  0.00547925  40.00000000  1346.42478141  0.99000000
0.01200479  26.00000000  0.00547925  40.00000000  1346.42478141  0.99000000
0.01200479  26.00000000  0.00820657  40.00000000  1346.42646941  0.99000000
0.01200479  26.00000000  0.00547925  40.00000000  1346.42478141  0.99000000
0.01200479  26.00000000  0.00547925  40.00000000  1346.42478141  0.99000000
0.01200479  26.00000000  0.00547925  40.00000000  1346.42478141  0.99000000
0.01200479  26.00000000  0.00547925  40.00000000  1346.42478141  0.99000000
0.01200479  26.00000000  0.00547925  40.00000000  1346.42478141  0.99000000
0.01200479  26.00000000  0.00547925  40.00000000  1346.42478141  0.99000000
0.04229500  32.00000000  0.01247161  40.00000000  1361.02269146  0.99000000
0.01200479  26.00000000  0.00547925  40.00000000  1346.42478141  0.99000000
0.01200479  26.00000000  0.00547925  40.00000000  1346.42478141  0.99000000
0.01200479  26.00000000  0.00547925  40.00000000  1346.42478141  0.99000000
0.01200479  26.00000000  0.00547925  40.00000000  1346.42478141  0.99000000
0.01200479  26.00000000  0.00547925  40.00000000  1346.42478141  0.99000000
0.01200479  26.00000000  0.00547925  40.00000000  1346.42478141  0.99000000
0.01687733  28.00000000  0.00039631  40.00000000  1297.40957711  0.99000000
0.01200479  26.00000000  0.00547925  40.00000000  1346.42478141  0.99000000
0.03158899  38.00000000  0.03158899  40.00000000  1353.48872023  0.99000000
0.01200479  26.00000000  0.00547925  40.00000000  1346.42478141  0.99000000
0.01200479  26.00000000  0.00547925  40.00000000  1346.42478141  0.99000000
0.01200479  26.00000000  0.00547925  40.00000000  1346.42478141  0.99000000
0.01200479  26.00000000  0.00547925  40.00000000  1346.42478141  0.99000000
0.01200479  26.00000000  0.00547925  40.00000000  1346.42478141  0.99000000
0.01356572  38.00000000  0.01356572  40.00000000  1346.44267370  0.99000000
0.01200479  26.00000000  0.00547925  40.00000000  1346.42478141  0.99000000
0.01200479  26.00000000  0.00547925  40.00000000  1346.42478141  0.99000000
0.02013788  38.00000000  0.02013788  40.00000000  1306.76889621  0.99000000
0.01336095  30.00000000  0.01103835  40.00000000  1346.47783917  0.99000000
0.01200479  26.00000000  0.00547925  40.00000000  1346.42478141  0.99000000
0.01200479  26.00000000  0.00547925  40.00000000  1346.42478141  0.99000000
0.01200479  26.00000000  0.00547925  40.00000000  1346.42478141  0.99000000
0.01200479  26.00000000  0.00547925  40.00000000  1346.42478141  0.99000000
0.03901560  35.00000000  0.02932010  40.00000000  1346.93870266  0.99000000
0.01200479  26.00000000  0.00547925  40.00000000  1346.42478141  0.99000000
0.01571427  38.00000000  0.01571427  40.00000000  1346.44685319  0.99000000
0.01200479  26.00000000  0.00547925  40.00000000  1346.42478141  0.99000000
0.01200479  26.00000000  0.00547925  40.00000000  1346.42478141  0.99000000
0.01200479  26.00000000  0.00547925  40.00000000  1346.42478141  0.99000000
0.01200479  26.00000000  0.00547925  40.00000000  1346.42478141  0.99000000
0.05708533  30.00000000  0.01405912  40.00000000  1354.26665097  0.99000000
0.01200479  26.00000000  0.00547925  40.00000000  1346.42478141  0.99000000
0.01200479  26.00000000  0.00547925  40.00000000  1346.42478141  0.99000000
0.01200479  26.00000000  0.00547925  40.00000000  1346.42478141  0.99000000
0.01200479  26.00000000  0.00547925  40.00000000  1346.42478141  0.99000000
0.01200479  26.00000000  0.00547925  40.00000000  1346.42478141  0.99000000
0.01200479  26.00000000  0.00547925  40.00000000  1346.42478141  0.99000000
0.37357369  35.00000000  0.29934312  40.00000000  2228.03148341  0.99000000
0.01200479  26.00000000  0.00547925  40.00000000  1346.42478141  0.99000000
0.01200479  26.00000000  0.00547925  40.00000000  1346.42478141  0.99000000
0.01200479  26.00000000  0.00547925  40.00000000  1346.42478141  0.99000000
0.01200479  26.00000000  0.00547925  40.00000000  1346.42478141  0.99000000
0.01200479  26.00000000  0.00547925  40.00000000  1346.42478141  0.99000000
0.01200479  26.00000000  0.00547925  40.00000000  1346.42478141  0.99000000
0.01200479  26.00000000  0.00547925  40.00000000  1346.42478141  0.99000000
0.01200479  26.00000000  0.00547925  40.00000000  1346.42478141  0.99000000
0.01200479  26.00000000  0.00547925  40.00000000  1346.42478141  0.99000000
0.01200479  26.00000000  0.00547925  40.00000000  1346.42462917  0.99000000
0.01698776  33.00000000  0.00389118  40.00000000  1428.93348514  0.99000000
0.01200479  26.00000000  0.00547925  40.00000000  1346.42478141  0.99000000
0.01200479  26.00000000  0.00547925  40.00000000  1346.42478141  0.99000000
0.01200479  26.00000000  0.00547925  40.00000000  1346.42478141  0.99000000
0.04675879  38.00000000  0.04675879  40.00000000  1307.86293685  0.99000000
0.01200479  26.00000000  0.00547925  40.00000000  1346.42478141  0.99000000
0.01200479  26.00000000  0.00073455  40.00000000  1346.42313394  0.99000000
0.01200479  26.00000000  0.00547925  40.00000000  1346.42478141  0.99000000
0.01200479  26.00000000  0.00547925  40.00000000  1346.42478141  0.99000000
0.01200479  26.00000000  0.00547925  40.00000000  1346.42478141  0.99000000
0.01200479  26.00000000  0.00547925  40.00000000  1346.42478141  0.99000000
0.01200479  26.00000000  0.00875445  40.00000000  1346.42741728  0.99000000
0.01200479  26.00000000  0.00547925  40.00000000  1346.42478141  0.99000000
0.01200479  26.00000000  0.00776796  40.00000000  1346.42649636  0.99000000
0.01200479  26.00000000  0.00547925  40.00000000  1346.42478141  0.99000000
0.01200479  26.00000000  0.00547925  40.00000000  1346.42478141  0.99000000
0.01200479  26.00000000  0.00547925  40.00000000  1346.42478141  0.99000000
0.01200479  26.00000000  0.00547925  40.00000000  1346.42478141  0.99000000
0.01200479  26.00000000  0.00547925  40.00000000  1346.42478141  0.99000000
0.01200479  26.00000000  0.00547925  40.00000000  1346.42478141  0.99000000
0.03479731  38.00000000  0.03479731  40.00000000  1346.54654794  0.99000000
0.01105368  38.00000000  0.01105368  40.00000000  1292.75745356  0.99000000
0.01200479  26.00000000  0.00547925  40.00000000  1346.42478141  0.99000000
0.01200479  26.00000000  0.00555453  40.00000000  1346.42484329  0.99000000
0.01200479  26.00000000  0.00547925  40.00000000  1346.42478141  0.99000000
0.01200479  26.00000000  0.00547925  40.00000000  1346.42478141  0.99000000
0.01200479  26.00000000  0.00547925  40.00000000  1346.42478141  0.99000000
0.01200479  26.00000000  0.00574110  40.00000000  1346.42497804  0.99000000
0.01200479  26.00000000  0.00547925  40.00000000  1346.42478141  0.99000000
0.01200479  26.00000000  0.00547925  40.00000000  1346.42478141  0.99000000
0.01200479  26.00000000  0.00547925  40.00000000  1346.42478141  0.99000000
0.03901560  35.00000000  0.02932010  40.00000000  1346.93870266  0.99000000
0.01200479  26.00000000  0.00547925  40.00000000  1346.42478141  0.99000000
0.01200479  26.00000000  0.00547925  40.00000000  1346.42478141  0.99000000
0.01200479  26.00000000  0.00547925  40.00000000  1346.42478141  0.99000000
0.06410419  32.00000000  0.02257999  40.00000000  1344.92067580  0.99000000
0.01200479  26.00000000  0.00547925  40.00000000  1346.42478141  0.99000000
0.01200479  26.00000000  0.00547925  40.00000000  1346.42478141  0.99000000
0.01200479  26.00000000  0.00547925  40.00000000  1346.42478141  0.99000000
0.01200479  26.00000000  0.00547925  40.00000000  1346.42478141  0.99000000
0.01200479  26.00000000  0.00547925  40.00000000  1346.42478141  0.99000000
0.01200479  26.00000000  0.00547925  40.00000000  1346.42478141  0.99000000
0.02364892  38.00000000  0.02364892  40.00000000  1346.46124247  0.99000000
0.01200479  26.00000000  0.00547925  40.00000000  1346.42478141  0.99000000
0.01200479  26.00000000  0.00547925  40.00000000  1346.42478141  0.99000000
0.02452251  38.00000000  0.02452251  40.00000000  1323.02856258  0.99000000
0.01200479  26.00000000  0.00547925  40.00000000  1346.42478141  0.99000000
0.01200479  26.00000000  0.00547925  40.00000000  1346.42478141  0.99000000
0.01200479  26.00000000  0.00547925  40.00000000  1346.42478141  0.99000000
0.01200479  26.00000000  0.00547925  40.00000000  1346.42478141  0.99000000
0.02081838  37.00000000  0.02077306  40.00000000  1326.93562600  0.99000000
0.01200479  26.00000000  0.00547925  40.00000000  1346.42478141  0.99000000
0.01200479  26.00000000  0.00547925  40.00000000  1346.42478141  0.99000000
0.01227788  26.00000000  0.00744816  40.00000000  1346.67887802  0.99000000
0.01200479  26.00000000  0.00547925  40.00000000  1346.42478141  0.99000000
0.03158899  38.00000000  0.03158899  40.00000000  1353.48872023  0.99000000
0.01200479  26.00000000  0.00547925  40.00000000  1346.42478141  0.99000000
0.01164424  27.00000000  0.00827225  40.00000000  1346.42752942  0.99000000
0.01200479  26.00000000  0.00547925  40.00000000  1346.42478141  0.99000000
0.01200479  26.00000000  0.00547925  40.00000000  1346.42478141  0.99000000
0.01200479  26.00000000  0.00547925  40.00000000  1346.42478141  0.99000000
0.01200479  26.00000000  0.00547925  40.00000000  1346.42478141  0.99000000
0.02318091  37.00000000  0.02289282  40.00000000  1351.16875145  0.99000000
0.07067443  37.00000000  0.06820267  40.00000000  1350.08789097  0.99000000
0.01200479  26.00000000  0.00547925  40.00000000  1346.42478141  0.99000000
0.01200479  26.00000000  0.00547925  40.00000000  1346.42478141  0.99000000
0.01200479  26.00000000  0.00547925  40.00000000  1346.42478141  0.99000000
0.01200479  26.00000000  0.00547925  40.00000000  1346.42478141  0.99000000
0.04706538  38.00000000  0.04706538  40.00000000  1310.29284641  0.99000000
0.01200479  26.00000000  0.00547925  40.00000000  1346.42478141  0.99000000
0.01200479  26.00000000  0.00547925  40.00000000  1346.42478141  0.99000000
0.01200479  26.00000000  0.00547925  40.00000000  1346.42478141  0.99000000
0.03670031  26.00000000  0.00329760  40.00000000  1321.94344929  0.99000000
0.01200479  26.00000000  0.00547925  40.00000000  1346.42478141  0.99000000
0.01200479  26.00000000  0.00547925  40.00000000  1346.42478141  0.99000000
0.02858078  29.00000000  0.01975296  40.00000000  1752.87793427  0.99000000
0.01200479  26.00000000  0.00547925  40.00000000  1346.42478141  0.99000000
0.01200479  26.00000000  0.00547925  40.00000000  1346.42478141  0.99000000
0.01200479  26.00000000  0.00559746  40.00000000  1346.42484244  0.99000000
0.01200479  26.00000000  0.00547925  40.00000000  1346.42478141  0.99000000
0.01200479  26.00000000  0.00547925  40.00000000  1346.42478141  0.99000000
0.03284435  38.00000000  0.03284435  40.00000000  1346.50552340  0.99000000
0.06435539  32.00000000  0.01258681  40.00000000  1344.88049280  0.99000000
0.01200479  26.00000000  0.00547925  40.00000000  1346.42478141  0.99000000
0.01216505  38.00000000  0.01216505  40.00000000  1346.43619008  0.99000000
0.01200479  26.00000000  0.00547925  40.00000000  1346.42478141  0.99000000
0.01200479  26.00000000  0.00547925  40.00000000  1346.42478141  0.99000000
0.00182678  19.00000000  0.00039084  40.00000000  1352.97041811  0.99000000
0.00962564  38.00000000  0.00962564  40.00000000  1316.26229443  0.99000000
0.01200479  26.00000000  0.00547925  40.00000000  1346.42478141  0.99000000
0.01200479  26.00000000  0.00547925  40.00000000  1346.42478141  0.99000000
0.02550799  32.00000000  0.01937647  40.00000000  1342.83446140  0.99000000
0.03616052  26.00000000  0.01041445  40.00000000  1324.95335425  0.99000000
0.01200479  26.00000000  0.00547925  40.00000000  1346.42478141  0.99000000
0.01200479  26.00000000  0.00547925  40.00000000  1346.42478141  0.99000000
0.01200479  26.00000000  0.00547925  40.00000000  1346.42478141  0.99000000
0.01647985  32.00000000  0.00830196  40.00000000  1352.80463094  0.99000000
0.03091180  38.00000000  0.03091180  40.00000000  1938.25653609  0.99000000
0.01200479  26.00000000  0.00547925  40.00000000  1346.42478141  0.99000000
0.01200479  26.00000000  0.00547925  40.00000000  1346.42478141  0.99000000
0.01200479  26.00000000  0.00547925  40.00000000  1346.42478141  0.99000000
0.01200479  26.00000000  0.00547925  40.00000000  1346.42478141  0.99000000
0.01374234  37.00000000  0.01334237  40.00000000  1346.41688379  0.99000000
0.01200479  26.00000000  0.00547925  40.00000000  1346.42478141  0.99000000
0.01200479  26.00000000  0.00379782  40.00000000  1346.42373208  0.99000000
0.03152191  30.00000000  0.00804818  40.00000000  1352.11275650  0.99000000
0.06410419  32.00000000  0.02257999  40.00000000  1344.92067580  0.99000000
0.01200479  26.00000000  0.00547925  40.00000000  1346.42478141  0.99000000
0.01200479  26.00000000  0.00547925  40.00000000  1346.42478141  0.99000000
0.01200479  26.00000000  0.00547925  40.00000000  1346.42478141  0.99000000
0.01200479  26.00000000  0.00547925  40.00000000  1346.42478141  0.99000000
0.01200479  26.00000000  0.00547925  40.00000000  1346.42478141  0.99000000
0.01200479  26.00000000  0.00547925  40.00000000  1346.42478141  0.99000000
0.01200479  26.00000000  0.00547925  40.00000000  1346.42478141  0.99000000
0.01200479  26.00000000  0.00547925  40.00000000  1346.42478141  0.99000000
0.04513189  34.00000000  0.03467322  40.00000000  1527.95173742  0.99000000
0.01852114  38.00000000  0.01852114  40.00000000  1346.44648310  0.99000000
0.01200479  26.00000000  0.00547925  40.00000000  1346.42478141  0.99000000
0.02229850  28.00000000  0.00469153  40.00000000  1337.31466071  0.99000000
0.01200479  26.00000000  0.00547925  40.00000000  1346.42478141  0.99000000
0.01200479  26.00000000  0.00547925  40.00000000  1346.42478141  0.99000000
0.01200479  26.00000000  0.00547925  40.00000000  1346.42478141  0.99000000
0.01200479  26.00000000  0.00547925  40.00000000  1346.42478141  0.99000000
0.01200479  26.00000000  0.00547925  40.00000000  1346.42478141  0.99000000
0.01200479  26.00000000  0.00547925  40.00000000  1346.42478141  0.99000000
0.01200479  26.00000000  0.00547925  40.00000000  1346.42478141  0.99000000
0.01646112  27.00000000  0.00344013  40.00000000  1346.54840615  0.99000000
0.01646112  27.00000000  0.00344013  40.00000000  1346.54840615  0.99000000
0.01200479  26.00000000  0.00547925  40.00000000  1346.42478141  0.99000000
0.01200479  26.00000000  0.00547925  40.00000000  1346.42478141  0.99000000
0.01200479  26.00000000  0.00547925  40.00000000  1346.42478141  0.99000000
0.01591190  25.00000000  0.00433126  40.00000000  1277.76852273  0.99000000
0.01200479  26.00000000  0.00547925  40.00000000  1346.42478141  0.99000000
0.01200479  26.00000000  0.00547925  40.00000000  1346.42478141  0.99000000
0.01200479  26.00000000  0.00547925  40.00000000  1346.42478141  0.99000000
0.01200479  26.00000000  0.00547925  40.00000000  1346.42478141  0.99000000
0.01200479  26.00000000  0.00547925  40.00000000  1346.42478141  0.99000000
0.01200479  26.00000000  0.00547925  40.00000000  1346.42478141  0.99000000
0.01200479  26.00000000  0.00547925  40.00000000  1346.42478141  0.99000000
0.01200479  26.00000000  0.00547925  40.00000000  1346.42478141  0.99000000
0.01200479  26.00000000  0.00547925  40.00000000  1346.42478141  0.99000000
0.01200479  26.00000000  0.00547925  40.00000000  1346.42478141  0.99000000
0.01200479  26.00000000  0.00547925  40.00000000  1346.42478141  0.99000000
0.01200479  26.00000000  0.00597374  40.00000000  1346.42428951  0.99000000
0.01146571  38.00000000  0.01146571  40.00000000  1359.11315938  0.99000000
0.01200479  26.00000000  0.00547925  40.00000000  1346.42478141  0.99000000
0.01200479  26.00000000  0.00547925  40.00000000  1346.42478141  0.99000000
0.01200479  26.00000000  0.00547925  40.00000000  1346.42478141  0.99000000
0.01200479  26.00000000  0.00547925  40.00000000  1346.42478141  0.99000000
0.01200479  26.00000000  0.00547925  40.00000000  1346.42478141  0.99000000
0.03595427  31.00000000  0.01525529  40.00000000  1357.22485717  0.99000000
0.01200479  26.00000000  0.00547925  40.00000000  1346.42478141  0.99000000
0.01200479  26.00000000  0.00547925  40.00000000  1346.42478141  0.99000000
0.01200479  26.00000000  0.00547925  40.00000000  1346.42478141  0.99000000
0.01200479  26.00000000  0.00547925  40.00000000  1346.42478141  0.99000000
0.02318091  37.00000000  0.02289282  40.00000000  1351.16875145  0.99000000
0.01200479  26.00000000  0.00547925  40.00000000  1346.42478141  0.99000000
0.01200479  26.00000000  0.00547925  40.00000000  1346.42478141  0.99000000
0.01200479  26.00000000  0.00547925  40.00000000  1346.42478141  0.99000000
0.01200479  26.00000000  0.00547925  40.00000000  1346.42478141  0.99000000
0.01200479  26.00000000  0.00547925  40.00000000  1346.42478141  0.99000000
0.01200479  26.00000000  0.00547925  40.00000000  1346.42478141  0.99000000
0.01200479  26.00000000  0.00639712  40.00000000  1346.42530271  0.99000000
0.01200479  26.00000000  0.00547925  40.00000000  1346.42478141  0.99000000
0.01200479  26.00000000  0.00547925  40.00000000  1346.42478141  0.99000000
0.01464230  27.00000000  0.00941876  40.00000000  1346.45485109  0.99000000
0.01200479  26.00000000  0.00547925  40.00000000  1346.42478141  0.99000000
0.02298004  37.00000000  0.02273533  40.00000000  1351.29571873  0.99000000
0.01200479  26.00000000  0.00547925  40.00000000  1346.42478141  0.99000000
0.01141250  27.00000000  0.00052104  40.00000000  1346.44432183  0.99000000
0.01200479  26.00000000  0.00547925  40.00000000  1346.42478141  0.99000000
0.01200479  26.00000000  0.00547925  40.00000000  1346.42478141  0.99000000
0.01200479  26.00000000  0.00820657  40.00000000  1346.42646941  0.99000000
0.01200450  26.00000000  0.00547913  40.00000000  1346.42474755  0.99000000
0.01200479  26.00000000  0.00547925  40.00000000  1346.42478141  0.99000000
0.00968590  38.00000000  0.00968590  40.00000000  1346.39904802  0.99000000
0.00359695  38.00000000  0.00359695  40.00000000  1431.81276878  0.99000000
0.01200479  26.00000000  0.00547925  40.00000000  1346.42478141  0.99000000
0.01200479  26.00000000  0.00555492  40.00000000  1346.42438094  0.99000000
0.01200479  26.00000000  0.00547925  40.00000000  1346.42478141  0.99000000
0.01200479  26.00000000  0.00547925  40.00000000  1346.42478141  0.99000000
0.01200479  26.00000000  0.00547925  40.00000000  1346.42478141  0.99000000
0.01200479  26.00000000  0.00547925  40.00000000  1346.42478141  0.99000000
0.01050884  27.00000000  0.00249228  40.00000000  1334.58713128  0.99000000
0.01200479  26.00000000  0.00547925  40.00000000  1346.42478141  0.99000000
0.01200479  26.00000000  0.00547925  40.00000000  1346.42478141  0.99000000
0.01200479  26.00000000  0.00547925  40.00000000  1346.42478141  0.99000000
0.01200479  26.00000000  0.00547925  40.00000000  1346.42478141  0.99000000
0.01200479  26.00000000  0.00547925  40.00000000  1346.42478141  0.99000000
0.01200479  26.00000000  0.00547925  40.00000000  1346.42478141  0.99000000
0.01200479  26.00000000  0.00547925  40.00000000  1346.42478141  0.99000000
0.01200479  26.00000000  0.00547925  40.00000000  1346.42478141  0.99000000
0.01200479  26.00000000  0.00547925  40.00000000  1346.42478141  0.99000000
0.01200479  26.00000000  0.00547925  40.00000000  1346.42478141  0.99000000
0.01995776  30.00000000  0.00789554  40.00000000  1351.67195623  0.99000000
0.01200479  26.00000000  0.00547870  40.00000000  1346.42475142  0.99000000
0.01200479  26.00000000  0.00547925  40.00000000  1346.42478141  0.99000000
0.13701654  38.00000000  0.13701654  40.00000000  2243.19820419  0.99000000
0.03300948  29.00000000  0.01616112  40.00000000  1343.83294140  0.99000000
0.03300948  29.00000000  0.01616112  40.00000000  1343.83294140  0.99000000
0.01200479  26.00000000  0.00547925  40.00000000  1346.42478141  0.99000000
0.01200479  26.00000000  0.00547925  40.00000000  1346.42478141  0.99000000
0.02581774  29.00000000  0.00716961  40.00000000  1325.41575591  0.99000000
0.01200479  26.00000000  0.00547925  40.00000000  1346.42478141  0.99000000
0.01200479  26.00000000  0.00547925  40.00000000  1346.42478141  0.99000000
0.01200479  26.00000000  0.00547925  40.00000000  1346.42478141  0.99000000
0.01200479  26.00000000  0.00547925  40.00000000  1346.42478141  0.99000000
0.01200479  26.00000000  0.00547925  40.00000000  1346.42478141  0.99000000
0.01200479  26.00000000  0.00547925  40.00000000  1346.42478141  0.99000000
0.01200479  26.00000000  0.00547925  40.00000000  1346.42478141  0.99000000
0.01200479  26.00000000  0.00547925  40.00000000  1346.42478141  0.99000000
0.00697704  32.00000000  0.00335604  40.00000000  1478.83403007  0.99000000
0.01200479  26.00000000  0.00547925  40.00000000  1346.42478141  0.99000000
0.02259673  29.00000000  0.00681092  40.00000000  1352.07701080  0.99000000
0.01200479  26.00000000  0.00547925  40.00000000  1346.42478141  0.99000000
0.01200479  26.00000000  0.00547925  40.00000000  1346.42478141  0.99000000
0.01200479  26.00000000  0.00547925  40.00000000  1346.42478141  0.99000000
0.01193248  26.00000000  0.00515821  40.00000000  1346.53724568  0.99000000
0.01200479  26.00000000  0.00547925  40.00000000  1346.42478141  0.99000000
0.01200479  26.00000000  0.00547925  40.00000000  1346.42478141  0.99000000
0.01200479  26.00000000  0.00595558  40.00000000  1346.42440107  0.99000000
0.02229446  37.00000000  0.02212454  40.00000000  1342.22800238  0.99000000
0.01200479  26.00000000  0.00547925  40.00000000  1346.42478141  0.99000000
0.01200479  26.00000000  0.00547925  40.00000000  1346.42478141  0.99000000
0.01687733  28.00000000  0.00039631  40.00000000  1297.40957711  0.99000000
0.01200479  26.00000000  0.00547925  40.00000000  1346.42478141  0.99000000
0.01200479  26.00000000  0.00547925  40.00000000  1346.42478141  0.99000000
0.01200479  26.00000000  0.00547925  40.00000000  1346.42478141  0.99000000
0.01646523  29.00000000  0.00264836  40.00000000  1346.51179763  0.99000000
0.01200479  26.00000000  0.00547925  40.00000000  1346.42478141  0.99000000
0.01200479  26.00000000  0.00547925  40.00000000  1346.42478141  0.99000000
0.05029752  37.00000000  0.04932206  40.00000000  1347.17734836  0.99000000
0.01200479  26.00000000  0.00547925  40.00000000  1346.42478141  0.99000000
0.01200479  26.00000000  0.00658570  40.00000000  1346.42499853  0.99000000
0.01200479  26.00000000  0.00547925  40.00000000  1346.42478141  0.99000000
0.01200479  26.00000000  0.00547925  40.00000000  1346.42478141  0.99000000
0.01200479  26.00000000  0.00547925  40.00000000  1346.42478141  0.99000000
0.01200479  26.00000000  0.00547925  40.00000000  1346.42478141  0.99000000
0.01200479  26.00000000  0.00547925  40.00000000  1346.42478141  0.99000000
0.01119483  25.00000000  0.01093971  40.00000000  1346.42112707  0.99000000
0.03158899  38.00000000  0.03158899  40.00000000  1353.48872023  0.99000000
0.01200479  26.00000000  0.00547925  40.00000000  1346.42478141  0.99000000
0.01200479  26.00000000  0.00547925  40.00000000  1346.42478141  0.99000000
0.01200479  26.00000000  0.00547925  40.00000000  1346.42478141  0.99000000
0.01200479  26.00000000  0.00587332  40.00000000  1346.42496950  0.99000000
0.01200479  26.00000000  0.00547925  40.00000000  1346.42478141  0.99000000
0.01200479  26.00000000  0.00547925  40.00000000  1346.42478141  0.99000000
0.01200479  26.00000000  0.00547925  40.00000000  1346.42478141  0.99000000
0.01200479  26.00000000  0.00547925  40.00000000  1346.42478141  0.99000000
0.00937837  38.00000000  0.00937837  40.00000000  1280.38768740  0.99000000
0.01200479  26.00000000  0.00547925  40.00000000  1346.42478141  0.99000000
0.01442605  27.00000000  0.00816483  40.00000000  1346.45047092  0.99000000
0.01200479  26.00000000  0.00547925  40.00000000  1346.42478141  0.99000000
0.01727628  37.00000000  0.01722832  40.00000000  1352.91213955  0.99000000
0.01200479  26.00000000  0.00547925  40.00000000  1346.42478141  0.99000000
0.01200479  26.00000000  0.00547925  40.00000000  1346.42478141  0.99000000
0.01200479  26.00000000  0.00547925  40.00000000  1346.42478141  0.99000000
0.01200479  26.00000000  0.00547925  40.00000000  1346.42478141  0.99000000
0.01200479  26.00000000  0.00547925  40.00000000  1346.42478141  0.99000000
0.01200479  26.00000000  0.00547925  40.00000000  1346.42478141  0.99000000
0.01200479  26.00000000  0.00547925  40.00000000  1346.42478141  0.99000000
0.02304746  38.00000000  0.02304746  40.00000000  1338.37750626  0.99000000
0.01200479  26.00000000  0.00547925  40.00000000  1346.42478141  0.99000000
0.02229850  28.00000000  0.00469153  40.00000000  1337.31466071  0.99000000
0.01200479  26.00000000  0.00547925  40.00000000  1346.42478141  0.99000000
0.01200479  26.00000000  0.00547925  40.00000000  1346.42478141  0.99000000
0.01447005  38.00000000  0.01447005  40.00000000  1346.44387858  0.99000000
0.01352516  38.00000000  0.01352516  40.00000000  1346.43313394  0.99000000
0.05583389  31.00000000  0.01016431  40.00000000  1343.45015985  0.99000000
0.01200479  26.00000000  0.00547925  40.00000000  1346.42478141  0.99000000
0.01200479  26.00000000  0.00547925  40.00000000  1346.42478141  0.99000000
0.01200479  26.00000000  0.00103025  40.00000000  1346.43543336  0.99000000
0.01200479  26.00000000  0.00547925  40.00000000  1346.42478141  0.99000000
0.01200479  26.00000000  0.00547925  40.00000000  1346.42478141  0.99000000
0.01200479  26.00000000  0.00547867  40.00000000  1346.42476061  0.99000000
0.01200479  26.00000000  0.00658756  40.00000000  1346.42523985  0.99000000
0.03528348  26.00000000  0.00833027  40.00000000  1296.83135702  0.99000000
0.01200479  26.00000000  0.00547925  40.00000000  1346.42478141  0.99000000
0.01200479  26.00000000  0.00547925  40.00000000  1346.42478141  0.99000000
0.01197686  26.00000000  0.00542098  40.00000000  1346.44066038  0.99000000
0.01200479  26.00000000  0.00547925  40.00000000  1346.42478141  0.99000000
0.01200479  26.00000000  0.00547925  40.00000000  1346.42478141  0.99000000
0.02319649  36.00000000  0.02203705  40.00000000  1352.91400951  0.99000000
0.02145411  37.00000000  0.02115823  40.00000000  1348.52445588  0.99000000
0.01200479  26.00000000  0.00547925  40.00000000  1346.42478141  0.99000000
0.02076481  33.00000000  0.01151723  40.00000000  1321.51429202  0.99000000
0.01200479  26.00000000  0.00546132  40.00000000  1346.42477751  0.99000000
0.00736649  28.00000000  0.00096659  40.00000000  1351.98461897  0.99000000
0.00684925  31.00000000  0.00470056  40.00000000  1301.27122021  0.99000000
0.01200479  26.00000000  0.00547925  40.00000000  1346.42478141  0.99000000
0.02259673  29.00000000  0.00681092  40.00000000  1352.07701080  0.99000000
0.01200479  26.00000000  0.00547925  40.00000000  1346.42478141  0.99000000
0.01200479  26.00000000  0.00547925  40.00000000  1346.42478141  0.99000000
0.01200479  26.00000000  0.00547925  40.00000000  1346.42478141  0.99000000
0.01200479  26.00000000  0.00547925  40.00000000  1346.42478141  0.99000000
0.01200479  26.00000000  0.00547925  40.00000000  1346.42478141  0.99000000
0.01200479  26.00000000  0.00547925  40.00000000  1346.42478141  0.99000000
0.01200479  26.00000000  0.00547925  40.00000000  1346.42478141  0.99000000
0.01200479  26.00000000  0.00547925  40.00000000  1346.42478141  0.99000000
0.01200479  26.00000000  0.00547925  40.00000000  1346.42478141  0.99000000
0.01200479  26.00000000  0.00547925  40.00000000  1346.42478141  0.99000000
0.01200479  26.00000000  0.00547925  40.00000000  1346.42478141  0.99000000
0.01200479  26.00000000  0.00547925  40.00000000  1346.42478141  0.99000000
0.01200479  26.00000000  0.00547925  40.00000000  1346.42478141  0.99000000
0.01200479  26.00000000  0.00547925  40.00000000  1346.42478141  0.99000000
0.03350319  38.00000000  0.03350319  40.00000000  1281.63693283  0.99000000
0.03519430  26.00000000  0.00768986  40.00000000  1296.98947196  0.99000000
0.01200479  26.00000000  0.00547925  40.00000000  1346.42478141  0.99000000
0.01200479  26.00000000  0.00547925  40.00000000  1346.42478141  0.99000000
0.02244722  37.00000000  0.02215335  40.00000000  1350.85769432  0.99000000
0.01200479  26.00000000  0.00547925  40.00000000  1346.42478141  0.99000000
0.26476533  37.00000000  0.26244731  40.00000000  1769.75321798  0.99000000
0.01200479  26.00000000  0.00547925  40.00000000  1346.42478141  0.99000000
0.02330470  32.00000000  0.01767140  40.00000000  1337.74237633  0.99000000
0.01200479  26.00000000  0.00547925  40.00000000  1346.42478141  0.99000000
0.01200479  26.00000000  0.00547925  40.00000000  1346.42478141  0.99000000
0.13701654  38.00000000  0.13701654  40.00000000  2243.19820419  0.99000000
0.02282430  31.00000000  0.01146900  40.00000000  1310.97209730  0.99000000
0.01204201  26.00000000  0.00540274  40.00000000  1346.46575218  0.99000000
0.01200479  26.00000000  0.00547925  40.00000000  1346.42478141  0.99000000
0.03091195  38.00000000  0.03091195  40.00000000  1938.25651790  0.99000000
0.01200479  26.00000000  0.00547925  40.00000000  1346.42478141  0.99000000
0.01200479  26.00000000  0.00547925  40.00000000  1346.42478141  0.99000000
0.01195504  26.00000000  0.00533198  40.00000000  1346.47150690  0.99000000
0.01200479  26.00000000  0.00547925  40.00000000  1346.42478141  0.99000000
0.01200479  26.00000000  0.00547925  40.00000000  1346.42478141  0.99000000
0.01200479  26.00000000  0.00547925  40.00000000  1346.42478141  0.99000000
0.01200479  26.00000000  0.00547925  40.00000000  1346.42478141  0.99000000
0.01200479  26.00000000  0.00547925  40.00000000  1346.42478141  0.99000000
0.01200479  26.00000000  0.00547925  40.00000000  1346.42478141  0.99000000
0.01200479  26.00000000  0.00547925  40.00000000  1346.42478141  0.99000000
0.01200479  26.00000000  0.00549030  40.00000000  1346.42478700  0.99000000
0.01200479  26.00000000  0.00547925  40.00000000  1346.42478141  0.99000000
0.01852114  38.00000000  0.01852114  40.00000000  1346.44648310  0.99000000
0.01200479  26.00000000  0.00547925  40.00000000  1346.42478141  0.99000000
0.01200479  26.00000000  0.00547925  40.00000000  1346.42478141  0.99000000
0.01200479  26.00000000  0.00547925  40.00000000  1346.42478141  0.99000000
0.03479731  38.00000000  0.03479731  40.00000000  1346.54654794  0.99000000
0.09805327  38.00000000  0.09805327  40.00000000  2557.19426445  0.99000000
0.01200479  26.00000000  0.00547925  40.00000000  1346.42478141  0.99000000
0.01200479  26.00000000  0.00547925  40.00000000  1346.42478141  0.99000000
0.01200479  26.00000000  0.00547925  40.00000000  1346.42478141  0.99000000
0.01200479  26.00000000  0.00547925  40.00000000  1346.42478141  0.99000000
0.03071330  31.00000000  0.02115736  40.00000000  1520.11213254  0.99000000
0.01200479  26.00000000  0.00547925  40.00000000  1346.42478141  0.99000000
0.01200479  26.00000000  0.00547925  40.00000000  1346.42478141  0.99000000
0.01200479  26.00000000  0.00547925  40.00000000  1346.42478141  0.99000000
0.01200479  26.00000000  0.00547925  40.00000000  1346.42478141  0.99000000
0.03616052  26.00000000  0.01041445  40.00000000  1324.95335425  0.99000000
0.01200479  26.00000000  0.00547925  40.00000000  1346.42478141  0.99000000
0.01200479  26.00000000  0.00547925  40.00000000  1346.42478141  0.99000000
0.01200479  26.00000000  0.00547925  40.00000000  1346.42478141  0.99000000
0.01200479  26.00000000  0.00547925  40.00000000  1346.42478141  0.99000000
0.01200479  26.00000000  0.00547925  40.00000000  1346.42478141  0.99000000
0.18501499  38.00000000  0.18501499  40.00000000  1421.93147151  0.99000000
0.01200479  26.00000000  0.00547925  40.00000000  1346.42478141  0.99000000
0.01200479  26.00000000  0.00547925  40.00000000  1346.42478141  0.99000000
0.01200479  26.00000000  0.00547925  40.00000000  1346.42478141  0.99000000
0.01200479  26.00000000  0.00548299  40.00000000  1346.42479411  0.99000000
0.03626094  33.00000000  0.02573689  40.00000000  1352.47055903  0.99000000
0.01200479  26.00000000  0.00547925  40.00000000  1346.42478141  0.99000000
0.01200479  26.00000000  0.00547925  40.00000000  1346.42478141  0.99000000
0.01200479  26.00000000  0.00547925  40.00000000  1346.42478141  0.99000000
0.01200479  26.00000000  0.00547925  40.00000000  1346.42478141  0.99000000
0.01200479  26.00000000  0.00547925  40.00000000  1346.42478141  0.99000000
0.01625346  30.00000000  0.01156072  40.00000000  1351.30804592  0.99000000
0.01200479  26.00000000  0.00547925  40.00000000  1346.42478141  0.99000000
0.01200479  26.00000000  0.00547925  40.00000000  1346.42478141  0.99000000
0.01200479  26.00000000  0.00547925  40.00000000  1346.42478141  0.99000000
0.01200479  26.00000000  0.00547925  40.00000000  1346.42478141  0.99000000
0.01200479  26.00000000  0.00547925  40.00000000  1346.42478141  0.99000000
0.01464230  27.00000000  0.00941876  40.00000000  1346.45485109  0.99000000
0.00241051  38.00000000  0.00241051  40.00000000  1286.52523442  0.99000000
0.01200479  26.00000000  0.00547925  40.00000000  1346.42478141  0.99000000
0.01200479  26.00000000  0.00547925  40.00000000  1346.42478141  0.99000000
0.01200479  26.00000000  0.00547925  40.00000000  1346.42478141  0.99000000
0.01200479  26.00000000  0.00547925  40.00000000  1346.42478141  0.99000000
0.03536737  38.00000000  0.03536737  40.00000000  1340.71086974  0.99000000
0.01200479  26.00000000  0.00547925  40.00000000  1346.42478141  0.99000000
0.03844782  26.00000000  0.00427620  40.00000000  1331.43300261  0.99000000
0.01197752  26.00000000  0.00549873  40.00000000  1346.74061114  0.99000000
0.01200479  26.00000000  0.00547925  40.00000000  1346.42478141  0.99000000
0.00182678  19.00000000  0.00039084  40.00000000  1352.97041811  0.99000000
0.01200479  26.00000000  0.00547925  40.00000000  1346.42478141  0.99000000
0.01367109  38.00000000  0.01367109  40.00000000  1335.99111557  0.99000000
0.01200479  26.00000000  0.00547925  40.00000000  1346.42478141  0.99000000
0.01200479  26.00000000  0.00547925  40.00000000  1346.42478141  0.99000000
0.02145411  37.00000000  0.02115823  40.00000000  1348.52445588  0.99000000
0.01200479  26.00000000  0.00547925  40.00000000  1346.42478141  0.99000000
0.01200479  26.00000000  0.00547925  40.00000000  1346.42478141  0.99000000
0.01200479  26.00000000  0.00547925  40.00000000  1346.42478141  0.99000000
0.01200479  26.00000000  0.00547925  40.00000000  1346.42478141  0.99000000
0.01200479  26.00000000  0.00547925  40.00000000  1346.42478141  0.99000000
0.01200479  26.00000000  0.00547925  40.00000000  1346.42478141  0.99000000
0.01200479  26.00000000  0.00547925  40.00000000  1346.42478141  0.99000000
0.04812411  37.00000000  0.04809774  40.00000000  1347.02987240  0.99000000
0.01200479  26.00000000  0.00547925  40.00000000  1346.42478141  0.99000000
0.01200479  26.00000000  0.00547925  40.00000000  1346.42478141  0.99000000
0.01200479  26.00000000  0.00364096  40.00000000  1346.42484790  0.99000000
0.01200479  26.00000000  0.00547925  40.00000000  1346.42478141  0.99000000
0.01200479  26.00000000  0.00547925  40.00000000  1346.42478141  0.99000000
0.01200479  26.00000000  0.00547925  40.00000000  1346.42478141  0.99000000
0.04706538  38.00000000  0.04706538  40.00000000  1310.29284641  0.99000000
0.01200479  26.00000000  0.00547925  40.00000000  1346.42478141  0.99000000
0.01200479  26.00000000  0.00547925  40.00000000  1346.42478141  0.99000000
0.01366777  31.00000000  0.01050331  40.00000000  1346.47753260  0.99000000
0.01200479  26.00000000  0.00547925  40.00000000  1346.42478141  0.99000000
0.01185053  26.00000000  0.00236034  40.00000000  1346.56606234  0.99000000
0.01200479  26.00000000  0.00547925  40.00000000  1346.42478141  0.99000000
0.02259681  29.00000000  0.01133663  40.00000000  1352.13575335  0.99000000
0.01200479  26.00000000  0.00547925  40.00000000  1346.42478141  0.99000000
0.01200479  26.00000000  0.00547925  40.00000000  1346.42478141  0.99000000
0.01200479  26.00000000  0.00547925  40.00000000  1346.42478141  0.99000000
0.02057756  38.00000000  0.02057756  40.00000000  1346.45142710  0.99000000
0.01200479  26.00000000  0.00547925  40.00000000  1346.42478141  0.99000000
0.02081965  37.00000000  0.02077456  40.00000000  1326.93617398  0.99000000
0.01202452  26.00000000  0.00544048  40.00000000  1346.46625045  0.99000000
0.07373051  32.00000000  0.03628545  40.00000000  1330.12852868  0.99000000
0.01200479  26.00000000  0.00547925  40.00000000  1346.42478141  0.99000000
0.01200479  26.00000000  0.00126712  40.00000000  1346.42653484  0.99000000
0.01200479  26.00000000  0.00547925  40.00000000  1346.42478141  0.99000000
0.01200479  26.00000000  0.00547925  40.00000000  1346.42478141  0.99000000
0.01200479  26.00000000  0.00547925  40.00000000  1346.42478141  0.99000000
0.01200479  26.00000000  0.00547925  40.00000000  1346.42478141  0.99000000
0.01200479  26.00000000  0.00547925  40.00000000  1346.42478141  0.99000000
0.01200479  26.00000000  0.00547925  40.00000000  1346.42478141  0.99000000
0.01200479  26.00000000  0.00598421  40.00000000  1346.42459809  0.99000000
0.01200479  26.00000000  0.00547925  40.00000000  1346.42478141  0.99000000
0.01200479  26.00000000  0.00547925  40.00000000  1346.42478141  0.99000000
0.01200479  26.00000000  0.00547925  40.00000000  1346.42478141  0.99000000
0.01200479  26.00000000  0.00547925  40.00000000  1346.42478141  0.99000000
0.01200479  26.00000000  0.00547925  40.00000000  1346.42478141  0.99000000
0.01200479  26.00000000  0.00547925  40.00000000  1346.42478141  0.99000000
0.01200479  26.00000000  0.00547925  40.00000000  1346.42478141  0.99000000
0.00662683  21.00000000  0.00444296  40.00000000  1342.20573418  0.99000000
0.01200479  26.00000000  0.00547925  40.00000000  1346.42478141  0.99000000
0.01200479  26.00000000  0.00547925  40.00000000  1346.42478141  0.99000000
0.01200479  26.00000000  0.00547867  40.00000000  1346.42476061  0.99000000
0.01200479  26.00000000  0.00547925  40.00000000  1346.42478141  0.99000000
0.01200479  26.00000000  0.00547925  40.00000000  1346.42478141  0.99000000
0.01200479  26.00000000  0.00547925  40.00000000  1346.42478141  0.99000000
0.01200479  26.00000000  0.00547925  40.00000000  1346.42478141  0.99000000
0.01200479  26.00000000  0.00547925  40.00000000  1346.42478141  0.99000000
0.01200479  26.00000000  0.00547925  40.00000000  1346.42478141  0.99000000
0.01200479  26.00000000  0.00547925  40.00000000  1346.42478141  0.99000000
0.01200479  26.00000000  0.00547925  40.00000000  1346.42478141  0.99000000
0.01200479  26.00000000  0.00547925  40.00000000  1346.42478141  0.99000000
0.01241266  38.00000000  0.01241266  40.00000000  1346.44531895  0.99000000
0.03350319  38.00000000  0.03350319  40.00000000  1281.63693283  0.99000000
0.01634102  38.00000000  0.01634102  40.00000000  1345.00325432  0.99000000
0.01200479  26.00000000  0.00547925  40.00000000  1346.42478141  0.99000000
0.01200479  26.00000000  0.00547925  40.00000000  1346.42478141  0.99000000
0.01584533  28.00000000  0.00917225  40.00000000  1351.27423615  0.99000000
0.01200479  26.00000000  0.00547925  40.00000000  1346.42478141  0.99000000
0.01195504  26.00000000  0.00533198  40.00000000  1346.47150690  0.99000000
0.01200479  26.00000000  0.00547925  40.00000000  1346.42478141  0.99000000
0.01200479  26.00000000  0.00547925  40.00000000  1346.42478141  0.99000000
0.01200479  26.00000000  0.00547925  40.00000000  1346.42478141  0.99000000
0.01727628  37.00000000  0.01722832  40.00000000  1352.91213955  0.99000000
0.01200479  26.00000000  0.00547925  40.00000000  1346.42478141  0.99000000
0.01200479  26.00000000  0.00547925  40.00000000  1346.42478141  0.99000000
0.01200479  26.00000000  0.00547925  40.00000000  1346.42478141  0.99000000
0.01200479  26.00000000  0.00547925  40.00000000  1346.42478141  0.99000000
0.01200479  26.00000000  0.00562500  40.00000000  1346.42478541  0.99000000
0.01200479  26.00000000  0.00547925  40.00000000  1346.42478141  0.99000000
0.01972679  38.00000000  0.01972679  40.00000000  1356.33730000  0.99000000
0.01200478  26.00000000  0.00599158  40.00000000  1346.42556016  0.99000000
0.02364892  38.00000000  0.02364892  40.00000000  1346.46124247  0.99000000
0.01200479  26.00000000  0.00547925  40.00000000  1346.42478141  0.99000000
0.01200479  26.00000000  0.00547925  40.00000000  1346.42478141  0.99000000
0.02452251  38.00000000  0.02452251  40.00000000  1323.02856258  0.99000000
0.01325821  36.00000000  0.01188253  40.00000000  1346.67995855  0.99000000
0.01200479  26.00000000  0.00547925  40.00000000  1346.42478141  0.99000000
0.01200479  26.00000000  0.00547925  40.00000000  1346.42478141  0.99000000
0.01200479  26.00000000  0.00547925  40.00000000  1346.42478141  0.99000000
0.02802013  31.00000000  0.01250729  40.00000000  1346.80774278  0.99000000
0.01200479  26.00000000  0.00547925  40.00000000  1346.42478141  0.99000000
0.03071330  31.00000000  0.02115736  40.00000000  1520.11213254  0.99000000
0.01200479  26.00000000  0.00547925  40.00000000  1346.42478141  0.99000000
0.01200489  26.00000000  0.00547898  40.00000000  1346.43049930  0.99000000
0.01200479  26.00000000  0.00547925  40.00000000  1346.42478141  0.99000000
0.01200479  26.00000000  0.00547925  40.00000000  1346.42478141  0.99000000
0.01200479  26.00000000  0.00547925  40.00000000  1346.42478141  0.99000000
0.01200479  26.00000000  0.00547925  40.00000000  1346.42478141  0.99000000
0.01200479  26.00000000  0.00547925  40.00000000  1346.42478141  0.99000000
0.01200479  26.00000000  0.00547925  40.00000000  1346.42478141  0.99000000
0.01209749  38.00000000  0.01209749  40.00000000  1407.99780144  0.99000000
0.52893109  37.00000000  0.51469264  40.00000000  2640.98529861  0.99000000
0.10206931  28.00000000  0.00758229  40.00000000  1733.47791468  0.99000000
0.13426837  28.00000000  0.00379539  40.00000000  1732.83223727  0.99000000
0.02453917  26.00000000  0.00213284  40.00000000  1167.24635634  0.99000000
0.02257461  31.00000000  0.00314033  40.00000000  998.23425905  0.99000000
0.00028915  36.00000000  0.00028639  40.00000000  1091.03794120  0.99000000
0.13296519  36.00000000  0.12978877  40.00000000  2049.77034097  0.99000000
0.06737585  38.00000000  0.06737585  40.00000000  2296.17780652  0.99000000
0.09676436  31.00000000  0.05728745  40.00000000  1756.21891161  0.99000000
0.06088120  30.00000000  0.03427252  40.00000000  1077.04747795  0.99000000
0.05354826  38.00000000  0.05354826  40.00000000  1533.89407475  0.99000000
0.00355665  34.00000000  0.00311192  40.00000000  1059.66098126  0.99000000
0.01427643  33.00000000  0.00353499  40.00000000  1265.28409375  0.99000000
0.01033904  28.00000000  0.00168917  40.00000000  1871.44441444  0.99000000
0.06385650  37.00000000  0.06096140  40.00000000  1519.98404539  0.99000000
0.00614620  33.00000000  0.00599595  40.00000000  1308.10436853  0.99000000
0.00110773  38.00000000  0.00110773  40.00000000  2039.11599783  0.99000000
0.03629037  29.00000000  0.00202834  40.00000000  1995.71951178  0.99000000
0.01413096  32.00000000  0.00780024  40.00000000  2135.42757388  0.99000000
0.00944381  31.00000000  0.00575781  40.00000000  2135.28726582  0.99000000
0.01482089  34.00000000  0.01348588  40.00000000  3034.06575462  0.99000000
0.00339333  29.00000000  0.00153534  40.00000000  1720.50680214  0.99000000
0.00010238  26.00000000  0.00001563  40.00000000  2238.42036705  0.99000000
0.00968895  29.00000000  0.00815840  40.00000000  1915.56107479  0.99000000
0.14436040  38.00000000  0.14436040  40.00000000  1772.24027461  0.99000000
0.05352019  38.00000000  0.05352019  40.00000000  2145.07007646  0.99000000
0.10701774  25.00000000  0.04184198  40.00000000  1948.89484254  0.99000000
0.03270205  36.00000000  0.02377001  40.00000000  954.52400226  0.99000000
0.10055241  30.00000000  0.00802676  40.00000000  2770.30855197  0.99000000
0.04296192  26.00000000  0.00300399  40.00000000  1976.63128104  0.99000000
0.09950103  38.00000000  0.09950103  40.00000000  963.60451284  0.99000000
0.17490440  38.00000000  0.17490440  40.00000000  2243.87764331  0.99000000
0.20156909  38.00000000  0.20156909  40.00000000  2358.05437218  0.99000000
0.00955787  34.00000000  0.00374141  40.00000000  940.31420648  0.99000000
0.16386647  31.00000000  0.01547598  40.00000000  2457.93465196  0.99000000
0.06948030  37.00000000  0.06783793  40.00000000  2576.71115510  0.99000000
0.08134565  30.00000000  0.05084599  40.00000000  2440.04356475  0.99000000
0.05616191  27.00000000  0.01484140  40.00000000  2575.70789106  0.99000000
0.09118962  34.00000000  0.07600344  40.00000000  3016.91193918  0.99000000
0.57138910  35.00000000  0.42872588  40.00000000  3137.86419052  0.99000000
0.03329481  28.00000000  0.00573838  40.00000000  3025.20502128  0.99000000
0.01672101  25.00000000  0.01237354  40.00000000  2320.87089787  0.99000000
0.06921546  30.00000000  0.03166516  40.00000000  2595.83647834  0.99000000
0.01009589  29.00000000  0.00981301  40.00000000  2653.72511044  0.99000000
0.28214739  33.00000000  0.08762536  40.00000000  2811.03356652  0.99000000
0.36976004  32.00000000  0.09099612  40.00000000  2827.45973712  0.99000000
0.18894557  33.00000000  0.05460168  40.00000000  2666.43678097  0.99000000
0.07062677  24.00000000  0.01597696  40.00000000  2668.59696069  0.99000000
0.61072960  35.00000000  0.46896280  40.00000000  3145.26199485  0.99000000
0.17869673  30.00000000  0.08397812  40.00000000  2936.64110002  0.99000000
0.35666225  38.00000000  0.35666225  40.00000000  2997.69316253  0.99000000
0.00360175  31.00000000  0.00240744  40.00000000  3040.33466330  0.99000000
0.50874010  29.00000000  0.12897038  40.00000000  3144.02727714  0.99000000
0.25157394  28.00000000  0.06169706  40.00000000  3056.30114386  0.99000000
0.49158557  31.00000000  0.06222589  40.00000000  3138.56377668  0.99000000
0.32662412  30.00000000  0.10714684  40.00000000  3016.86819019  0.99000000
0.08963905  32.00000000  0.03946878  40.00000000  2866.09043490  0.99000000
0.64927288  34.00000000  0.33724569  40.00000000  3152.66569167  0.99000000
0.30502701  32.00000000  0.25690604  40.00000000  2905.95053652  0.99000000
0.32186210  32.00000000  0.13186213  40.00000000  2915.34790141  0.99000000
0.37727719  34.00000000  0.37228850  40.00000000  2902.45517962  0.99000000
0.07212704  35.00000000  0.06923911  40.00000000  2412.62345495  0.99000000
0.56659669  31.00000000  0.48788385  40.00000000  3200.97474512  0.99000000
0.69907500  31.00000000  0.06954718  40.00000000  3172.20776399  0.99000000
0.89623279  34.00000000  0.53074909  40.00000000  3206.55625397  0.99000000
0.12119452  25.00000000  0.07976382  40.00000000  2843.34851782  0.99000000
0.40909425  38.00000000  0.40909425  40.00000000  3097.98924747  0.99000000
0.15647479  34.00000000  0.12890813  40.00000000  3049.07335247  0.99000000
0.61272369  38.00000000  0.61272369  40.00000000  3096.42592996  0.99000000
0.39324668  37.00000000  0.37632537  40.00000000  3078.19572443  0.99000000
0.01608901  38.00000000  0.01608901  40.00000000  1402.13633149  0.99000000
0.51912079  37.00000000  0.49960262  40.00000000  3103.08699823  0.99000000
0.54946654  33.00000000  0.34478163  40.00000000  3185.31626567  0.99000000
0.35261182  35.00000000  0.28471135  40.00000000  2919.08909371  0.99000000
0.64324165  33.00000000  0.35764121  40.00000000  3195.14101155  0.99000000
0.55227145  32.00000000  0.41982645  40.00000000  3186.99865581  0.99000000
0.54488925  36.00000000  0.46752987  40.00000000  3121.13919755  0.99000000
0.53145138  36.00000000  0.49057161  40.00000000  3188.37445463  0.99000000
0.00298918  38.00000000  0.00298918  40.00000000  3031.77222321  0.99000000
0.00001640  38.00000000  0.00001640  40.00000000  2646.43119975  0.99000000
0.02211825  35.00000000  0.02124054  40.00000000  3034.30218286  0.99000000
0.21107149  38.00000000  0.21107149  40.00000000  3011.17846647  0.99000000
0.00043279  38.00000000  0.00043279  40.00000000  2197.52499431  0.99000000
0.00057279  38.00000000  0.00057279  40.00000000  2222.52014618  0.99000000
0.14325856  38.00000000  0.14325856  40.00000000  3037.40818610  0.99000000
0.30838913  29.00000000  0.07968454  40.00000000  3086.71380844  0.99000000
0.17898367  31.00000000  0.07151089  40.00000000  3015.99971880  0.99000000
0.00042472  23.00000000  0.00010634  40.00000000  2264.58427313  0.99000000
0.86707162  35.00000000  0.66468675  40.00000000  3165.78271088  0.99000000
0.00819632  31.00000000  0.00332987  40.00000000  2276.35344432  0.99000000
0.03514326  38.00000000  0.03514326  40.00000000  3034.23199720  0.99000000
0.09423297  32.00000000  0.01134650  40.00000000  3016.47334755  0.99000000
0.70698689  36.00000000  0.63675833  40.00000000  3165.25674743  0.99000000
0.77724422  31.00000000  0.46981576  40.00000000  3256.27376610  0.99000000
0.72254006  38.00000000  0.72254006  40.00000000  2268.97687283  0.99000000
0.20596051  35.00000000  0.20541591  40.00000000  2533.84093507  0.99000000
0.06637441  37.00000000  0.04800588  40.00000000  3035.38474127  0.99000000
0.00178783  38.00000000  0.00178783  40.00000000  3010.40905961  0.99000000
0.44453346  31.00000000  0.05582695  40.00000000  3122.79954785  0.99000000
0.40696646  36.00000000  0.36730688  40.00000000  3083.74885363  0.99000000
0.75712736  35.00000000  0.63903392  40.00000000  2999.49246991  0.99000000
