7 4 6 0 4 4 7 7 7 7 6 8 8 8 1 7 8 8 2 8 8 8 8 3 3 3 1 1 4 1 1 1 4 3 1 0 0 0 0 0
4 4 4 4 4 4 0 0 0 0 0 0 0 8 1 7 1 2 2 2 8 2 8 3 3 3 3 0 2 2 3 3 3 3 3 0 0 0 0 0
3 7 8 4 4 8 8 8 8 6 6 6 6 1 1 1 7 1 2 8 2 8 8 1 1 2 3 4 4 4 3 5 3 3 5 0 0 0 0 0
8 4 5 4 4 5 5 8 0 0 0 6 0 6 1 7 7 0 2 8 2 8 2 0 2 3 4 2 2 2 0 5 0 0 5 0 0 0 0 0
4 4 4 4 4 5 5 0 8 8 6 6 6 6 1 1 0 2 2 8 2 8 8 2 1 4 4 4 4 4 4 4 4 4 5 0 0 0 0 0
7 7 6 4 4 8 8 8 8 6 6 6 6 6 1 7 7 7 2 8 2 8 2 1 1 1 3 4 1 3 0 5 0 0 4 0 0 0 0 0
8 5 4 4 4 4 7 7 7 7 8 7 7 1 1 7 1 2 2 2 8 2 8 3 1 3 3 3 3 4 3 3 4 4 3 0 0 0 0 0
4 4 4 4 4 0 0 0 0 6 6 6 6 7 1 7 7 7 2 8 2 8 8 3 3 3 3 4 4 4 5 5 5 5 0 0 0 0 0 0
4 4 4 4 4 6 6 6 0 6 6 6 6 6 1 7 7 7 2 8 2 8 2 2 0 0 4 4 4 4 4 5 2 1 4 0 0 0 0 0
3 3 7 7 5 5 5 5 5 7 6 7 6 1 8 7 1 8 8 2 8 8 8 3 1 1 4 4 2 4 2 2 2 2 1 0 0 0 0 0
