15
23
27
0
31
18
10
8
19
29
27
16
29
20
11
1
27
30
1
18
11
2
16
11
13
2
3
25
32
24
4
4
4
0
14
5
27
5
15
26
16
6
2
16
7
17
1
7
32
8
3
18
19
32
9
31
19
10
25
10
2
10
11
21
31
28
12
22
6
22
5
13
31
23
7
14
3
24
15
13
15
25
15
14
16
26
16
27
5
27
17
27
18
10
17
28
29
19
17
29
20
17
17
31
30
32
21
11
9
20
31
21
1
23
3
32
24
24
4
24
0
14
1
15
5
15
25
5
27
2
13
24
8
31
26
32
32
23
31
29
31
9
31
31
31
30
31
26
32
31
29
31
29
32
12
32
18
31
24
32
23
31
31
31
31
15
32
26
9
31
19
25
32
16
