6
13
17
24
11
26
32
29
28
19
15
26
9
9
1
1
10
21
32
2
2
32
1
2
3
1
3
13
13
4
13
4
2
5
21
5
16
15
6
0
1
27
7
6
7
17
18
31
31
31
9
31
9
5
25
10
20
2
6
11
21
3
28
26
30
22
13
12
13
23
24
14
24
5
24
8
25
30
15
16
30
26
11
17
8
27
11
18
32
32
28
19
15
14
29
20
1
9
10
30
1
21
32
2
31
0
3
1
3
32
13
24
8
22
2
5
21
8
26
23
6
24
1
27
7
31
32
32
32
31
31
31
31
31
31
5
31
10
31
15
31
8
31
28
31
26
31
2
32
31
31
23
31
31
4
32
30
31
31
31
32
32
31
26
18
