11
21
20
23
35
20
14
10
20
32
21
22
14
22
29
30
9
9
9
1
17
33
23
11
11
23
2
11
12
30
12
28
12
3
2
26
1
27
19
27
4
19
36
14
5
5
15
5
15
22
15
6
0
3
22
30
7
3
30
7
18
33
8
5
5
19
2
1
9
19
28
27
1
10
4
4
36
1
11
21
32
35
32
1
34
12
2
1
35
5
23
13
4
24
4
4
1
25
36
15
15
15
30
15
8
9
7
26
16
7
17
27
8
28
17
35
3
7
16
17
19
16
19
29
7
34
20
30
19
20
14
20
20
2
31
22
32
22
13
6
9
35
23
20
13
33
23
16
11
34
2
36
14
23
12
25
35
13
2
35
0
18
19
27
36
19
36
27
13
17
3
20
5
22
10
6
25
19
1
19
31
24
16
27
18
29
22
35
5
36
36
36
35
28
35
33
1
35
24
36
36
1
33
35
7
35
32
36
28
35
7
1
35
16
23
35
27
35
34
32
35
35
36
15
15
26
35
18
8
32
4
35
8
34
17
31
35
25
8
35
35
8
35
17
31
11
3
36
