8
21
12
19
8
14
15
7
32
35
22
22
19
19
18
27
30
15
1
1
19
1
24
31
22
2
24
11
29
2
18
12
3
34
19
1
3
32
4
25
4
26
1
24
33
1
5
15
21
0
30
2
6
27
16
2
7
23
2
28
26
29
8
34
18
0
27
19
9
32
19
26
32
5
20
10
3
3
32
2
32
11
22
12
7
28
28
7
23
31
13
35
1
0
24
14
24
2
35
30
15
30
36
10
5
16
26
0
16
31
3
27
17
8
32
10
33
28
34
18
36
10
13
5
12
20
12
30
4
14
15
20
31
35
22
22
32
7
13
1
3
23
36
5
1
33
24
6
17
34
24
11
8
9
18
6
2
35
19
5
36
3
20
3
21
0
36
19
27
29
3
29
20
7
20
15
6
7
23
15
1
23
0
13
3
36
35
32
35
23
36
36
16
35
19
23
35
33
35
10
35
2
7
35
32
36
36
19
34
36
31
34
36
31
13
35
14
35
31
14
36
2
35
35
15
30
36
30
3
36
33
30
2
36
3
35
35
23
33
35
33
28
35
18
36
36
3
36
