9
10
17
27
17
9
17
8
31
11
35
8
22
32
22
15
18
19
1
20
1
15
31
11
11
2
11
1
2
25
19
19
26
3
25
18
34
1
4
25
4
23
21
24
5
15
5
28
0
26
16
6
24
17
16
35
7
24
2
3
7
1
8
1
24
33
26
9
35
35
9
35
27
35
20
10
35
21
0
27
11
21
7
12
7
5
5
35
23
13
34
34
2
29
24
30
14
30
7
25
33
26
10
4
26
16
26
16
27
3
17
27
10
5
36
28
11
12
18
36
4
0
29
14
9
30
34
34
20
9
34
12
31
9
35
2
10
32
22
32
0
12
23
33
6
23
6
18
9
34
14
1
23
25
23
35
7
5
35
9
14
1
4
36
4
23
23
28
5
4
14
28
0
29
29
9
12
13
16
20
20
18
31
23
16
1
35
36
36
29
36
31
33
35
9
8
35
35
35
31
35
31
35
36
32
36
34
12
36
27
34
36
34
13
36
33
5
35
35
9
32
36
29
29
33
26
36
30
26
16
26
36
27
27
36
31
9
35
14
16
11
12
35
33
4
0
35
36
