19
7
7
11
14
15
21
17
17
18
31
25
22
9
32
33
19
21
17
1
17
19
23
30
25
21
2
0
31
19
12
22
3
36
19
3
35
25
2
4
14
25
1
28
31
5
29
25
32
22
27
6
16
28
26
0
17
7
23
27
17
8
26
36
8
19
3
9
33
9
33
30
10
7
10
7
30
5
2
27
11
32
22
5
12
29
36
23
13
29
13
13
13
24
14
30
14
35
0
35
15
15
15
8
26
7
6
16
36
27
2
11
12
6
28
3
1
18
33
8
7
29
35
10
19
20
30
0
14
1
1
20
17
36
12
17
22
32
1
33
19
23
11
14
23
10
20
7
34
21
34
24
2
17
11
3
35
26
3
16
36
25
2
17
26
25
23
19
28
26
14
25
3
22
14
0
16
28
26
2
13
12
31
34
33
32
36
32
17
34
3
36
33
3
33
35
10
31
35
16
27
27
35
2
34
32
36
7
36
31
36
36
3
36
36
1
19
31
35
10
14
35
0
36
15
36
36
8
35
7
31
35
35
36
29
3
36
6
19
36
31
18
36
12
34
36
4
13
