34
20
34
28
9
11
20
31
14
22
21
32
36
36
9
28
15
16
1
16
1
16
17
24
11
26
2
21
2
35
2
12
3
32
3
26
13
3
13
13
4
23
21
3
5
21
2
5
15
3
27
6
1
31
1
29
23
7
26
31
27
18
8
18
24
0
35
9
19
1
9
36
36
6
6
10
26
32
3
11
21
22
28
35
6
12
7
6
36
5
23
24
13
6
2
31
8
24
30
25
15
32
11
26
5
9
26
27
11
36
17
9
27
4
8
36
18
28
7
13
18
29
3
29
34
20
6
35
20
30
7
31
14
11
21
10
36
36
14
32
0
14
36
33
7
11
33
13
24
24
18
34
15
7
24
26
14
35
12
26
13
15
20
36
20
17
7
3
5
21
6
7
13
15
11
19
1
18
18
4
23
7
18
1
0
32
33
35
32
24
35
24
36
35
33
35
17
16
35
1
35
26
36
29
36
36
36
36
36
35
35
33
36
35
23
35
31
35
10
31
35
4
30
25
35
29
11
27
36
10
24
36
10
10
17
36
1
34
6
36
27
28
7
36
34
29
3
36
