31
10
13
34
16
11
27
34
34
31
32
9
23
33
13
23
15
22
1
29
1
22
25
24
1
2
18
26
2
34
13
25
1
3
35
1
13
0
14
4
21
19
14
1
0
5
15
23
15
27
6
23
16
6
17
25
7
2
17
7
33
3
35
8
18
34
24
9
5
34
5
35
10
33
25
25
10
3
11
21
1
22
3
7
12
36
30
0
27
23
5
35
13
33
14
7
36
33
25
34
31
30
15
26
35
31
5
8
1
8
27
35
4
31
17
33
7
28
18
33
13
29
19
4
30
10
13
34
16
3
9
34
9
31
11
16
35
6
0
32
2
22
35
33
1
24
33
24
36
35
34
3
0
12
20
25
35
19
35
1
17
14
17
36
21
36
16
28
5
28
19
5
15
9
13
29
4
21
17
1
6
25
24
18
14
3
35
36
35
18
1
35
5
33
3
35
30
6
35
33
11
3
32
35
34
22
30
1
35
5
29
27
36
22
5
35
11
34
35
11
16
6
5
35
10
5
34
26
35
31
15
12
35
8
34
35
20
31
35
5
7
7
18
33
15
29
35
27
