26
0
35
30
7
23
33
20
21
32
10
8
22
10
36
12
33
28
1
36
17
1
24
0
36
2
2
2
17
2
18
24
3
25
3
13
25
14
13
4
27
20
23
25
34
22
5
15
22
1
16
6
25
16
28
7
7
17
7
2
26
35
27
18
35
19
8
9
19
19
25
31
5
10
35
21
6
5
11
21
11
0
3
22
12
28
33
33
23
2
13
23
24
36
32
9
14
32
25
36
15
25
7
26
10
0
26
35
0
11
11
27
17
9
7
28
9
34
34
1
19
29
19
34
7
0
14
30
20
9
35
7
21
31
35
7
14
10
22
32
13
17
23
36
17
33
2
14
36
24
34
0
14
12
1
24
35
25
18
12
14
26
36
8
27
36
1
15
12
28
13
5
16
29
6
6
2
16
28
7
16
27
7
15
26
35
36
1
35
30
35
30
35
35
33
35
23
9
35
29
33
29
34
35
11
0
3
3
35
18
33
36
30
36
11
36
36
36
33
34
36
2
35
36
16
36
26
18
35
0
26
35
32
34
32
35
35
36
4
35
32
36
34
3
36
29
8
35
