18
34
25
34
25
30
21
13
32
22
8
29
22
18
9
26
21
16
1
20
20
1
20
20
30
2
23
2
17
34
12
18
3
12
3
19
3
13
4
14
4
24
15
24
22
5
20
23
0
0
6
1
1
6
30
28
17
23
7
29
17
24
8
30
0
28
0
9
29
9
34
0
10
20
10
6
29
34
35
11
21
7
27
32
22
0
22
28
23
13
23
35
29
24
36
14
9
24
0
33
25
0
25
6
15
2
16
26
32
11
32
17
27
2
6
28
18
34
28
0
14
3
29
13
29
34
30
34
20
30
3
8
16
21
31
15
0
6
9
22
32
19
19
13
15
23
33
17
16
36
34
24
24
34
12
36
3
10
35
19
26
36
10
9
1
36
24
36
24
22
11
6
28
0
13
15
23
17
30
7
30
28
19
29
28
24
23
35
0
35
31
35
22
35
34
35
31
36
36
36
36
21
35
11
35
7
35
32
36
7
36
3
35
35
23
36
31
31
36
2
36
24
36
35
35
33
25
35
2
2
35
31
32
35
32
17
35
2
6
36
13
35
35
33
14
36
29
12
