16
32
31
30
36
32
35
31
14
19
13
35
13
25
15
16
9
21
23
1
21
17
0
16
17
20
2
21
24
29
0
12
3
36
23
3
19
20
4
20
4
21
31
24
5
1
15
5
2
1
6
28
6
29
1
36
4
7
34
17
32
1
8
34
4
32
32
4
9
19
28
2
29
32
35
35
26
10
11
29
29
33
34
35
4
22
32
12
13
2
23
2
13
29
1
14
0
14
36
15
25
15
4
26
3
0
16
7
2
36
8
6
27
1
2
28
18
33
28
3
29
18
19
8
29
8
14
7
30
5
8
11
0
3
31
35
36
21
13
32
9
4
23
7
12
33
0
0
10
2
5
34
8
25
0
13
5
12
35
3
10
5
36
20
4
21
11
36
5
22
15
5
16
1
6
3
6
17
16
24
20
25
11
1
32
11
36
35
4
35
32
7
35
19
23
35
29
35
35
35
28
36
11
36
8
35
33
35
4
35
26
12
35
4
35
36
36
6
35
30
4
35
15
36
35
35
36
26
36
31
19
36
34
36
36
6
36
1
2
36
14
36
3
3
29
36
17
36
