11
51
55
39
40
53
19
41
21
21
1
1
19
59
2
2
2
1
3
3
27
63
4
41
16
5
32
17
6
1
6
7
7
1
8
54
8
9
37
9
31
39
10
33
11
24
3
12
9
25
13
9
56
14
55
15
15
15
39
1
16
11
17
30
44
18
5
54
19
32
15
39
11
21
51
62
8
5
17
22
12
24
24
37
54
20
38
26
53
21
39
49
40
40
28
27
29
18
42
2
31
64
44
25
13
32
31
33
16
46
7
47
27
47
29
36
27
49
49
37
38
50
7
64
51
16
39
40
53
34
41
14
54
1
59
55
6
63
20
7
64
45
62
58
63
4
59
64
30
48
35
37
61
49
62
7
27
8
25
63
41
43
64
52
39
34
53
11
9
48
6
40
25
23
9
36
64
24
15
63
61
59
1
63
62
0
63
63
63
63
63
37
63
63
54
63
63
63
63
63
63
56
63
62
63
24
63
22
63
63
52
54
63
63
51
64
55
60
63
63
60
42
64
45
64
55
60
54
63
63
12
60
46
64
63
64
64
20
64
64
57
7
37
38
50
63
42
