54
24
59
49
8
19
53
25
30
40
10
1
1
47
2
2
27
2
3
3
29
4
4
4
35
5
44
30
6
61
6
28
7
62
50
8
1
4
9
4
37
10
23
35
11
41
33
6
7
12
13
55
7
0
14
64
15
42
28
16
9
17
17
17
63
60
58
38
58
19
20
51
53
33
21
22
0
1
50
64
23
59
61
37
19
38
25
63
54
27
63
27
62
19
12
19
54
42
1
58
43
31
59
26
58
32
46
45
11
59
53
52
34
8
54
36
49
49
37
49
32
37
37
51
5
29
39
8
19
53
59
30
54
10
55
43
32
61
56
43
44
57
42
58
41
62
59
35
36
60
64
48
61
23
28
13
62
50
47
40
63
64
4
52
10
23
53
54
8
36
2
30
12
11
9
40
58
63
64
15
63
61
61
5
63
56
58
42
63
58
63
64
64
63
51
63
63
21
63
63
52
63
9
23
63
55
63
19
64
63
64
37
63
63
27
62
7
64
64
4
64
62
64
64
29
59
59
63
63
59
59
52
59
9
63
59
8
26
63
49
54
37
62
14
63
4
20
