28
64
51
52
18
10
53
26
13
13
1
1
29
1
2
62
2
41
3
20
3
42
4
36
37
15
5
17
6
40
59
7
7
64
8
8
20
9
9
9
1
1
10
4
11
5
12
24
12
61
13
10
59
14
41
15
4
4
2
28
7
17
17
63
18
18
31
18
53
17
19
20
51
13
61
34
22
48
63
7
23
63
60
37
12
25
49
16
26
39
39
40
61
10
28
61
17
8
9
43
63
50
31
54
55
14
22
33
46
47
31
63
47
23
49
48
57
37
55
56
37
51
51
24
59
37
52
40
4
53
31
13
38
5
35
26
24
56
62
41
64
1
46
46
40
9
36
62
60
61
5
37
40
50
63
64
64
19
36
33
9
64
39
33
54
10
15
29
44
12
4
12
25
13
35
64
58
61
63
21
61
2
60
63
60
14
63
18
64
64
52
59
63
59
63
51
9
63
45
63
61
63
63
64
63
63
58
63
59
49
63
7
61
62
62
63
52
50
63
17
8
9
64
62
49
31
62
55
14
63
3
62
62
59
63
34
62
49
60
64
63
12
56
37
9
52
15
