51
28
23
40
21
58
9
28
10
33
32
1
64
25
2
56
2
57
3
31
3
30
4
1
38
30
5
35
6
27
38
19
7
4
44
8
31
20
9
47
53
49
10
64
11
23
23
23
12
2
13
1
33
14
26
40
28
41
7
16
28
51
17
56
44
18
10
9
19
62
20
53
33
56
55
22
34
7
13
22
9
46
24
63
10
25
47
45
26
39
4
27
51
28
2
41
41
63
15
42
57
21
43
44
31
10
63
33
13
29
46
21
47
35
34
58
26
56
49
55
15
21
35
51
64
23
40
57
58
27
28
41
54
32
55
43
27
2
56
15
57
45
31
29
30
45
1
63
59
46
35
7
48
38
34
62
61
32
8
31
1
20
64
10
13
1
64
55
23
23
52
29
55
57
1
55
58
26
64
48
63
34
61
63
39
17
63
59
18
63
9
63
62
63
53
63
63
62
64
63
63
13
63
9
63
45
63
50
53
63
46
63
61
4
64
47
63
63
7
61
63
62
19
63
63
61
64
5
19
63
33
63
26
57
63
9
35
61
58
26
56
64
45
17
21
64
0
