62
54
52
41
18
8
8
42
22
33
1
1
18
17
2
13
2
26
1
50
3
4
40
1
39
5
27
49
6
53
41
7
18
7
19
8
4
32
9
5
1
10
1
1
11
37
12
32
36
12
13
26
57
14
10
55
15
27
16
62
29
17
53
17
18
18
49
63
0
19
20
8
61
8
21
3
63
63
62
54
2
36
36
2
25
24
38
60
26
11
27
7
40
40
28
61
60
15
30
11
43
61
43
30
60
17
51
51
18
34
54
47
14
5
48
25
49
30
37
50
37
9
2
51
33
52
29
18
53
41
7
59
54
59
33
55
17
43
13
17
57
1
58
30
4
40
46
7
5
62
37
61
63
63
42
19
14
51
49
20
21
64
52
0
22
1
1
1
1
55
49
3
15
13
64
56
14
61
63
58
27
59
62
63
59
63
63
63
18
63
63
0
51
63
61
63
57
63
56
63
63
62
54
62
9
36
63
55
24
62
60
23
60
62
7
63
40
62
61
62
63
49
61
43
64
57
62
60
62
62
64
1
61
62
58
34
60
48
9
61
63
42
61
37
21
23
47
