12
59
39
11
56
32
33
64
8
42
39
1
43
0
61
2
35
63
3
45
60
1
4
15
38
5
2
53
38
6
16
19
3
7
32
8
4
3
9
20
27
10
2
29
33
7
12
24
51
13
24
13
26
14
41
3
57
58
4
49
16
29
12
37
18
42
31
46
41
8
32
20
13
15
42
21
59
22
47
23
48
42
36
11
63
25
38
18
26
6
3
27
52
40
61
8
29
18
30
1
30
49
43
62
32
64
51
23
45
34
34
46
16
6
23
64
6
37
20
37
50
1
19
12
59
39
32
56
32
33
30
11
13
62
42
43
36
59
15
44
63
3
64
38
1
61
15
40
43
63
62
30
3
64
3
63
40
8
12
64
20
7
20
21
10
4
47
2
7
12
5
51
50
20
29
57
64
61
59
61
63
61
11
59
57
62
63
18
39
63
63
63
63
63
59
63
63
63
63
63
63
60
64
62
64
63
63
63
62
64
63
63
62
63
63
64
40
63
23
29
63
12
1
48
49
61
31
63
63
61
55
14
60
22
64
16
61
30
64
64
37
10
33
64
1
10
42
