39
37
52
29
0
58
53
53
54
16
1
1
54
1
2
2
2
54
21
3
58
63
4
40
25
5
47
2
6
47
3
64
7
34
19
8
62
20
4
9
52
10
43
54
23
31
3
12
36
25
9
13
46
14
46
35
27
55
27
16
59
17
7
30
30
63
18
19
31
58
32
32
20
21
34
9
7
51
35
1
36
24
42
63
19
25
60
38
26
44
39
11
21
40
41
11
29
52
58
48
43
14
30
53
31
32
45
45
16
51
27
34
53
64
19
48
48
49
64
37
50
60
18
39
22
52
39
27
58
16
53
54
42
40
55
42
11
2
2
32
64
57
29
58
63
46
38
6
5
47
7
60
37
41
64
7
43
51
8
63
51
41
64
25
10
26
54
27
12
3
45
54
25
57
30
46
12
64
57
61
63
61
16
59
63
0
49
64
63
63
62
63
62
63
57
63
54
63
64
64
64
58
64
64
24
61
63
63
51
60
63
63
1
39
63
63
63
64
47
29
64
62
55
43
63
63
55
55
36
45
64
64
59
64
63
63
64
11
31
39
53
64
64
24
60
29
63
