24
51
26
40
53
56
25
40
53
11
1
1
43
35
2
2
2
24
3
44
3
2
4
64
59
5
47
17
27
6
63
3
7
19
8
35
20
9
5
9
2
10
2
11
23
11
23
12
32
30
13
9
5
3
14
1
15
64
48
7
16
17
0
30
30
60
30
18
15
19
20
63
0
62
0
2
22
34
14
46
6
19
24
23
56
1
44
39
38
63
7
46
4
28
5
41
42
14
9
30
16
11
55
43
32
64
32
13
58
52
23
46
7
13
35
54
26
21
37
49
37
37
20
57
51
8
40
52
62
58
54
53
22
14
37
43
18
56
43
37
56
62
40
45
4
62
43
59
42
47
63
60
24
63
36
61
62
25
51
47
50
5
51
38
10
2
11
23
50
56
12
54
45
2
9
61
60
14
62
64
64
60
61
61
63
0
60
63
60
61
64
59
64
6
63
63
63
27
41
63
63
52
64
63
64
60
63
63
56
61
63
31
63
64
63
63
20
64
16
64
61
64
39
64
11
64
58
62
64
62
62
64
57
62
63
63
58
63
64
16
63
61
34
63
60
5
33
