46
31
30
27
40
26
19
37
58
54
1
1
47
1
12
2
59
20
13
3
36
1
4
1
48
5
35
26
64
6
61
19
7
3
20
63
34
9
28
21
10
6
10
11
55
11
24
12
3
39
13
25
40
14
26
3
55
15
36
16
35
37
29
39
4
18
60
19
6
64
10
20
63
52
61
0
22
35
23
35
23
13
24
45
37
25
52
38
59
26
27
3
40
57
28
41
29
41
64
4
10
24
24
61
44
26
55
5
6
7
46
0
35
53
48
35
63
54
49
22
38
50
12
38
31
51
18
40
18
19
53
23
54
1
55
60
43
12
16
56
20
57
45
19
34
16
59
27
45
35
32
64
1
61
37
62
50
20
63
8
9
39
64
33
34
10
11
0
11
24
55
40
39
48
25
44
64
21
61
63
61
61
63
62
63
63
63
4
63
63
64
64
64
64
63
63
63
63
64
64
61
63
63
61
63
63
6
37
49
63
56
61
63
49
60
34
62
63
49
62
62
64
59
61
63
61
63
61
59
55
62
63
64
46
55
62
60
0
38
63
5
49
10
44
9
8
26
