61
41
29
25
32
45
41
53
39
60
1
1
11
59
2
2
13
2
3
3
63
4
4
4
2
5
1
43
6
48
18
7
7
7
26
8
46
9
0
45
10
10
9
11
22
11
36
12
24
8
13
56
2
34
14
7
15
27
16
5
61
16
61
53
30
47
5
19
18
56
62
20
33
21
8
55
11
22
17
35
63
24
36
1
64
10
25
49
4
39
51
27
57
55
16
5
41
29
64
21
55
56
58
62
44
10
23
33
53
62
59
25
35
47
5
35
48
63
56
11
15
38
50
51
14
17
8
4
63
41
53
54
60
62
1
54
59
16
44
64
29
7
45
63
58
47
62
2
59
47
43
6
48
61
37
8
7
51
64
63
30
35
5
10
38
9
43
21
38
36
53
32
55
13
50
2
13
64
63
61
61
59
63
61
35
61
63
59
62
63
63
63
63
63
63
63
63
53
63
63
22
62
63
63
60
39
64
64
60
63
17
46
63
48
63
40
61
61
59
5
64
62
25
60
1
34
62
44
55
12
58
38
62
59
60
60
18
62
35
13
53
64
11
60
29
55
11
