2 0 7 14 10 9 8 10 14 6 13 11 8 7 7 1 4 2 5 7 3 6 11 0 12 13 12 10 16 10 4 11 14 2 4 8 1 0 7 0 11 10 15 7 15 14 10 10 8 8 7 5 11 9 7 1 11 1 11 4 2 12 4 15 6 6 12 5 8 13 11 8 4 2 15 14 15 13 7 7
5 4 12 11 5 15 15 7 15 12 15 7 12 6 10 7 1 11 0 14 15 3 8 7 12 10 4 8 8 10 12 12 6 6 4 5 11 12 15 15 5 8 5 4 2 5 6 6 5 14 13 16 16 16 2 12 9 5 3 7 13 1 16 11 15 6 15 1 14 16 0 2 5 4 9 6 5 12 1 15
13 4 11 4 4 9 9 8 11 14 16 10 3 2 6 0 14 5 8 7 10 8 8 7 2 9 14 0 7 12 4 12 5 13 13 10 1 15 14 2 2 8 0 7 10 4 0 10 13 7 12 6 16 15 8 6 3 5 6 3 14 7 6 6 0 2 15 3 16 0 8 14 12 7 13 4 6 4 10 2
0 13 14 0 15 11 6 10 0 16 0 14 11 16 10 14 16 0 12 6 14 3 4 11 11 9 16 6 14 13 12 0 7 16 1 7 5 8 15 8 16 12 14 7 12 13 8 9 13 10 3 1 4 3 10 16 6 15 2 13 6 11 7 14 12 3 15 0 3 11 5 6 14 8 12 12 12 10 15 10
6 2 6 11 2 8 4 9 0 2 14 12 14 10 4 9 0 15 14 5 0 11 16 13 4 11 9 4 14 4 5 0 5 15 5 2 9 10 15 1 11 13 2 10 0 10 16 7 6 5 5 3 14 5 15 2 13 16 1 15 3 9 15 0 6 1 3 5 10 5 6 1 11 4 4 5 5 6 3 7
14 11 14 9 8 12 14 10 15 16 7 3 3 6 2 13 15 15 10 3 8 10 13 13 1 15 11 1 8 16 14 4 2 10 3 3 6 11 11 11 5 15 0 5 3 12 5 9 4 4 0 16 0 14 11 10 8 15 8 11 2 15 0 5 9 7 11 4 12 3 12 8 0 16 6 12 13 6 9 11
7 13 15 7 16 11 10 11 12 8 16 1 0 3 6 3 10 3 4 6 0 15 4 8 13 0 12 2 11 11 2 4 3 11 16 12 14 0 0 2 8 6 13 6 11 7 10 6 1 8 13 2 9 1 13 4 13 4 11 2 6 7 15 3 5 13 11 1 6 13 16 9 10 4 12 7 0 9 3 0
14 14 7 16 5 1 10 0 9 2 7 10 9 12 13 11 4 8 9 12 11 9 7 8 16 7 0 13 1 16 0 14 5 11 14 13 1 3 12 14 3 5 2 6 4 10 7 8 0 0 14 7 2 7 16 12 7 0 5 14 14 5 1 9 12 0 8 9 4 3 15 16 10 4 5 10 9 14 16 12
13 2 11 4 2 3 4 1 2 12 1 7 12 4 0 14 10 15 16 12 13 9 11 14 10 0 2 10 10 2 12 2 14 12 11 7 15 2 12 12 2 13 15 15 1 1 10 4 5 16 8 2 6 8 3 15 9 5 3 13 2 1 13 0 16 5 13 10 15 9 4 12 10 13 8 8 9 2 2 10
9 0 10 6 12 7 10 11 8 3 7 9 16 11 0 3 1 9 5 5 8 13 2 13 10 8 3 14 8 4 10 13 14 10 11 8 0 15 1 6 5 4 14 8 14 3 12 11 3 10 13 0 0 1 16 11 16 8 7 1 16 0 2 4 9 9 6 9 16 0 12 6 6 2 2 6 11 0 12 6
