# Results obtained using DQN. CPU time: 15.804840803146362
0.00974924  78.00000000  0.00974924  80.00000000  2612.64121118  0.00000000
0.00074654  59.00000000  0.00045537  80.00000000  2990.65917348  0.00000000
0.00016327  76.00000000  0.00013515  80.00000000  1289.82120290  0.00000000
0.00079481  76.00000000  0.00068872  80.00000000  2334.02023655  0.00000000
0.00305261  71.00000000  0.00215667  80.00000000  2860.25504205  0.00000000
0.00045574  73.00000000  0.00004949  80.00000000  2069.57451442  0.00000000
0.00111265  71.00000000  0.00016980  80.00000000  1483.07454508  0.00048655
0.00009989  65.00000000  0.00009149  80.00000000  2169.76619014  0.00119426
0.00052042  78.00000000  0.00052042  80.00000000  1756.30417710  0.00190197
0.01614151  78.00000000  0.01614151  80.00000000  2139.18060521  0.00260968
0.00041693  74.00000000  0.00035357  80.00000000  2393.55146779  0.00331739
0.00774415  78.00000000  0.00774415  80.00000000  2947.27146155  0.00402510
0.00196756  68.00000000  0.00157787  80.00000000  1480.33989409  0.00473281
0.00311970  61.00000000  0.00237894  80.00000000  2681.39882187  0.00544052
0.00057897  78.00000000  0.00057897  80.00000000  1492.31847497  0.00614824
0.00005992  68.00000000  0.00000834  80.00000000  1739.23250411  0.00685595
0.00155450  78.00000000  0.00155450  80.00000000  2166.40763565  0.00756366
0.00284500  78.00000000  0.00284500  80.00000000  2078.84287856  0.00827137
0.00027056  69.00000000  0.00019152  80.00000000  1362.04740975  0.00897908
0.00040993  78.00000000  0.00040993  80.00000000  1294.78990705  0.00968679
0.00930872  78.00000000  0.00930872  80.00000000  3229.89294426  0.01039450
0.00019222  73.00000000  0.00017745  80.00000000  1386.06310600  0.01110221
0.00002446  76.00000000  0.00000843  80.00000000  2054.12767548  0.01180992
0.00211179  73.00000000  0.00202412  80.00000000  2430.07318667  0.01251763
0.00354952  74.00000000  0.00229463  80.00000000  2022.92451475  0.01322534
0.00545530  78.00000000  0.00545530  80.00000000  1888.89535620  0.01393305
0.00045767  78.00000000  0.00045767  80.00000000  2152.54155056  0.01464076
0.00831818  78.00000000  0.00831818  80.00000000  2192.82314201  0.01534847
0.00014857  67.00000000  0.00004583  80.00000000  1962.75737615  0.01605618
0.00034521  78.00000000  0.00034521  80.00000000  1672.72904902  0.01676389
0.00013138  66.00000000  0.00000812  80.00000000  1895.24967045  0.01747160
0.02596863  78.00000000  0.02596863  80.00000000  1415.26395025  0.01817931
0.00204005  69.00000000  0.00186613  80.00000000  2544.32010512  0.01888702
0.02510553  74.00000000  0.01755516  80.00000000  3638.15446356  0.01959473
0.00085896  78.00000000  0.00085896  80.00000000  2565.81993845  0.02030245
0.00130192  66.00000000  0.00009489  80.00000000  2101.52176491  0.02101016
0.00023876  78.00000000  0.00023876  80.00000000  1785.65282986  0.02171787
0.00037985  78.00000000  0.00037985  80.00000000  1963.23199174  0.02242558
0.00003981  78.00000000  0.00003981  80.00000000  1563.32820788  0.02313329
0.00123970  55.00000000  0.00004732  80.00000000  1947.37870310  0.02384100
0.02279993  77.00000000  0.02219751  80.00000000  2331.09346365  0.02454871
0.02005464  72.00000000  0.00316793  80.00000000  2577.61653629  0.02525642
0.00046202  54.00000000  0.00009408  80.00000000  1444.97572250  0.02596413
0.00597796  78.00000000  0.00597796  80.00000000  2707.50080500  0.02667184
0.00184553  78.00000000  0.00184553  80.00000000  2350.40101493  0.02737955
0.00131567  65.00000000  0.00052097  80.00000000  2725.99146725  0.02808726
0.00179074  78.00000000  0.00179074  80.00000000  2578.81482742  0.02879497
0.00460099  78.00000000  0.00460099  80.00000000  1753.92463995  0.02950268
0.00093040  77.00000000  0.00091516  80.00000000  1950.74623319  0.03021039
0.01772482  77.00000000  0.01748797  80.00000000  3272.66219633  0.03091810
0.00067545  71.00000000  0.00048923  80.00000000  2050.38043611  0.03162581
0.00219802  78.00000000  0.00219802  80.00000000  2255.94274187  0.03233352
0.00115061  78.00000000  0.00115061  80.00000000  1396.00490369  0.03304123
0.00028425  62.00000000  0.00000494  80.00000000  2495.53223848  0.03374894
0.00082059  78.00000000  0.00082059  80.00000000  1802.34972434  0.03445666
0.00196774  78.00000000  0.00196774  80.00000000  1787.28331119  0.03516437
0.00209591  72.00000000  0.00099885  80.00000000  2847.08440867  0.03587208
0.00071798  71.00000000  0.00000184  80.00000000  2047.54696596  0.03657979
0.00496625  78.00000000  0.00496625  80.00000000  2285.34544965  0.03728750
0.00283703  78.00000000  0.00283703  80.00000000  1704.72629247  0.03799521
0.00029712  74.00000000  0.00013887  80.00000000  2283.63781732  0.03870292
0.00084861  78.00000000  0.00084861  80.00000000  1854.73808657  0.03941063
0.00690081  78.00000000  0.00690081  80.00000000  2046.88322006  0.04011834
0.00006713  68.00000000  0.00003265  80.00000000  1424.19406158  0.04082605
0.00270114  59.00000000  0.00109155  80.00000000  3367.11532605  0.04153376
0.00024174  66.00000000  0.00001942  80.00000000  2406.95194594  0.04224147
0.00704917  78.00000000  0.00704917  80.00000000  2684.46081291  0.04294918
0.00064220  78.00000000  0.00064220  80.00000000  1329.58913568  0.04365689
0.00118758  65.00000000  0.00038519  80.00000000  1854.32527161  0.04436460
0.00095815  78.00000000  0.00095815  80.00000000  2237.06705982  0.04507231
0.00391656  73.00000000  0.00239908  80.00000000  1932.76690579  0.04578002
0.00854790  73.00000000  0.00521647  80.00000000  2240.70232818  0.04648773
0.00157856  77.00000000  0.00155540  80.00000000  1706.42726235  0.04719544
0.00124460  78.00000000  0.00124460  80.00000000  1735.70344519  0.04790316
0.00024923  77.00000000  0.00023225  80.00000000  2177.66456240  0.04861087
0.00240673  78.00000000  0.00240673  80.00000000  1884.29267075  0.04931858
0.00463348  72.00000000  0.00130505  80.00000000  2045.95095780  0.05002629
0.00030133  68.00000000  0.00000673  80.00000000  3114.68784039  0.05073400
0.00328727  78.00000000  0.00328727  80.00000000  1723.96657430  0.05144171
0.00115379  78.00000000  0.00115379  80.00000000  1896.35956979  0.05214942
0.00003161  78.00000000  0.00003161  80.00000000  2040.69030362  0.05285713
0.00793497  77.00000000  0.00792508  80.00000000  2625.69690962  0.05356484
0.00146916  53.00000000  0.00018868  80.00000000  2742.03584067  0.05427255
0.00340874  70.00000000  0.00131847  80.00000000  2062.09857800  0.05498026
0.00552732  70.00000000  0.00510880  80.00000000  3387.12449674  0.05568797
0.01717573  76.00000000  0.01343610  80.00000000  1600.07065251  0.05639568
0.00124333  78.00000000  0.00124333  80.00000000  1939.78561916  0.05710339
0.00114897  59.00000000  0.00007744  80.00000000  2580.67109302  0.05781110
0.00062671  78.00000000  0.00062671  80.00000000  3188.07225036  0.05851881
0.00394312  76.00000000  0.00197469  80.00000000  1586.89848454  0.05922652
0.00255490  71.00000000  0.00200509  80.00000000  2273.64686448  0.05993423
0.00031683  64.00000000  0.00001561  80.00000000  1724.07313448  0.06064194
0.00234812  73.00000000  0.00085853  80.00000000  2046.06004268  0.06134965
0.00010621  69.00000000  0.00001035  80.00000000  1312.64061056  0.06205737
0.00076788  75.00000000  0.00060481  80.00000000  2110.25024551  0.06276508
0.00030639  78.00000000  0.00030639  80.00000000  2760.34013270  0.06347279
0.00001902  71.00000000  0.00001200  80.00000000  1573.56829282  0.06418050
0.00104158  76.00000000  0.00092888  80.00000000  2111.43389580  0.06488821
0.00225877  78.00000000  0.00225877  80.00000000  2016.83094270  0.06559592
0.05813245  63.00000000  0.01701489  80.00000000  2984.12637249  0.06630363
0.00015370  73.00000000  0.00010313  80.00000000  1789.97516517  0.06701134
