28
36
20
4
13
22
14
27
0
18
10
36
15
15
31
22
17
32
35
1
32
1
1
33
16
24
1
2
31
2
0
1
18
19
18
3
21
26
21
23
14
1
4
30
28
14
25
2
5
30
25
15
3
15
6
16
15
16
2
1
7
6
7
3
26
36
8
1
1
19
5
8
19
9
20
28
25
36
10
36
21
34
11
29
11
32
29
22
35
35
0
12
1
35
23
0
1
13
36
35
24
8
35
0
25
4
14
26
27
27
15
26
6
36
16
7
4
6
36
11
17
36
7
5
7
34
18
34
0
36
19
5
35
4
36
20
5
1
32
14
14
15
21
8
36
15
15
22
2
4
34
35
1
3
7
1
23
16
24
18
2
1
1
1
1
36
13
18
3
17
26
9
7
14
1
11
19
12
18
20
15
3
22
5
15
22
28
20
7
9
16
30
26
10
7
36
24
26
36
33
31
36
19
33
8
19
14
31
19
30
36
30
36
35
34
36
28
36
32
36
35
35
35
35
12
35
35
27
35
35
32
35
35
35
36
35
36
35
35
35
33
12
36
31
26
6
36
5
33
5
6
36
7
6
4
33
36
7
16
8
36
0
15
36
33
35
14
