12
20
20
9
6
7
16
0
24
10
22
0
22
14
13
8
9
1
1
11
0
1
9
16
24
2
11
2
12
11
2
15
3
16
15
12
16
4
17
4
17
13
2
5
20
24
5
3
21
2
15
6
24
4
20
7
7
7
16
17
8
20
23
18
8
9
18
18
9
18
2
7
19
7
10
24
11
24
20
11
12
20
12
21
24
21
21
21
24
6
22
0
22
9
14
9
9
23
1
23
0
1
9
16
24
11
24
2
12
12
2
17
3
7
0
12
11
4
15
15
17
7
2
8
8
24
24
24
23
23
23
23
24
24
22
24
24
24
24
23
23
23
23
23
24
23
23
21
7
23
9
23
19
24
22
24
4
24
24
24
23
