11
6
12
8
24
8
18
23
13
23
22
12
8
23
9
14
17
23
24
1
24
15
10
24
0
2
24
16
2
11
15
17
3
24
12
15
19
4
23
4
0
13
14
17
5
23
21
14
16
6
17
15
6
15
1
7
22
20
16
17
8
0
17
8
20
18
4
9
18
4
23
23
10
1
19
1
3
11
20
11
20
23
12
7
21
12
21
8
4
24
22
6
22
5
7
8
6
23
15
23
24
15
24
24
13
24
24
13
11
17
7
17
3
11
1
10
4
4
19
8
0
9
4
0
5
23
23
23
23
23
23
23
24
24
21
24
23
23
1
20
23
0
23
8
24
24
8
23
18
23
23
23
23
20
23
1
3
23
20
11
23
