0
21
10
7
21
7
10
0
13
9
18
8
13
0
8
15
14
1
1
15
16
1
16
16
15
2
16
2
11
2
12
17
3
1
2
1
12
19
4
3
14
13
24
19
5
16
16
14
0
4
6
16
5
4
24
7
16
17
1
8
24
8
17
23
7
9
23
18
9
1
7
4
10
19
24
0
8
0
20
11
20
23
11
12
21
12
6
0
13
7
22
7
9
14
8
23
14
1
23
15
1
1
0
16
24
10
16
11
11
2
1
17
3
1
2
1
12
19
19
3
5
13
13
19
2
23
23
24
0
24
6
21
24
18
24
24
20
24
16
24
18
24
21
23
18
22
23
22
17
20
23
15
9
7
23
1
22
23
20
24
24
