8
20
20
12
8
6
13
21
11
0
13
14
8
18
8
8
15
20
9
1
24
15
14
14
10
2
10
2
17
2
15
3
23
3
16
12
0
4
12
16
4
19
0
19
5
14
24
21
0
6
23
15
6
0
22
22
7
16
24
8
0
8
23
17
2
17
4
9
18
9
23
22
0
10
19
24
23
11
5
20
11
20
12
1
21
12
13
21
13
0
13
24
22
24
13
8
14
3
23
7
24
15
14
14
16
24
24
16
17
17
4
3
3
17
0
12
17
17
11
12
4
19
13
5
5
19
23
21
23
6
23
23
23
23
22
23
7
23
22
23
7
16
23
20
2
23
16
23
23
23
23
23
23
23
24
24
23
23
22
23
23
