20
10
21
6
21
21
11
21
17
12
7
15
12
8
8
19
9
1
17
1
23
10
14
17
14
2
10
2
16
0
0
3
12
3
0
2
12
4
4
4
19
4
13
0
5
19
20
14
6
14
6
23
21
16
22
22
7
23
16
2
8
17
8
17
1
9
22
9
0
18
0
10
24
10
19
10
19
20
24
23
20
10
12
2
21
21
21
0
13
12
10
22
14
14
10
8
14
1
23
15
11
7
24
1
11
24
24
13
10
14
15
3
12
4
13
2
13
14
4
18
14
9
9
21
18
23
23
23
23
23
6
23
20
23
22
23
23
23
23
24
24
19
24
24
24
24
22
9
24
18
0
21
24
17
19
21
24
19
24
23
7
