20
21
7
21
8
0
21
10
13
22
8
21
11
14
11
8
0
13
1
9
1
9
15
10
1
2
10
2
12
11
2
16
3
2
12
20
2
4
13
4
23
13
0
0
5
2
4
14
19
3
6
15
0
15
23
16
7
16
22
23
2
8
17
20
17
8
9
18
23
18
10
10
20
10
19
23
22
23
11
3
20
21
22
21
21
0
21
10
13
22
9
12
22
14
14
14
9
13
23
15
12
9
15
9
24
2
24
2
15
2
2
5
3
2
1
12
2
0
3
4
20
6
17
0
17
17
23
23
24
18
23
16
23
1
24
23
23
5
23
23
23
20
23
20
23
24
24
24
23
23
22
10
23
6
19
23
22
24
24
10
7
