0
14
19
9
12
21
21
7
7
12
7
11
0
22
8
18
14
1
1
14
1
15
1
24
16
24
2
21
11
1
15
3
3
12
3
1
12
4
18
4
13
19
1
13
5
21
2
23
24
6
15
6
20
15
22
7
24
24
3
1
8
17
17
17
19
9
18
4
9
18
22
24
19
5
19
10
11
11
11
20
6
20
11
23
21
21
21
6
13
24
4
22
14
22
14
1
14
24
23
3
8
15
8
24
16
24
24
14
11
1
2
3
3
11
3
18
3
18
9
18
4
15
1
18
5
5
23
23
24
23
23
16
20
23
22
23
24
24
24
24
24
17
24
17
23
23
8
24
14
24
21
24
20
24
24
23
23
11
24
4
17
