20
0
0
7
7
21
7
14
18
13
8
21
22
8
17
13
9
1
1
12
19
1
10
16
10
24
2
10
17
18
11
0
3
11
1
12
24
4
12
4
1
18
21
14
5
14
23
14
6
19
6
20
15
0
15
16
7
16
1
21
22
6
8
17
4
4
2
18
8
9
6
24
23
8
19
1
10
11
1
3
20
0
0
10
10
21
7
13
6
13
22
8
22
22
10
13
13
15
23
12
13
1
11
16
15
24
2
24
16
15
16
0
18
1
1
12
0
13
17
12
19
17
9
9
5
23
23
23
23
21
23
2
23
23
23
23
23
22
23
23
20
24
13
17
24
4
2
24
8
24
6
23
23
23
23
23
8
23
23
5
24
