7
8
21
18
21
0
0
7
22
14
12
15
22
21
0
15
9
1
13
1
15
24
16
10
17
24
2
24
11
18
11
11
3
12
21
12
12
21
13
4
1
13
21
3
5
23
20
14
24
15
6
24
3
15
21
7
1
21
16
17
21
8
17
17
17
2
3
9
18
23
24
10
19
10
19
19
23
23
11
20
8
8
8
12
21
12
21
7
22
13
12
22
22
22
3
8
10
14
23
0
15
24
3
10
9
24
24
9
17
2
17
11
18
12
18
6
12
11
14
13
1
19
8
19
2
23
20
23
18
23
24
24
20
24
22
24
9
23
1
23
13
24
24
24
24
2
3
24
18
2
15
24
14
10
24
20
23
23
5
24
15
