7
30
12
0
26
26
36
22
0
17
21
22
34
36
31
23
34
18
16
23
1
10
24
24
23
31
2
19
2
32
12
2
23
23
3
1
18
13
26
24
4
28
0
23
0
21
0
5
21
0
1
26
6
2
16
23
2
17
7
25
4
17
4
7
8
18
36
28
2
9
25
35
9
36
33
10
26
2
10
34
21
31
33
11
35
27
22
12
32
33
33
29
13
8
8
24
29
14
33
1
33
14
32
25
32
15
35
2
1
26
10
4
33
27
10
10
32
3
33
28
18
36
3
35
35
29
5
19
30
30
12
14
30
11
12
12
11
31
21
22
32
22
6
13
22
7
16
23
33
10
18
18
4
13
2
34
24
16
14
3
0
12
26
35
18
13
26
18
36
27
0
16
0
21
21
8
21
0
20
17
6
2
16
16
5
17
31
25
12
14
30
35
36
11
36
36
34
35
27
35
35
36
33
35
29
2
35
34
36
30
35
11
35
27
36
36
32
36
35
35
13
35
29
5
35
13
36
35
2
14
35
25
30
5
35
33
33
35
10
32
35
11
10
35
33
36
36
20
35
3
25
35
7
3
33
35
