# Results obtained using DQN. CPU time: 17.69381833076477
0.01418321  58.00000000  0.01418321  60.00000000  1601.33619923  0.00000000
0.03740899  55.00000000  0.02821541  60.00000000  1887.70572726  0.00000000
0.01182244  57.00000000  0.01135370  60.00000000  1413.76781600  0.00000000
0.03314172  55.00000000  0.01954162  60.00000000  1258.17939013  0.00000000
0.00437434  55.00000000  0.00420729  60.00000000  1202.41460741  0.00000000
0.00102469  58.00000000  0.00102469  60.00000000  1477.56400107  0.00000000
0.00132256  50.00000000  0.00025665  60.00000000  1774.22383347  0.00000000
0.00073225  52.00000000  0.00006523  60.00000000  1463.53500986  0.00000000
0.00091124  56.00000000  0.00072591  60.00000000  1935.22398361  0.01509308
0.00056152  58.00000000  0.00056152  60.00000000  1489.22773687  0.04096692
0.00451929  50.00000000  0.00101898  60.00000000  1698.65692876  0.06684076
0.00648095  55.00000000  0.00199096  60.00000000  2074.12688988  0.09271461
0.01210066  58.00000000  0.01210066  60.00000000  1651.51630091  0.11858845
0.00030161  54.00000000  0.00010908  60.00000000  1374.20508634  0.14446229
0.00002616  39.00000000  0.00000294  60.00000000  1201.25522481  0.17033614
0.00018676  50.00000000  0.00004784  60.00000000  1670.24222371  0.19620998
0.00314724  58.00000000  0.00314724  60.00000000  1703.76678289  0.22208383
0.01224276  58.00000000  0.01224276  60.00000000  1525.79921813  0.24795767
0.00010787  50.00000000  0.00008599  60.00000000  1316.96750417  0.27383151
0.00074757  57.00000000  0.00065187  60.00000000  1515.32057717  0.29970536
0.00103283  58.00000000  0.00103283  60.00000000  1668.56775416  0.32557920
0.00304169  58.00000000  0.00304169  60.00000000  1154.02028554  0.35145304
0.00036776  57.00000000  0.00035833  60.00000000  1365.22831995  0.37732689
0.02245333  58.00000000  0.02245333  60.00000000  1295.37749527  0.40320073
0.00736895  58.00000000  0.00736895  60.00000000  1548.27301410  0.42907458
0.00007161  53.00000000  0.00003025  60.00000000  1485.01560063  0.45494842
0.00006610  58.00000000  0.00006610  60.00000000  1253.41922887  0.48082226
0.05132525  58.00000000  0.05132525  60.00000000  1782.37693329  0.50669611
0.00146775  58.00000000  0.00146775  60.00000000  1441.25403214  0.53256995
0.00269955  56.00000000  0.00255783  60.00000000  1491.63596062  0.55844380
0.00008548  55.00000000  0.00006587  60.00000000  1262.25678731  0.58431764
0.00023673  57.00000000  0.00023598  60.00000000  1532.99185917  0.61019148
0.00275452  53.00000000  0.00216497  60.00000000  1582.02124568  0.63606533
0.00229535  58.00000000  0.00229535  60.00000000  1557.70505358  0.66193917
0.00057503  58.00000000  0.00057503  60.00000000  1407.02743267  0.68781301
0.02010419  58.00000000  0.02010419  60.00000000  1528.20883723  0.71368686
0.00095857  58.00000000  0.00095857  60.00000000  1198.54009377  0.73956070
0.00431265  58.00000000  0.00431265  60.00000000  1640.45023058  0.76543455
0.00229160  58.00000000  0.00229160  60.00000000  1504.00377394  0.79130839
0.00093686  52.00000000  0.00071726  60.00000000  1515.04444867  0.81718223
0.00781674  58.00000000  0.00781674  60.00000000  1577.99699852  0.84305608
0.00042257  58.00000000  0.00042257  60.00000000  1565.03212713  0.86892992
0.00064571  56.00000000  0.00055164  60.00000000  1514.16958228  0.89480376
0.00293140  58.00000000  0.00293140  60.00000000  1510.99849958  0.92067761
0.00754513  54.00000000  0.00568177  60.00000000  1513.22153301  0.94655145
0.00687169  58.00000000  0.00687169  60.00000000  1506.58377354  0.97242530
0.00682254  58.00000000  0.00682254  60.00000000  1506.61208493  0.99000000
0.00682254  58.00000000  0.00682254  60.00000000  1506.61208493  0.99000000
0.00667762  58.00000000  0.00667762  60.00000000  1506.57800658  0.99000000
0.00920450  58.00000000  0.00920450  60.00000000  1519.37239218  0.99000000
0.00682254  58.00000000  0.00682254  60.00000000  1506.61208493  0.99000000
0.00049366  58.00000000  0.00049366  60.00000000  1485.31941289  0.99000000
0.00682254  58.00000000  0.00682254  60.00000000  1506.61208493  0.99000000
0.00682254  58.00000000  0.00682254  60.00000000  1506.61208493  0.99000000
0.00682254  58.00000000  0.00682254  60.00000000  1506.61208493  0.99000000
0.00682254  58.00000000  0.00682254  60.00000000  1506.61208493  0.99000000
0.00682254  58.00000000  0.00682254  60.00000000  1506.61208493  0.99000000
0.00682254  58.00000000  0.00682254  60.00000000  1506.61208493  0.99000000
0.00682254  58.00000000  0.00682254  60.00000000  1506.61208493  0.99000000
0.00682254  58.00000000  0.00682254  60.00000000  1506.61208493  0.99000000
0.00682254  58.00000000  0.00682254  60.00000000  1506.61208493  0.99000000
0.00682254  58.00000000  0.00682254  60.00000000  1506.61208493  0.99000000
0.00682254  58.00000000  0.00682254  60.00000000  1506.61208493  0.99000000
0.00682254  58.00000000  0.00682254  60.00000000  1506.61208493  0.99000000
0.00682254  58.00000000  0.00682254  60.00000000  1506.61208493  0.99000000
0.00682254  58.00000000  0.00682254  60.00000000  1506.61208493  0.99000000
0.00275990  58.00000000  0.00275990  60.00000000  1506.61114072  0.99000000
0.00682254  58.00000000  0.00682254  60.00000000  1506.61208493  0.99000000
0.00123225  58.00000000  0.00123225  60.00000000  1505.60390842  0.99000000
0.00682254  58.00000000  0.00682254  60.00000000  1506.61208493  0.99000000
0.00682254  58.00000000  0.00682254  60.00000000  1506.61208493  0.99000000
0.00682254  58.00000000  0.00682254  60.00000000  1506.61208493  0.99000000
0.00320810  57.00000000  0.00313169  60.00000000  1506.61140315  0.99000000
0.00120862  52.00000000  0.00060503  60.00000000  1516.28890569  0.99000000
0.01272159  58.00000000  0.01272159  60.00000000  1509.98102371  0.99000000
0.00569781  58.00000000  0.00569781  60.00000000  1506.61187170  0.99000000
0.00682254  58.00000000  0.00682254  60.00000000  1506.61208493  0.99000000
0.00682254  58.00000000  0.00682254  60.00000000  1506.61208493  0.99000000
0.00682254  58.00000000  0.00682254  60.00000000  1506.61208493  0.99000000
0.00682254  58.00000000  0.00682254  60.00000000  1506.61208493  0.99000000
0.00109105  55.00000000  0.00080016  60.00000000  1518.02409571  0.99000000
0.00682254  58.00000000  0.00682254  60.00000000  1506.61208493  0.99000000
0.00682254  58.00000000  0.00682254  60.00000000  1506.61208493  0.99000000
0.00359203  58.00000000  0.00359203  60.00000000  1503.76457053  0.99000000
0.00682254  58.00000000  0.00682254  60.00000000  1506.61208493  0.99000000
0.00624133  58.00000000  0.00624133  60.00000000  1512.06373856  0.99000000
0.00682254  58.00000000  0.00682254  60.00000000  1506.61208493  0.99000000
0.00682254  58.00000000  0.00682254  60.00000000  1506.61208493  0.99000000
0.00682254  58.00000000  0.00682254  60.00000000  1506.61208493  0.99000000
0.00687995  58.00000000  0.00687995  60.00000000  1506.60197315  0.99000000
0.00720835  58.00000000  0.00720835  60.00000000  1506.61199365  0.99000000
0.00682254  58.00000000  0.00682254  60.00000000  1506.61208493  0.99000000
0.00682254  58.00000000  0.00682254  60.00000000  1506.61208493  0.99000000
0.00659909  58.00000000  0.00659909  60.00000000  1506.49727626  0.99000000
0.00625498  58.00000000  0.00625498  60.00000000  1506.61207731  0.99000000
0.00682254  58.00000000  0.00682254  60.00000000  1506.61208493  0.99000000
0.00682254  58.00000000  0.00682254  60.00000000  1506.61208493  0.99000000
0.00682254  58.00000000  0.00682254  60.00000000  1506.61208493  0.99000000
0.00682254  58.00000000  0.00682254  60.00000000  1506.61208493  0.99000000
0.00682254  58.00000000  0.00682254  60.00000000  1506.61208493  0.99000000
0.00190117  58.00000000  0.00190117  60.00000000  1506.61098440  0.99000000
