7 7 7 7 7 7 7 7 7 7 7 7 7 7 7 7 7 7 1 7 1 1 1 3 3 3 3 1 1 1 1 1 1 1 1 1 1 1 1 1
7 7 7 7 7 7 7 7 7 7 7 7 7 7 7 7 7 7 1 1 1 1 3 3 3 3 1 1 1 1 1 1 1 1 1 1 1 1 1 1
3 8 7 8 8 8 8 8 8 8 8 8 8 7 8 8 8 1 2 8 8 8 1 1 1 1 1 1 1 3 1 1 1 1 0 0 0 0 0 0
7 7 7 7 7 7 7 7 7 7 7 7 7 7 7 7 7 7 1 7 1 1 1 2 3 1 1 1 1 1 1 1 0 1 1 1 1 1 1 1
4 5 5 5 5 5 5 5 7 7 7 7 7 7 7 7 7 7 1 3 3 3 3 3 3 3 3 1 1 1 1 1 1 1 1 1 1 1 1 1
7 7 7 5 5 5 5 5 5 5 7 7 7 7 7 7 7 7 1 3 3 3 3 3 3 3 3 3 3 1 1 1 1 1 1 1 1 1 1 1
5 5 5 5 5 5 5 5 5 5 5 7 7 7 7 7 7 1 7 1 1 1 3 3 3 3 1 1 1 1 1 1 1 1 1 1 1 1 1 1
2 2 2 8 8 8 8 8 6 8 8 8 8 8 8 8 8 8 8 8 1 8 8 1 1 1 1 1 1 1 4 1 1 0 1 1 1 1 7 7
0 0 0 0 0 0 0 0 0 0 0 0 0 1 1 0 0 0 0 0 0 0 0 0 0 0 0 0 0 0 0 0 0 1 1 1 1 1 1 0
2 2 2 3 8 8 8 8 8 8 8 8 8 8 8 8 8 8 8 8 1 8 8 8 1 1 1 2 1 3 2 1 1 1 1 4 8 1 1 1
