# Results obtained using DQN. CPU time: 128.40609192848206
0.00461838  38.00000000  0.00461838  40.00000000  997.06230039  0.00000000
0.00568004  35.00000000  0.00480309  40.00000000  1273.67293727  0.00000000
0.00280586  37.00000000  0.00226831  40.00000000  1259.47375328  0.00000000
0.00079554  38.00000000  0.00079554  40.00000000  1881.91769835  0.00000000
0.00409291  19.00000000  0.00138188  40.00000000  1199.53370615  0.00000000
0.01238490  38.00000000  0.01238490  40.00000000  986.23044555  0.00000000
0.00028054  32.00000000  0.00023669  40.00000000  1047.57719728  0.00000000
0.00338768  36.00000000  0.00275395  40.00000000  1484.08472427  0.00000000
0.00414405  37.00000000  0.00308336  40.00000000  1130.98070501  0.00000000
0.00033654  34.00000000  0.00023906  40.00000000  1038.37652442  0.00000000
0.00649036  38.00000000  0.00649036  40.00000000  992.55335845  0.00000000
0.02713105  38.00000000  0.02713105  40.00000000  1291.90800578  0.00000000
0.00105604  38.00000000  0.00105604  40.00000000  890.78504504  0.00200424
0.00794545  38.00000000  0.00794545  40.00000000  1505.40979973  0.00734889
0.02015052  36.00000000  0.01354212  40.00000000  1583.61134150  0.01269353
0.00113692  36.00000000  0.00096710  40.00000000  1813.08831919  0.01803817
0.00087984  38.00000000  0.00087984  40.00000000  1102.17878085  0.02338282
0.00024600  34.00000000  0.00015851  40.00000000  862.38270330  0.02872746
0.00042488  37.00000000  0.00035485  40.00000000  1107.79802978  0.03407211
0.04696535  35.00000000  0.03704872  40.00000000  1600.71604133  0.03941675
0.00886313  38.00000000  0.00886313  40.00000000  1986.76918029  0.04476139
0.03824489  29.00000000  0.00900924  40.00000000  1939.96919429  0.05010604
0.00018039  35.00000000  0.00014798  40.00000000  1099.83824596  0.05545068
0.00123115  38.00000000  0.00123115  40.00000000  1078.09035406  0.06079533
0.00095013  30.00000000  0.00040603  40.00000000  1072.15457022  0.06613997
0.01097203  38.00000000  0.01097203  40.00000000  1233.02744283  0.07148462
0.00739903  38.00000000  0.00739903  40.00000000  1141.84129361  0.07682926
0.00060637  32.00000000  0.00018945  40.00000000  1585.42958150  0.08217390
0.00265390  37.00000000  0.00180637  40.00000000  1533.26453901  0.08751855
0.00022300  38.00000000  0.00022300  40.00000000  1024.85543143  0.09286319
0.01120673  38.00000000  0.01120673  40.00000000  1143.89065780  0.09820784
0.01309226  38.00000000  0.01309226  40.00000000  1676.23098791  0.10355248
0.00068133  38.00000000  0.00068133  40.00000000  984.62006708  0.10889712
0.00002633  36.00000000  0.00002238  40.00000000  1126.41123913  0.11424177
0.00056527  29.00000000  0.00036748  40.00000000  989.53435967  0.11958641
0.00355386  38.00000000  0.00355386  40.00000000  1345.96611555  0.12493106
0.00301815  34.00000000  0.00173135  40.00000000  1462.48291587  0.13027570
0.02051220  34.00000000  0.01837559  40.00000000  1828.98802054  0.13562034
0.01276421  31.00000000  0.00692596  40.00000000  1948.64219209  0.14096499
0.00536395  38.00000000  0.00536395  40.00000000  1093.22993103  0.14630963
0.00900496  36.00000000  0.00593995  40.00000000  1770.00286737  0.15165428
0.00820335  32.00000000  0.00787966  40.00000000  1391.73672142  0.15699892
0.00009728  28.00000000  0.00001910  40.00000000  1113.25962992  0.16234357
0.00026741  38.00000000  0.00026741  40.00000000  1343.53963977  0.16768821
0.00019164  38.00000000  0.00019164  40.00000000  1019.50262996  0.17303285
0.00057445  38.00000000  0.00057445  40.00000000  959.24911997  0.17837750
0.04918922  38.00000000  0.04918922  40.00000000  2085.67558476  0.18372214
0.00693268  37.00000000  0.00464446  40.00000000  1039.82487107  0.18906679
0.01237481  38.00000000  0.01237481  40.00000000  1099.00991316  0.19441143
0.04119134  31.00000000  0.03215371  40.00000000  1292.14265709  0.19975607
0.00928297  38.00000000  0.00928297  40.00000000  1809.63730960  0.20510072
0.00462664  33.00000000  0.00406105  40.00000000  1409.05439207  0.21044536
0.01159438  36.00000000  0.00787437  40.00000000  2068.34940359  0.21579001
0.00417674  35.00000000  0.00275892  40.00000000  1895.41595046  0.22113465
0.01293626  38.00000000  0.01293626  40.00000000  1992.50736010  0.22647929
0.02536786  37.00000000  0.02492276  40.00000000  1091.36087113  0.23182394
0.00338090  38.00000000  0.00338090  40.00000000  1308.93495447  0.23716858
0.00319131  31.00000000  0.00151098  40.00000000  1275.41741998  0.24251323
0.01642285  36.00000000  0.01566454  40.00000000  1345.44457932  0.24785787
0.00185847  32.00000000  0.00030293  40.00000000  1047.93951510  0.25320252
0.00027178  18.00000000  0.00009249  40.00000000  982.29952797  0.25854716
0.00871531  36.00000000  0.00280236  40.00000000  2029.76096438  0.26389180
0.00475392  34.00000000  0.00145088  40.00000000  1045.86373206  0.26923645
0.01369251  38.00000000  0.01369251  40.00000000  1168.04996302  0.27458109
0.01214908  36.00000000  0.01119912  40.00000000  1218.37272626  0.27992574
0.00013839  38.00000000  0.00013839  40.00000000  874.78336796  0.28527038
0.00510606  38.00000000  0.00510606  40.00000000  1631.00596998  0.29061502
0.03407538  30.00000000  0.03219447  40.00000000  1283.76024306  0.29595967
0.05738402  35.00000000  0.04706823  40.00000000  2135.75794393  0.30130431
0.01968450  28.00000000  0.00739191  40.00000000  1982.76570518  0.30664896
0.00225096  38.00000000  0.00225096  40.00000000  1013.92113748  0.31199360
0.00269112  38.00000000  0.00269112  40.00000000  1345.68848013  0.31733825
0.12471865  36.00000000  0.11576670  40.00000000  1974.83416501  0.32268289
0.00516871  38.00000000  0.00516871  40.00000000  2287.35973574  0.32802753
0.00655363  37.00000000  0.00497362  40.00000000  918.00030436  0.33337218
0.00641052  36.00000000  0.00309067  40.00000000  1788.16329213  0.33871682
0.00412010  38.00000000  0.00412010  40.00000000  1168.51082513  0.34406147
0.02030643  32.00000000  0.01363789  40.00000000  1963.68155938  0.34940611
0.00441371  24.00000000  0.00009452  40.00000000  1945.73618843  0.35475075
0.02214246  32.00000000  0.00323065  40.00000000  1960.67528778  0.36009540
0.00018158  38.00000000  0.00018158  40.00000000  1106.04733545  0.36544004
0.00674597  38.00000000  0.00674597  40.00000000  934.14406386  0.37078469
0.00953593  37.00000000  0.00675338  40.00000000  1161.57575670  0.37612933
0.01075626  28.00000000  0.00030662  40.00000000  2474.34632750  0.38147397
0.00657523  34.00000000  0.00319243  40.00000000  1722.37560211  0.38681862
0.00524591  37.00000000  0.00449475  40.00000000  1573.14137473  0.39216326
0.00967024  33.00000000  0.00440982  40.00000000  1418.22419120  0.39750791
0.02279207  38.00000000  0.02279207  40.00000000  1129.42739829  0.40285255
0.00846454  34.00000000  0.00475235  40.00000000  1327.23386900  0.40819720
0.00238216  34.00000000  0.00074682  40.00000000  1322.25494024  0.41354184
0.04092238  34.00000000  0.03567702  40.00000000  2512.11129381  0.41888648
0.00043989  38.00000000  0.00043989  40.00000000  944.36828897  0.42423113
0.00009441  33.00000000  0.00002281  40.00000000  1040.12887340  0.42957577
0.00026815  36.00000000  0.00023334  40.00000000  1057.07087914  0.43492042
0.01137796  38.00000000  0.01137796  40.00000000  1408.39961755  0.44026506
0.00450912  37.00000000  0.00439826  40.00000000  949.88581572  0.44560970
0.00244048  38.00000000  0.00244048  40.00000000  2342.33918163  0.45095435
0.00554919  36.00000000  0.00553657  40.00000000  1336.03806595  0.45629899
0.03255123  36.00000000  0.03193327  40.00000000  1840.10962884  0.46164364
0.03787932  38.00000000  0.03787932  40.00000000  1789.69784000  0.46698828
0.01904654  38.00000000  0.01904654  40.00000000  2872.52124945  0.47233292
0.00368336  38.00000000  0.00368336  40.00000000  1269.93663020  0.47767757
0.05497700  38.00000000  0.05497700  40.00000000  1394.42941163  0.48302221
0.01441261  33.00000000  0.01176870  40.00000000  1610.52591619  0.48836686
0.00168567  38.00000000  0.00168567  40.00000000  1089.08838669  0.49371150
0.00372540  38.00000000  0.00372540  40.00000000  1226.57473011  0.49905615
0.00419688  37.00000000  0.00413051  40.00000000  963.14687014  0.50440079
0.00863786  28.00000000  0.00310262  40.00000000  1901.96494576  0.50974543
0.00067757  35.00000000  0.00007390  40.00000000  1367.10898536  0.51509008
0.07256493  38.00000000  0.07256493  40.00000000  960.23979360  0.52043472
0.01284069  38.00000000  0.01284069  40.00000000  1294.87829986  0.52577937
0.06769682  38.00000000  0.06769682  40.00000000  1642.58302739  0.53112401
0.11567408  36.00000000  0.03172951  40.00000000  1211.02902765  0.53646865
0.00808628  38.00000000  0.00808628  40.00000000  1114.28230945  0.54181330
0.00405189  37.00000000  0.00401840  40.00000000  921.67292722  0.54715794
0.02357337  38.00000000  0.02357337  40.00000000  1081.02604308  0.55250259
0.02477643  38.00000000  0.02477643  40.00000000  2529.08038877  0.55784723
0.00715689  37.00000000  0.00406911  40.00000000  2190.15393446  0.56319187
0.02020183  38.00000000  0.02020183  40.00000000  1554.13925950  0.56853652
0.03458392  38.00000000  0.03458392  40.00000000  1261.99083941  0.57388116
0.01969764  36.00000000  0.01656504  40.00000000  1855.28559352  0.57922581
0.01242427  36.00000000  0.00784987  40.00000000  914.47278858  0.58457045
0.00337268  37.00000000  0.00304255  40.00000000  1030.72534151  0.58991510
0.00236590  37.00000000  0.00034828  40.00000000  1475.75754307  0.59525974
0.00133445  38.00000000  0.00133445  40.00000000  913.52249458  0.60060438
0.09893946  36.00000000  0.08548711  40.00000000  1257.80781135  0.60594903
0.01052337  28.00000000  0.00394808  40.00000000  1058.84788457  0.61129367
0.02058380  32.00000000  0.01895207  40.00000000  1300.71617180  0.61663832
0.00072151  34.00000000  0.00020704  40.00000000  972.93850887  0.62198296
0.02453366  32.00000000  0.01088844  40.00000000  1421.45468211  0.62732760
0.00216930  33.00000000  0.00009140  40.00000000  1712.81923940  0.63267225
0.01225984  34.00000000  0.01212321  40.00000000  2815.65661828  0.63801689
0.01057864  29.00000000  0.00829274  40.00000000  1966.97720444  0.64336154
0.04505736  33.00000000  0.04204102  40.00000000  2296.85910647  0.64870618
0.09468025  38.00000000  0.09468025  40.00000000  1561.51297904  0.65405083
0.02781595  38.00000000  0.02781595  40.00000000  1247.59576336  0.65939547
0.06841328  35.00000000  0.06811572  40.00000000  1229.84118447  0.66474011
0.03233274  25.00000000  0.01899566  40.00000000  1387.59394539  0.67008476
0.02246470  26.00000000  0.00403632  40.00000000  1771.47299439  0.67542940
0.00677573  29.00000000  0.00428242  40.00000000  1754.31314205  0.68077405
0.95585338  33.00000000  0.95585338  34.00000000  4808.47347888  0.68545061
0.39190027  36.00000000  0.35686714  40.00000000  1562.13418599  0.69079525
0.01166286  38.00000000  0.01166286  40.00000000  1838.38140411  0.69613990
0.00277124  37.00000000  0.00151182  40.00000000  912.77544008  0.70148454
0.07029797  25.00000000  0.06219634  40.00000000  2676.85098369  0.70682919
0.51590731  29.00000000  0.42537085  40.00000000  3110.57980843  0.71217383
0.00132617  21.00000000  0.00013666  40.00000000  1536.95031263  0.71751847
0.01673968  24.00000000  0.01552913  40.00000000  1577.69876430  0.72286312
0.02096436  38.00000000  0.02096436  40.00000000  1110.34855823  0.72820776
0.06773234  36.00000000  0.05153694  40.00000000  922.32581829  0.73355241
0.37796669  29.00000000  0.11680377  40.00000000  2531.23027643  0.73889705
0.00117490  35.00000000  0.00101711  40.00000000  1047.10278704  0.74424169
0.03956354  38.00000000  0.03956354  40.00000000  1083.51085304  0.74958634
0.14438110  38.00000000  0.14438110  40.00000000  1195.80893466  0.75493098
0.01415215  33.00000000  0.00657091  40.00000000  1943.18842950  0.76027563
0.09455760  38.00000000  0.09455760  40.00000000  2682.69257111  0.76562027
0.26334492  32.00000000  0.15610526  40.00000000  2302.67044601  0.77096492
0.00186419  32.00000000  0.00002291  40.00000000  963.54769842  0.77630956
0.05323150  37.00000000  0.05207511  40.00000000  1255.57918699  0.78165420
0.00805448  37.00000000  0.00762206  40.00000000  1758.42290513  0.78699885
0.00259083  38.00000000  0.00259083  40.00000000  825.50086647  0.79234349
0.89589747  36.00000000  0.74125485  40.00000000  2161.52870952  0.79768814
0.17827847  36.00000000  0.16123583  40.00000000  2367.74068349  0.80303278
0.00135057  38.00000000  0.00135057  40.00000000  1374.94156299  0.80837742
0.05826125  38.00000000  0.05826125  40.00000000  845.76694465  0.81372207
0.05172544  30.00000000  0.00834349  40.00000000  1400.72100137  0.81906671
0.03003716  28.00000000  0.00613464  40.00000000  1478.70543785  0.82441136
0.00205712  33.00000000  0.00200732  40.00000000  822.20859997  0.82975600
0.19073482  35.00000000  0.12999394  40.00000000  2867.62166049  0.83510064
0.06852861  37.00000000  0.06829897  40.00000000  2269.95243690  0.84044529
0.17969818  36.00000000  0.11974414  40.00000000  1094.68192323  0.84578993
0.00797361  38.00000000  0.00797361  40.00000000  803.53270794  0.85113458
0.01111627  36.00000000  0.01072224  40.00000000  836.44585219  0.85647922
0.01221848  38.00000000  0.01221848  40.00000000  1080.24437944  0.86182387
0.05913312  38.00000000  0.05913312  40.00000000  1254.03359564  0.86716851
0.06916795  33.00000000  0.01363275  40.00000000  2250.49438326  0.87251315
0.11289661  38.00000000  0.11289661  40.00000000  901.40159152  0.87785780
0.00324846  38.00000000  0.00324846  40.00000000  818.80598388  0.88320244
0.51077702  35.00000000  0.44348611  40.00000000  1666.89703615  0.88854709
0.00073690  37.00000000  0.00056313  40.00000000  950.65305596  0.89389173
0.01075849  34.00000000  0.00224494  40.00000000  963.70665280  0.89923637
0.10214410  28.00000000  0.09880041  40.00000000  3016.78436883  0.90458102
0.00143148  38.00000000  0.00143148  40.00000000  843.63920737  0.90992566
0.41499677  34.00000000  0.35526532  40.00000000  1472.29691213  0.91527031
0.00139939  37.00000000  0.00126306  40.00000000  1100.17464668  0.92061495
0.00168366  37.00000000  0.00127328  40.00000000  793.69802800  0.92595960
0.30410070  38.00000000  0.30410070  40.00000000  2307.96696780  0.93130424
0.00014775  37.00000000  0.00010921  40.00000000  797.03053307  0.93664888
0.44381760  38.00000000  0.44381760  40.00000000  974.94317816  0.94199353
0.00085690  37.00000000  0.00056905  40.00000000  793.69873197  0.94733817
0.43717254  35.00000000  0.18010850  40.00000000  1318.39493457  0.95268282
0.92703942  36.00000000  0.91069350  40.00000000  2170.43685774  0.95802746
0.00030903  37.00000000  0.00030084  40.00000000  789.40122488  0.96337210
0.00049148  38.00000000  0.00049148  40.00000000  789.40123344  0.96871675
0.17973311  30.00000000  0.00197539  40.00000000  3046.30139327  0.97406139
0.00049852  37.00000000  0.00049366  40.00000000  789.40123250  0.97940604
0.00030969  35.00000000  0.00030236  40.00000000  789.40122149  0.98475068
0.00049852  37.00000000  0.00049366  40.00000000  789.40123250  0.99009532
0.00031236  38.00000000  0.00031236  40.00000000  789.40122217  0.99000000
0.00049852  37.00000000  0.00049366  40.00000000  789.40123250  0.99000000
0.00016021  38.00000000  0.00016021  40.00000000  789.40120105  0.99000000
0.00049852  37.00000000  0.00049366  40.00000000  789.40123250  0.99000000
0.00049852  37.00000000  0.00049366  40.00000000  789.40123250  0.99000000
0.00049852  37.00000000  0.00049366  40.00000000  789.40123250  0.99000000
0.00709919  38.00000000  0.00709919  40.00000000  790.05753554  0.99000000
0.00049811  38.00000000  0.00049811  40.00000000  789.40123306  0.99000000
0.00042400  36.00000000  0.00042166  40.00000000  789.40123212  0.99000000
0.00013866  37.00000000  0.00008224  40.00000000  797.03053158  0.99000000
0.00049852  37.00000000  0.00049366  40.00000000  789.40123250  0.99000000
0.00032622  34.00000000  0.00022496  40.00000000  789.40121802  0.99000000
0.44756757  34.00000000  0.19392919  40.00000000  1482.35396666  0.99000000
0.00049852  37.00000000  0.00049366  40.00000000  789.40123250  0.99000000
0.00085690  37.00000000  0.00056905  40.00000000  793.69873197  0.99000000
0.00049716  36.00000000  0.00049024  40.00000000  789.40123280  0.99000000
0.00049852  37.00000000  0.00049366  40.00000000  789.40123250  0.99000000
0.00049852  37.00000000  0.00049366  40.00000000  789.40123250  0.99000000
0.00049852  37.00000000  0.00049366  40.00000000  789.40123250  0.99000000
0.00491963  38.00000000  0.00491963  40.00000000  797.49200752  0.99000000
0.00049852  37.00000000  0.00049366  40.00000000  789.40123250  0.99000000
0.00049852  37.00000000  0.00049366  40.00000000  789.40123250  0.99000000
0.00049852  37.00000000  0.00049366  40.00000000  789.40123250  0.99000000
0.00049852  37.00000000  0.00049366  40.00000000  789.40123250  0.99000000
0.00049852  37.00000000  0.00049366  40.00000000  789.40123250  0.99000000
0.00049852  37.00000000  0.00049366  40.00000000  789.40123250  0.99000000
0.44015770  38.00000000  0.44015770  40.00000000  1034.68953481  0.99000000
0.00085690  37.00000000  0.00056905  40.00000000  793.69873197  0.99000000
0.00049852  37.00000000  0.00049366  40.00000000  789.40123250  0.99000000
0.00049852  37.00000000  0.00049366  40.00000000  789.40123250  0.99000000
0.00049852  37.00000000  0.00049366  40.00000000  789.40123250  0.99000000
0.00049852  37.00000000  0.00049366  40.00000000  789.40123250  0.99000000
0.00049852  37.00000000  0.00049366  40.00000000  789.40123250  0.99000000
0.00049852  37.00000000  0.00049366  40.00000000  789.40123250  0.99000000
0.00077737  38.00000000  0.00077737  40.00000000  791.11206366  0.99000000
0.00049852  37.00000000  0.00049366  40.00000000  789.40123250  0.99000000
0.00049852  37.00000000  0.00049366  40.00000000  789.40123250  0.99000000
0.00049852  37.00000000  0.00049366  40.00000000  789.40123250  0.99000000
0.00049852  37.00000000  0.00049366  40.00000000  789.40123250  0.99000000
0.00049852  37.00000000  0.00049366  40.00000000  789.40123250  0.99000000
0.00049852  37.00000000  0.00049366  40.00000000  789.40123250  0.99000000
0.00045348  37.00000000  0.00045209  40.00000000  789.40123354  0.99000000
0.00049852  37.00000000  0.00049366  40.00000000  789.40123250  0.99000000
0.00049852  37.00000000  0.00049366  40.00000000  789.40123250  0.99000000
0.08781939  38.00000000  0.08781939  40.00000000  826.40393275  0.99000000
0.00049852  37.00000000  0.00049366  40.00000000  789.40123250  0.99000000
0.00049852  37.00000000  0.00049366  40.00000000  789.40123250  0.99000000
0.00049852  37.00000000  0.00049366  40.00000000  789.40123250  0.99000000
0.00049852  37.00000000  0.00049366  40.00000000  789.40123250  0.99000000
0.44169895  32.00000000  0.43510750  40.00000000  1870.08641097  0.99000000
0.00049852  37.00000000  0.00049366  40.00000000  789.40123250  0.99000000
0.00049852  37.00000000  0.00049366  40.00000000  789.40123250  0.99000000
0.00512135  30.00000000  0.00477022  40.00000000  2035.21328330  0.99000000
0.00049852  37.00000000  0.00049366  40.00000000  789.40123250  0.99000000
0.00049852  37.00000000  0.00049366  40.00000000  789.40123250  0.99000000
0.00049852  37.00000000  0.00049366  40.00000000  789.40123250  0.99000000
0.00049852  37.00000000  0.00049366  40.00000000  789.40123250  0.99000000
0.00049852  37.00000000  0.00049366  40.00000000  789.40123250  0.99000000
0.00049852  37.00000000  0.00049366  40.00000000  789.40123250  0.99000000
0.00049852  37.00000000  0.00049366  40.00000000  789.40123250  0.99000000
0.00049852  37.00000000  0.00049366  40.00000000  789.40123250  0.99000000
0.00049852  37.00000000  0.00049366  40.00000000  789.40123250  0.99000000
0.00049852  37.00000000  0.00049366  40.00000000  789.40123250  0.99000000
0.00049852  37.00000000  0.00049366  40.00000000  789.40123250  0.99000000
0.00005378  37.00000000  0.00002518  40.00000000  789.51750101  0.99000000
0.00030113  30.00000000  0.00029715  40.00000000  789.40122388  0.99000000
0.00049852  37.00000000  0.00049366  40.00000000  789.40123250  0.99000000
0.00049852  37.00000000  0.00049366  40.00000000  789.40123250  0.99000000
0.00049852  37.00000000  0.00049366  40.00000000  789.40123250  0.99000000
0.00010147  37.00000000  0.00007120  40.00000000  789.40119250  0.99000000
0.00049852  37.00000000  0.00049366  40.00000000  789.40123250  0.99000000
0.00049852  37.00000000  0.00049366  40.00000000  789.40123250  0.99000000
0.00049852  37.00000000  0.00049366  40.00000000  789.40123250  0.99000000
0.00049852  37.00000000  0.00049366  40.00000000  789.40123250  0.99000000
0.00049852  37.00000000  0.00049366  40.00000000  789.40123250  0.99000000
0.44381760  38.00000000  0.44381760  40.00000000  974.94317816  0.99000000
0.31571854  38.00000000  0.31571854  40.00000000  912.90933732  0.99000000
0.00049852  37.00000000  0.00049366  40.00000000  789.40123250  0.99000000
0.00049852  37.00000000  0.00049366  40.00000000  789.40123250  0.99000000
0.00049852  37.00000000  0.00049366  40.00000000  789.40123250  0.99000000
0.00049852  37.00000000  0.00049366  40.00000000  789.40123250  0.99000000
0.00049852  37.00000000  0.00049366  40.00000000  789.40123250  0.99000000
0.00049852  37.00000000  0.00049366  40.00000000  789.40123250  0.99000000
0.00049852  37.00000000  0.00049366  40.00000000  789.40123250  0.99000000
0.00049852  37.00000000  0.00049366  40.00000000  789.40123250  0.99000000
0.00049852  37.00000000  0.00049366  40.00000000  789.40123250  0.99000000
0.00049852  37.00000000  0.00049366  40.00000000  789.40123250  0.99000000
0.43595524  36.00000000  0.25528598  40.00000000  1210.18760619  0.99000000
0.00049852  37.00000000  0.00049366  40.00000000  789.40123250  0.99000000
0.44397265  38.00000000  0.44397265  40.00000000  974.87744228  0.99000000
0.00049852  37.00000000  0.00049366  40.00000000  789.40123250  0.99000000
0.00049852  37.00000000  0.00049366  40.00000000  789.40123250  0.99000000
0.23264700  38.00000000  0.23264700  40.00000000  877.27410697  0.99000000
0.00025883  34.00000000  0.00025385  40.00000000  789.40120841  0.99000000
0.00049852  37.00000000  0.00049366  40.00000000  789.40123250  0.99000000
0.00049852  37.00000000  0.00049366  40.00000000  789.40123250  0.99000000
0.00069780  38.00000000  0.00069780  40.00000000  791.09865813  0.99000000
0.00049852  37.00000000  0.00049366  40.00000000  789.40123250  0.99000000
0.44756757  34.00000000  0.19392919  40.00000000  1482.35396666  0.99000000
0.00049852  37.00000000  0.00049366  40.00000000  789.40123250  0.99000000
0.00049852  37.00000000  0.00049366  40.00000000  789.40123250  0.99000000
0.00035299  37.00000000  0.00034536  40.00000000  789.40122675  0.99000000
0.00049852  37.00000000  0.00049366  40.00000000  789.40123250  0.99000000
0.00049852  37.00000000  0.00049366  40.00000000  789.40123250  0.99000000
0.00049852  37.00000000  0.00049366  40.00000000  789.40123250  0.99000000
0.00026653  36.00000000  0.00026188  40.00000000  789.40121868  0.99000000
0.00049852  37.00000000  0.00049366  40.00000000  789.40123250  0.99000000
0.00049852  37.00000000  0.00049366  40.00000000  789.40123250  0.99000000
0.00049852  37.00000000  0.00049366  40.00000000  789.40123259  0.99000000
0.44265061  37.00000000  0.34761058  40.00000000  1117.39871266  0.99000000
0.00049852  37.00000000  0.00049366  40.00000000  789.40123250  0.99000000
0.00042592  38.00000000  0.00042592  40.00000000  789.40123524  0.99000000
0.00049852  37.00000000  0.00049366  40.00000000  789.40123250  0.99000000
0.23323480  38.00000000  0.23323480  40.00000000  877.35152897  0.99000000
0.00049852  37.00000000  0.00049366  40.00000000  789.40123250  0.99000000
0.00049852  37.00000000  0.00049366  40.00000000  789.40123250  0.99000000
0.00008561  29.00000000  0.00005490  40.00000000  789.40327136  0.99000000
0.00049852  37.00000000  0.00049366  40.00000000  789.40123250  0.99000000
0.01776651  38.00000000  0.01776651  40.00000000  803.45287785  0.99000000
0.43820600  35.00000000  0.17946476  40.00000000  1318.57832027  0.99000000
0.00049852  37.00000000  0.00049366  40.00000000  789.40123250  0.99000000
0.00049852  37.00000000  0.00049366  40.00000000  789.40123250  0.99000000
0.44265061  37.00000000  0.34761058  40.00000000  1117.39871266  0.99000000
0.00049852  37.00000000  0.00049366  40.00000000  789.40123250  0.99000000
0.00049852  37.00000000  0.00049366  40.00000000  789.40123250  0.99000000
0.00049852  37.00000000  0.00049366  40.00000000  789.40123250  0.99000000
0.00049852  37.00000000  0.00049366  40.00000000  789.40123250  0.99000000
0.00083707  37.00000000  0.00055476  40.00000000  793.69756575  0.99000000
0.00049852  37.00000000  0.00049366  40.00000000  789.40123250  0.99000000
0.00049852  37.00000000  0.00049366  40.00000000  789.40123250  0.99000000
0.00049852  37.00000000  0.00049366  40.00000000  789.40123250  0.99000000
0.00049852  37.00000000  0.00049366  40.00000000  789.40123250  0.99000000
0.00049852  37.00000000  0.00049366  40.00000000  789.40123250  0.99000000
0.00025883  34.00000000  0.00025385  40.00000000  789.40120841  0.99000000
0.00049852  37.00000000  0.00049366  40.00000000  789.40123250  0.99000000
0.00049852  37.00000000  0.00049366  40.00000000  789.40123250  0.99000000
0.08457592  38.00000000  0.08457592  40.00000000  826.09316469  0.99000000
0.00074239  38.00000000  0.00074239  40.00000000  790.05531565  0.99000000
0.00049852  37.00000000  0.00049366  40.00000000  789.40123250  0.99000000
0.00049852  37.00000000  0.00049366  40.00000000  789.40123250  0.99000000
0.00049852  37.00000000  0.00049366  40.00000000  789.40123250  0.99000000
0.00049852  37.00000000  0.00049366  40.00000000  789.40123250  0.99000000
0.00049852  37.00000000  0.00049366  40.00000000  789.40123250  0.99000000
0.00049852  37.00000000  0.00049353  40.00000000  789.40123258  0.99000000
0.00049852  37.00000000  0.00049366  40.00000000  789.40123250  0.99000000
0.00049852  37.00000000  0.00049366  40.00000000  789.40123250  0.99000000
0.01902784  37.00000000  0.01226569  40.00000000  825.31523726  0.99000000
0.00015676  38.00000000  0.00015676  40.00000000  789.40119994  0.99000000
0.00049852  37.00000000  0.00049366  40.00000000  789.40123250  0.99000000
0.00049852  37.00000000  0.00049366  40.00000000  789.40123250  0.99000000
0.00049852  37.00000000  0.00049366  40.00000000  789.40123250  0.99000000
0.00049852  37.00000000  0.00049366  40.00000000  789.40123250  0.99000000
0.00049852  37.00000000  0.00049366  40.00000000  789.40123250  0.99000000
0.00049852  37.00000000  0.00049366  40.00000000  789.40123250  0.99000000
0.00049852  37.00000000  0.00049366  40.00000000  789.40123250  0.99000000
0.44067904  33.00000000  0.31140938  40.00000000  1647.86641355  0.99000000
0.00049852  37.00000000  0.00049366  40.00000000  789.40123250  0.99000000
0.00049852  37.00000000  0.00049366  40.00000000  789.40123250  0.99000000
0.00049852  37.00000000  0.00049366  40.00000000  789.40123250  0.99000000
0.00049852  37.00000000  0.00049366  40.00000000  789.40123250  0.99000000
0.00049852  37.00000000  0.00049366  40.00000000  789.40123250  0.99000000
0.00049852  37.00000000  0.00049366  40.00000000  789.40123250  0.99000000
0.00049852  37.00000000  0.00049366  40.00000000  789.40123250  0.99000000
0.00498449  38.00000000  0.00498449  40.00000000  797.49823391  0.99000000
0.00012704  37.00000000  0.00009417  40.00000000  789.40119632  0.99000000
0.00049852  37.00000000  0.00049366  40.00000000  789.40123250  0.99000000
0.00049852  37.00000000  0.00049366  40.00000000  789.40123250  0.99000000
0.00049852  37.00000000  0.00049366  40.00000000  789.40123250  0.99000000
0.00017820  36.00000000  0.00016742  40.00000000  789.40120571  0.99000000
0.00049852  37.00000000  0.00049366  40.00000000  789.40123250  0.99000000
0.00015003  37.00000000  0.00013638  40.00000000  789.40120017  0.99000000
0.00049852  37.00000000  0.00049366  40.00000000  789.40123250  0.99000000
0.00049852  37.00000000  0.00049366  40.00000000  789.40123250  0.99000000
0.66059071  38.00000000  0.66059071  40.00000000  2430.60304113  0.99000000
0.00049852  37.00000000  0.00049366  40.00000000  789.40123250  0.99000000
0.00049852  37.00000000  0.00049366  40.00000000  789.40123250  0.99000000
0.00049852  37.00000000  0.00049366  40.00000000  789.40123250  0.99000000
0.00078147  38.00000000  0.00078147  40.00000000  791.10940114  0.99000000
0.00026653  36.00000000  0.00026188  40.00000000  789.40121868  0.99000000
0.00012704  37.00000000  0.00009417  40.00000000  789.40119632  0.99000000
0.00049852  37.00000000  0.00049366  40.00000000  789.40123250  0.99000000
0.00010147  37.00000000  0.00007120  40.00000000  789.40119250  0.99000000
0.00049852  37.00000000  0.00049366  40.00000000  789.40123250  0.99000000
0.00049852  37.00000000  0.00049366  40.00000000  789.40123250  0.99000000
0.00049852  37.00000000  0.00049366  40.00000000  789.40123250  0.99000000
0.00049852  37.00000000  0.00049366  40.00000000  789.40123250  0.99000000
0.00049852  37.00000000  0.00049366  40.00000000  789.40123250  0.99000000
0.00049852  37.00000000  0.00049366  40.00000000  789.40123250  0.99000000
0.00049852  37.00000000  0.00049366  40.00000000  789.40123250  0.99000000
0.00049852  37.00000000  0.00049366  40.00000000  789.40123250  0.99000000
0.00049852  37.00000000  0.00049366  40.00000000  789.40123250  0.99000000
0.00069780  38.00000000  0.00069780  40.00000000  791.09865813  0.99000000
0.00049852  37.00000000  0.00049366  40.00000000  789.40123250  0.99000000
0.00049852  37.00000000  0.00049366  40.00000000  789.40123250  0.99000000
0.00049852  37.00000000  0.00049366  40.00000000  789.40123250  0.99000000
0.00007451  38.00000000  0.00007451  40.00000000  789.51602727  0.99000000
0.43998771  38.00000000  0.43998771  40.00000000  1034.67082493  0.99000000
0.00049852  37.00000000  0.00049366  40.00000000  789.40123250  0.99000000
0.00049852  37.00000000  0.00049366  40.00000000  789.40123250  0.99000000
0.43821817  35.00000000  0.17946124  40.00000000  1318.58125815  0.99000000
0.00009718  36.00000000  0.00009509  40.00000000  789.40119282  0.99000000
0.44134883  33.00000000  0.31103905  40.00000000  1647.86144195  0.99000000
0.00049852  37.00000000  0.00049366  40.00000000  789.40123250  0.99000000
0.00049852  37.00000000  0.00049366  40.00000000  789.40123250  0.99000000
0.00049852  37.00000000  0.00049366  40.00000000  789.40123250  0.99000000
0.15261238  38.00000000  0.15261238  40.00000000  848.43930505  0.99000000
0.00049852  37.00000000  0.00049366  40.00000000  789.40123250  0.99000000
0.00049852  37.00000000  0.00049366  40.00000000  789.40123250  0.99000000
0.00049852  37.00000000  0.00049366  40.00000000  789.40123250  0.99000000
0.00049852  37.00000000  0.00049366  40.00000000  789.40123250  0.99000000
0.00049852  37.00000000  0.00049366  40.00000000  789.40123250  0.99000000
0.00049852  37.00000000  0.00049366  40.00000000  789.40123250  0.99000000
0.00049852  37.00000000  0.00049366  40.00000000  789.40123250  0.99000000
0.00049852  37.00000000  0.00049366  40.00000000  789.40123250  0.99000000
0.32519349  38.00000000  0.32519349  40.00000000  914.76417924  0.99000000
0.00049852  37.00000000  0.00049366  40.00000000  789.40123250  0.99000000
0.00049852  37.00000000  0.00049366  40.00000000  789.40123250  0.99000000
0.00049852  37.00000000  0.00049366  40.00000000  789.40123250  0.99000000
0.00049852  37.00000000  0.00049366  40.00000000  789.40123250  0.99000000
0.00049852  37.00000000  0.00049366  40.00000000  789.40123250  0.99000000
0.00049852  37.00000000  0.00049366  40.00000000  789.40123250  0.99000000
0.00049852  37.00000000  0.00049366  40.00000000  789.40123250  0.99000000
0.00049852  37.00000000  0.00049366  40.00000000  789.40123250  0.99000000
0.00049852  37.00000000  0.00049366  40.00000000  789.40123250  0.99000000
0.00049852  37.00000000  0.00049366  40.00000000  789.40123250  0.99000000
0.00049852  37.00000000  0.00049366  40.00000000  789.40123251  0.99000000
0.00049852  37.00000000  0.00049366  40.00000000  789.40123250  0.99000000
0.00006389  28.00000000  0.00003309  40.00000000  789.50204584  0.99000000
0.00049852  37.00000000  0.00049366  40.00000000  789.40123250  0.99000000
0.00049852  37.00000000  0.00049366  40.00000000  789.40123250  0.99000000
0.00049852  37.00000000  0.00049366  40.00000000  789.40123250  0.99000000
0.00049852  37.00000000  0.00049366  40.00000000  789.40123250  0.99000000
0.00049852  37.00000000  0.00049366  40.00000000  789.40123250  0.99000000
0.00049852  37.00000000  0.00049366  40.00000000  789.40123250  0.99000000
0.00049852  37.00000000  0.00049366  40.00000000  789.40123250  0.99000000
0.00049852  37.00000000  0.00049366  40.00000000  789.40123250  0.99000000
0.00047653  37.00000000  0.00047112  40.00000000  789.40123346  0.99000000
0.44168160  32.00000000  0.43510591  40.00000000  1870.09236231  0.99000000
0.00005777  38.00000000  0.00005777  40.00000000  789.51736385  0.99000000
0.00049852  37.00000000  0.00049366  40.00000000  789.40123250  0.99000000
0.00049852  37.00000000  0.00049366  40.00000000  789.40123250  0.99000000
0.00049852  37.00000000  0.00049366  40.00000000  789.40123250  0.99000000
0.65102928  38.00000000  0.65102928  40.00000000  2460.37816076  0.99000000
0.43822103  35.00000000  0.17946066  40.00000000  1318.58191126  0.99000000
0.00049852  37.00000000  0.00049366  40.00000000  789.40123250  0.99000000
0.00049852  37.00000000  0.00049366  40.00000000  789.40123250  0.99000000
0.00049852  37.00000000  0.00049366  40.00000000  789.40123250  0.99000000
0.00049852  37.00000000  0.00049366  40.00000000  789.40123250  0.99000000
0.00049852  37.00000000  0.00049366  40.00000000  789.40123250  0.99000000
0.00049852  37.00000000  0.00049366  40.00000000  789.40123250  0.99000000
0.00049852  37.00000000  0.00049366  40.00000000  789.40123250  0.99000000
0.00049852  37.00000000  0.00049366  40.00000000  789.40123250  0.99000000
0.44405726  38.00000000  0.44405726  40.00000000  974.95886852  0.99000000
0.66059685  38.00000000  0.66059685  40.00000000  2430.60309899  0.99000000
0.00049852  37.00000000  0.00049366  40.00000000  789.40123250  0.99000000
0.00049852  37.00000000  0.00049366  40.00000000  789.40123250  0.99000000
0.00049852  37.00000000  0.00049366  40.00000000  789.40123250  0.99000000
0.87564541  37.00000000  0.84671934  40.00000000  2150.07677986  0.99000000
0.08664354  38.00000000  0.08664354  40.00000000  826.36620838  0.99000000
0.00049852  37.00000000  0.00049366  40.00000000  789.40123250  0.99000000
0.00049852  37.00000000  0.00049366  40.00000000  789.40123250  0.99000000
0.00049852  37.00000000  0.00049366  40.00000000  789.40123250  0.99000000
0.00049852  37.00000000  0.00049366  40.00000000  789.40123250  0.99000000
0.00049852  37.00000000  0.00049366  40.00000000  789.40123250  0.99000000
0.00049852  37.00000000  0.00049366  40.00000000  789.40123250  0.99000000
0.51517202  38.00000000  0.51517202  40.00000000  1654.05833480  0.99000000
0.00049852  37.00000000  0.00049366  40.00000000  789.40123250  0.99000000
0.00049852  37.00000000  0.00049366  40.00000000  789.40123250  0.99000000
0.00049852  37.00000000  0.00049366  40.00000000  789.40123250  0.99000000
0.00049852  37.00000000  0.00049366  40.00000000  789.40123250  0.99000000
0.00047565  37.00000000  0.00047162  40.00000000  789.40123573  0.99000000
0.00049852  37.00000000  0.00049366  40.00000000  789.40123250  0.99000000
0.00012680  37.00000000  0.00009510  40.00000000  789.40119629  0.99000000
0.00026932  37.00000000  0.00026182  40.00000000  789.40121703  0.99000000
0.00049852  37.00000000  0.00049366  40.00000000  789.40123250  0.99000000
0.00049852  37.00000000  0.00049366  40.00000000  789.40123250  0.99000000
0.00049852  37.00000000  0.00049366  40.00000000  789.40123250  0.99000000
0.00049757  37.00000000  0.00049464  40.00000000  789.40123379  0.99000000
0.00049852  37.00000000  0.00049366  40.00000000  789.40123250  0.99000000
0.00049852  37.00000000  0.00049366  40.00000000  789.40123250  0.99000000
0.00049852  37.00000000  0.00049366  40.00000000  789.40123250  0.99000000
0.00018369  32.00000000  0.00017057  40.00000000  789.40120644  0.99000000
0.00049852  37.00000000  0.00049366  40.00000000  789.40123250  0.99000000
0.00049852  37.00000000  0.00049366  40.00000000  789.40123250  0.99000000
0.00049852  37.00000000  0.00049366  40.00000000  789.40123250  0.99000000
0.00049852  37.00000000  0.00049366  40.00000000  789.40123250  0.99000000
0.00049852  37.00000000  0.00049366  40.00000000  789.40123250  0.99000000
0.00047632  38.00000000  0.00047632  40.00000000  789.40123361  0.99000000
0.00049852  37.00000000  0.00049366  40.00000000  789.40123250  0.99000000
0.43990120  38.00000000  0.43990120  40.00000000  1034.65470867  0.99000000
0.00030113  30.00000000  0.00029715  40.00000000  789.40122388  0.99000000
0.00049852  37.00000000  0.00049366  40.00000000  789.40123250  0.99000000
0.00049852  37.00000000  0.00049366  40.00000000  789.40123250  0.99000000
0.00049852  37.00000000  0.00049366  40.00000000  789.40123250  0.99000000
0.00049852  37.00000000  0.00049366  40.00000000  789.40123250  0.99000000
0.00049852  37.00000000  0.00049366  40.00000000  789.40123250  0.99000000
0.15313707  38.00000000  0.15313707  40.00000000  848.45973940  0.99000000
0.00049852  37.00000000  0.00049366  40.00000000  789.40123250  0.99000000
0.65416703  38.00000000  0.65416703  40.00000000  2416.48080665  0.99000000
0.00049852  37.00000000  0.00049366  40.00000000  789.40123250  0.99000000
0.43999958  38.00000000  0.43999958  40.00000000  1034.67292628  0.99000000
0.00049852  37.00000000  0.00049366  40.00000000  789.40123250  0.99000000
0.00049852  37.00000000  0.00049366  40.00000000  789.40123250  0.99000000
0.00049852  37.00000000  0.00049366  40.00000000  789.40123250  0.99000000
0.00047651  37.00000000  0.00047112  40.00000000  789.40123571  0.99000000
0.00049852  37.00000000  0.00049366  40.00000000  789.40123250  0.99000000
0.00049868  38.00000000  0.00049868  40.00000000  789.40123267  0.99000000
0.00049852  37.00000000  0.00049366  40.00000000  789.40123250  0.99000000
0.00049852  37.00000000  0.00049366  40.00000000  789.40123250  0.99000000
0.00035180  38.00000000  0.00035180  40.00000000  789.40122935  0.99000000
0.00049148  38.00000000  0.00049148  40.00000000  789.40123344  0.99000000
0.00049852  37.00000000  0.00049366  40.00000000  789.40123250  0.99000000
0.00049852  37.00000000  0.00049366  40.00000000  789.40123250  0.99000000
0.00049852  37.00000000  0.00049366  40.00000000  789.40123250  0.99000000
0.00049852  37.00000000  0.00049366  40.00000000  789.40123250  0.99000000
0.00049852  37.00000000  0.00049366  40.00000000  789.40123250  0.99000000
0.00006389  28.00000000  0.00003309  40.00000000  789.50204584  0.99000000
0.00049852  37.00000000  0.00049366  40.00000000  789.40123250  0.99000000
0.00049852  37.00000000  0.00049366  40.00000000  789.40123250  0.99000000
0.00049852  37.00000000  0.00049366  40.00000000  789.40123250  0.99000000
0.00049852  37.00000000  0.00049366  40.00000000  789.40123250  0.99000000
0.00049852  37.00000000  0.00049366  40.00000000  789.40123250  0.99000000
0.43821817  35.00000000  0.17946124  40.00000000  1318.58125815  0.99000000
0.00049852  37.00000000  0.00049366  40.00000000  789.40123250  0.99000000
0.00049852  37.00000000  0.00049366  40.00000000  789.40123250  0.99000000
0.00049852  37.00000000  0.00049366  40.00000000  789.40123250  0.99000000
0.00022495  38.00000000  0.00022495  40.00000000  789.40121046  0.99000000
0.00049852  37.00000000  0.00049366  40.00000000  789.40123250  0.99000000
0.00049852  37.00000000  0.00049366  40.00000000  789.40123250  0.99000000
0.00049852  37.00000000  0.00049366  40.00000000  789.40123250  0.99000000
0.19911006  38.00000000  0.19911006  40.00000000  1734.73976304  0.99000000
0.00047654  37.00000000  0.00047105  40.00000000  789.40123574  0.99000000
0.00049852  37.00000000  0.00049366  40.00000000  789.40123250  0.99000000
0.00049852  37.00000000  0.00049366  40.00000000  789.40123250  0.99000000
0.00048093  37.00000000  0.00047369  40.00000000  789.40123233  0.99000000
0.00049852  37.00000000  0.00049366  40.00000000  789.40123250  0.99000000
0.00049852  37.00000000  0.00049366  40.00000000  789.40123250  0.99000000
0.00049852  37.00000000  0.00049366  40.00000000  789.40123250  0.99000000
0.44496130  33.00000000  0.18563110  40.00000000  1644.32136545  0.99000000
0.00049852  37.00000000  0.00049366  40.00000000  789.40123250  0.99000000
0.56029525  38.00000000  0.56029525  40.00000000  2144.29531656  0.99000000
0.73199481  38.00000000  0.73199481  40.00000000  2822.35768318  0.99000000
0.00049852  37.00000000  0.00049366  40.00000000  789.40123250  0.99000000
0.00049852  37.00000000  0.00049366  40.00000000  789.40123250  0.99000000
0.00049852  37.00000000  0.00049366  40.00000000  789.40123250  0.99000000
0.00049852  37.00000000  0.00049366  40.00000000  789.40123250  0.99000000
0.00049852  37.00000000  0.00049366  40.00000000  789.40123250  0.99000000
0.00049852  37.00000000  0.00049366  40.00000000  789.40123250  0.99000000
0.00049852  37.00000000  0.00049366  40.00000000  789.40123250  0.99000000
0.00049852  37.00000000  0.00049366  40.00000000  789.40123250  0.99000000
0.00049852  37.00000000  0.00049366  40.00000000  789.40123250  0.99000000
0.00049852  37.00000000  0.00049366  40.00000000  789.40123250  0.99000000
0.00049852  37.00000000  0.00049366  40.00000000  789.40123250  0.99000000
0.44697368  36.00000000  0.26171304  40.00000000  1216.72444734  0.99000000
0.00049852  37.00000000  0.00049366  40.00000000  789.40123250  0.99000000
0.00049852  37.00000000  0.00049366  40.00000000  789.40123250  0.99000000
0.00049852  37.00000000  0.00049366  40.00000000  789.40123250  0.99000000
0.00049852  37.00000000  0.00049366  40.00000000  789.40123250  0.99000000
0.00049852  37.00000000  0.00049366  40.00000000  789.40123250  0.99000000
0.00049852  37.00000000  0.00049366  40.00000000  789.40123250  0.99000000
0.00025883  34.00000000  0.00025385  40.00000000  789.40120841  0.99000000
0.08836471  38.00000000  0.08836471  40.00000000  826.44741618  0.99000000
0.00049852  37.00000000  0.00049366  40.00000000  789.40123250  0.99000000
0.15265736  38.00000000  0.15265736  40.00000000  848.39822190  0.99000000
0.00049852  37.00000000  0.00049366  40.00000000  789.40123250  0.99000000
0.32525864  38.00000000  0.32525864  40.00000000  914.83707386  0.99000000
0.44415192  37.00000000  0.34846754  40.00000000  1117.73499988  0.99000000
0.00049852  37.00000000  0.00049366  40.00000000  789.40123250  0.99000000
0.65082179  38.00000000  0.65082179  40.00000000  2459.19230675  0.99000000
0.00049852  37.00000000  0.00049366  40.00000000  789.40123250  0.99000000
0.00049852  37.00000000  0.00049366  40.00000000  789.40123250  0.99000000
0.00049852  37.00000000  0.00049366  40.00000000  789.40123250  0.99000000
0.00049852  37.00000000  0.00049366  40.00000000  789.40123250  0.99000000
0.00049852  37.00000000  0.00049366  40.00000000  789.40123250  0.99000000
0.00049852  37.00000000  0.00049366  40.00000000  789.40123250  0.99000000
0.00049852  37.00000000  0.00049366  40.00000000  789.40123250  0.99000000
0.00049852  37.00000000  0.00049366  40.00000000  789.40123250  0.99000000
0.56813482  38.00000000  0.56813482  40.00000000  2159.96018426  0.99000000
0.00049852  37.00000000  0.00049366  40.00000000  789.40123250  0.99000000
0.00049852  37.00000000  0.00049366  40.00000000  789.40123250  0.99000000
0.00049852  37.00000000  0.00049366  40.00000000  789.40123250  0.99000000
0.00049852  37.00000000  0.00049366  40.00000000  789.40123250  0.99000000
0.00049852  37.00000000  0.00049366  40.00000000  789.40123250  0.99000000
0.00049852  37.00000000  0.00049366  40.00000000  789.40123250  0.99000000
0.00049852  37.00000000  0.00049366  40.00000000  789.40123250  0.99000000
0.00049852  37.00000000  0.00049366  40.00000000  789.40123250  0.99000000
0.00049852  37.00000000  0.00049366  40.00000000  789.40123250  0.99000000
0.00049852  37.00000000  0.00049366  40.00000000  789.40123250  0.99000000
0.00049852  37.00000000  0.00049366  40.00000000  789.40123250  0.99000000
0.00049852  37.00000000  0.00049366  40.00000000  789.40123250  0.99000000
0.00049196  38.00000000  0.00049196  40.00000000  789.40123477  0.99000000
0.73204571  38.00000000  0.73204571  40.00000000  2822.51284832  0.99000000
0.00737610  38.00000000  0.00737610  40.00000000  844.83658694  0.99000000
0.00049852  37.00000000  0.00049366  40.00000000  789.40123250  0.99000000
0.00469879  38.00000000  0.00469879  40.00000000  797.48471978  0.99000000
0.00049852  37.00000000  0.00049366  40.00000000  789.40123250  0.99000000
0.00049852  37.00000000  0.00049366  40.00000000  789.40123250  0.99000000
0.00049852  37.00000000  0.00049366  40.00000000  789.40123250  0.99000000
0.00049852  37.00000000  0.00049366  40.00000000  789.40123250  0.99000000
0.00049852  37.00000000  0.00049366  40.00000000  789.40123250  0.99000000
0.00049852  37.00000000  0.00049366  40.00000000  789.40123250  0.99000000
0.00049852  37.00000000  0.00049366  40.00000000  789.40123250  0.99000000
0.00049852  37.00000000  0.00049366  40.00000000  789.40123250  0.99000000
0.00049852  37.00000000  0.00049366  40.00000000  789.40123250  0.99000000
0.00049852  37.00000000  0.00049366  40.00000000  789.40123250  0.99000000
0.00045367  36.00000000  0.00044830  40.00000000  789.40123559  0.99000000
0.00049852  37.00000000  0.00049366  40.00000000  789.40123250  0.99000000
0.00049852  37.00000000  0.00049366  40.00000000  789.40123250  0.99000000
0.00049852  37.00000000  0.00049366  40.00000000  789.40123250  0.99000000
0.04741547  38.00000000  0.04741547  40.00000000  814.09629026  0.99000000
0.00089429  37.00000000  0.00060072  40.00000000  793.70130937  0.99000000
0.00049852  37.00000000  0.00049366  40.00000000  789.40123250  0.99000000
0.00010147  37.00000000  0.00007120  40.00000000  789.40119250  0.99000000
0.00049852  37.00000000  0.00049366  40.00000000  789.40123250  0.99000000
0.00049852  37.00000000  0.00049366  40.00000000  789.40123250  0.99000000
0.00049852  37.00000000  0.00049366  40.00000000  789.40123250  0.99000000
0.00049852  37.00000000  0.00049366  40.00000000  789.40123250  0.99000000
0.00049852  37.00000000  0.00049366  40.00000000  789.40123250  0.99000000
0.12171077  38.00000000  0.12171077  40.00000000  1072.84362840  0.99000000
0.32519349  38.00000000  0.32519349  40.00000000  914.76417924  0.99000000
0.14667417  38.00000000  0.14667417  40.00000000  847.64040763  0.99000000
0.00049852  37.00000000  0.00049366  40.00000000  789.40123250  0.99000000
0.00049852  37.00000000  0.00049366  40.00000000  789.40123250  0.99000000
0.56814669  38.00000000  0.56814669  40.00000000  2159.95773234  0.99000000
0.00049852  37.00000000  0.00049366  40.00000000  789.40123250  0.99000000
0.00049852  37.00000000  0.00049366  40.00000000  789.40123250  0.99000000
0.00022378  33.00000000  0.00022268  40.00000000  789.40121276  0.99000000
0.00049852  37.00000000  0.00049366  40.00000000  789.40123250  0.99000000
0.00049852  37.00000000  0.00049366  40.00000000  789.40123250  0.99000000
0.00049852  37.00000000  0.00049366  40.00000000  789.40123250  0.99000000
0.00030785  35.00000000  0.00030104  40.00000000  789.40122484  0.99000000
0.00049852  37.00000000  0.00049366  40.00000000  789.40123250  0.99000000
0.00049852  37.00000000  0.00049366  40.00000000  789.40123250  0.99000000
0.00049852  37.00000000  0.00049366  40.00000000  789.40123250  0.99000000
0.00049852  37.00000000  0.00049366  40.00000000  789.40123250  0.99000000
0.00049852  37.00000000  0.00049366  40.00000000  789.40123250  0.99000000
0.00049852  37.00000000  0.00049366  40.00000000  789.40123250  0.99000000
0.00049852  37.00000000  0.00049366  40.00000000  789.40123250  0.99000000
0.00049852  37.00000000  0.00049366  40.00000000  789.40123250  0.99000000
0.00049852  37.00000000  0.00049366  40.00000000  789.40123250  0.99000000
0.00049852  37.00000000  0.00049366  40.00000000  789.40123250  0.99000000
0.00049852  37.00000000  0.00049366  40.00000000  789.40123250  0.99000000
0.00049852  37.00000000  0.00049366  40.00000000  789.40123250  0.99000000
0.00022272  33.00000000  0.00022151  40.00000000  789.40121271  0.99000000
0.00049852  37.00000000  0.00049366  40.00000000  789.40123250  0.99000000
0.00049852  37.00000000  0.00049366  40.00000000  789.40123250  0.99000000
0.00049852  37.00000000  0.00049366  40.00000000  789.40123250  0.99000000
0.00049852  37.00000000  0.00049366  40.00000000  789.40123250  0.99000000
0.00049852  37.00000000  0.00049366  40.00000000  789.40123250  0.99000000
0.00049852  37.00000000  0.00049366  40.00000000  789.40123250  0.99000000
0.00049852  37.00000000  0.00049366  40.00000000  789.40123250  0.99000000
0.00078147  38.00000000  0.00078147  40.00000000  791.10940114  0.99000000
0.00049852  37.00000000  0.00049366  40.00000000  789.40123250  0.99000000
0.44177616  38.00000000  0.44177616  40.00000000  974.60675164  0.99000000
0.00049852  37.00000000  0.00049366  40.00000000  789.40123250  0.99000000
0.00049852  37.00000000  0.00049366  40.00000000  789.40123250  0.99000000
0.00049852  37.00000000  0.00049366  40.00000000  789.40123250  0.99000000
0.00049852  37.00000000  0.00049366  40.00000000  789.40123250  0.99000000
0.00049852  37.00000000  0.00049366  40.00000000  789.40123250  0.99000000
0.14486890  35.00000000  0.10445901  40.00000000  1060.85152564  0.99000000
0.00049852  37.00000000  0.00049366  40.00000000  789.40123250  0.99000000
0.00049852  37.00000000  0.00049366  40.00000000  789.40123250  0.99000000
0.00049852  37.00000000  0.00049366  40.00000000  789.40123250  0.99000000
0.00049852  37.00000000  0.00049366  40.00000000  789.40123250  0.99000000
0.00049852  37.00000000  0.00049366  40.00000000  789.40123250  0.99000000
0.00049852  37.00000000  0.00049366  40.00000000  789.40123250  0.99000000
0.00049852  37.00000000  0.00049366  40.00000000  789.40123250  0.99000000
0.01891582  38.00000000  0.01891582  40.00000000  803.57335322  0.99000000
0.00049852  37.00000000  0.00049366  40.00000000  789.40123250  0.99000000
0.00049852  37.00000000  0.00049366  40.00000000  789.40123250  0.99000000
0.00049852  37.00000000  0.00049366  40.00000000  789.40123250  0.99000000
0.00049852  37.00000000  0.00049366  40.00000000  789.40123250  0.99000000
0.00026667  34.00000000  0.00026001  40.00000000  789.40121636  0.99000000
0.00046878  38.00000000  0.00046878  40.00000000  789.40123509  0.99000000
0.15265736  38.00000000  0.15265736  40.00000000  848.39822190  0.99000000
0.00049852  37.00000000  0.00049366  40.00000000  789.40123250  0.99000000
0.00049852  37.00000000  0.00049366  40.00000000  789.40123250  0.99000000
0.51609769  34.00000000  0.21576999  40.00000000  1653.64967727  0.99000000
0.00049852  37.00000000  0.00049366  40.00000000  789.40123250  0.99000000
0.00049852  37.00000000  0.00049366  40.00000000  789.40123250  0.99000000
0.00049852  37.00000000  0.00049366  40.00000000  789.40123250  0.99000000
0.00123311  38.00000000  0.00123311  40.00000000  790.05479859  0.99000000
0.00049852  37.00000000  0.00049366  40.00000000  789.40123250  0.99000000
0.00012453  37.00000000  0.00009177  40.00000000  789.40119586  0.99000000
0.00049852  37.00000000  0.00049366  40.00000000  789.40123250  0.99000000
0.00049852  37.00000000  0.00049366  40.00000000  789.40123250  0.99000000
0.00049852  37.00000000  0.00049366  40.00000000  789.40123250  0.99000000
0.00049852  37.00000000  0.00049366  40.00000000  789.40123250  0.99000000
0.00049852  37.00000000  0.00049366  40.00000000  789.40123250  0.99000000
0.00049852  37.00000000  0.00049366  40.00000000  789.40123250  0.99000000
0.01892895  38.00000000  0.01892895  40.00000000  803.56517749  0.99000000
0.00049852  37.00000000  0.00049366  40.00000000  789.40123250  0.99000000
0.00049852  37.00000000  0.00049366  40.00000000  789.40123250  0.99000000
0.00049852  37.00000000  0.00049366  40.00000000  789.40123250  0.99000000
0.00049852  37.00000000  0.00049366  40.00000000  789.40123250  0.99000000
0.00049148  38.00000000  0.00049148  40.00000000  789.40123344  0.99000000
0.00049852  37.00000000  0.00049366  40.00000000  789.40123250  0.99000000
0.00049852  37.00000000  0.00049366  40.00000000  789.40123250  0.99000000
0.00049852  37.00000000  0.00049366  40.00000000  789.40123250  0.99000000
0.00049852  37.00000000  0.00049366  40.00000000  789.40123250  0.99000000
0.01891048  38.00000000  0.01891048  40.00000000  803.57466647  0.99000000
0.00049852  37.00000000  0.00049366  40.00000000  789.40123250  0.99000000
0.00049852  37.00000000  0.00049366  40.00000000  789.40123250  0.99000000
0.66059688  38.00000000  0.66059688  40.00000000  2430.56462054  0.99000000
0.00049852  37.00000000  0.00049366  40.00000000  789.40123250  0.99000000
0.56813482  38.00000000  0.56813482  40.00000000  2159.96018426  0.99000000
0.00049852  37.00000000  0.00049366  40.00000000  789.40123250  0.99000000
0.00049852  37.00000000  0.00049366  40.00000000  789.40123250  0.99000000
0.44705464  36.00000000  0.26167462  40.00000000  1216.73572783  0.99000000
0.00049852  37.00000000  0.00049366  40.00000000  789.40123250  0.99000000
0.00049852  37.00000000  0.00049366  40.00000000  789.40123250  0.99000000
0.00049852  37.00000000  0.00049366  40.00000000  789.40123250  0.99000000
0.00049852  37.00000000  0.00049366  40.00000000  789.40123250  0.99000000
0.00049852  37.00000000  0.00049366  40.00000000  789.40123250  0.99000000
0.00049852  37.00000000  0.00049366  40.00000000  789.40123250  0.99000000
0.00049852  37.00000000  0.00049366  40.00000000  789.40123250  0.99000000
0.00049852  37.00000000  0.00049366  40.00000000  789.40123250  0.99000000
0.00049852  37.00000000  0.00049366  40.00000000  789.40123250  0.99000000
0.00049852  37.00000000  0.00049366  40.00000000  789.40123259  0.99000000
0.00049852  37.00000000  0.00049366  40.00000000  789.40123250  0.99000000
0.80225931  38.00000000  0.80225931  40.00000000  1906.72657576  0.99000000
0.00049852  37.00000000  0.00049366  40.00000000  789.40123250  0.99000000
0.00049852  37.00000000  0.00049366  40.00000000  789.40123250  0.99000000
0.00049852  37.00000000  0.00049366  40.00000000  789.40123250  0.99000000
0.00049852  37.00000000  0.00049366  40.00000000  789.40123250  0.99000000
0.00049852  37.00000000  0.00049366  40.00000000  789.40123250  0.99000000
0.44169895  32.00000000  0.43510750  40.00000000  1870.08641097  0.99000000
0.00049852  37.00000000  0.00049366  40.00000000  789.40123250  0.99000000
0.00049852  37.00000000  0.00049366  40.00000000  789.40123250  0.99000000
0.73199481  38.00000000  0.73199481  40.00000000  2822.35768595  0.99000000
0.00049852  37.00000000  0.00049366  40.00000000  789.40123250  0.99000000
0.00049852  37.00000000  0.00049366  40.00000000  789.40123250  0.99000000
0.00049852  37.00000000  0.00049366  40.00000000  789.40123250  0.99000000
0.00049852  37.00000000  0.00049366  40.00000000  789.40123250  0.99000000
0.00049852  37.00000000  0.00049366  40.00000000  789.40123250  0.99000000
0.00049852  37.00000000  0.00049366  40.00000000  789.40123250  0.99000000
0.00049852  37.00000000  0.00049366  40.00000000  789.40123250  0.99000000
0.00049852  37.00000000  0.00049366  40.00000000  789.40123250  0.99000000
0.00049852  37.00000000  0.00049366  40.00000000  789.40123250  0.99000000
0.00049852  37.00000000  0.00049366  40.00000000  789.40123250  0.99000000
0.00015003  37.00000000  0.00013638  40.00000000  789.40120017  0.99000000
0.00049852  37.00000000  0.00049366  40.00000000  789.40123250  0.99000000
0.00049852  37.00000000  0.00049366  40.00000000  789.40123250  0.99000000
0.00080545  36.00000000  0.00051796  40.00000000  961.27274346  0.99000000
0.56198968  38.00000000  0.56198968  40.00000000  2156.29775418  0.99000000
0.00049852  37.00000000  0.00049366  40.00000000  789.40123250  0.99000000
0.00049852  37.00000000  0.00049366  40.00000000  789.40123250  0.99000000
0.00049852  37.00000000  0.00049366  40.00000000  789.40123250  0.99000000
0.00049852  37.00000000  0.00049366  40.00000000  789.40123250  0.99000000
0.00049852  37.00000000  0.00049366  40.00000000  789.40123250  0.99000000
0.00049852  37.00000000  0.00049366  40.00000000  789.40123250  0.99000000
0.00049852  37.00000000  0.00049366  40.00000000  789.40123250  0.99000000
0.00049852  37.00000000  0.00049366  40.00000000  789.40123250  0.99000000
0.00045388  36.00000000  0.00044814  40.00000000  789.40123326  0.99000000
0.00049852  37.00000000  0.00049366  40.00000000  789.40123250  0.99000000
0.00049852  37.00000000  0.00049366  40.00000000  789.40123250  0.99000000
0.00049852  37.00000000  0.00049366  40.00000000  789.40123250  0.99000000
0.00049852  37.00000000  0.00049366  40.00000000  789.40123250  0.99000000
0.00049852  37.00000000  0.00049366  40.00000000  789.40123250  0.99000000
0.00049852  37.00000000  0.00049366  40.00000000  789.40123250  0.99000000
0.44424553  37.00000000  0.34853292  40.00000000  1117.75109283  0.99000000
0.00049852  37.00000000  0.00049366  40.00000000  789.40123250  0.99000000
0.44415192  37.00000000  0.34846754  40.00000000  1117.73499988  0.99000000
0.00049852  37.00000000  0.00049366  40.00000000  789.40123250  0.99000000
0.00049852  37.00000000  0.00049366  40.00000000  789.40123250  0.99000000
0.00049852  37.00000000  0.00049366  40.00000000  789.40123250  0.99000000
0.22950457  32.00000000  0.12116029  40.00000000  1425.98910157  0.99000000
0.00049852  37.00000000  0.00049366  40.00000000  789.40123250  0.99000000
0.44168160  32.00000000  0.43510591  40.00000000  1870.09236231  0.99000000
0.00049852  37.00000000  0.00049366  40.00000000  789.40123250  0.99000000
0.00049852  37.00000000  0.00049366  40.00000000  789.40123250  0.99000000
0.44177616  38.00000000  0.44177616  40.00000000  974.60675164  0.99000000
0.00049852  37.00000000  0.00049366  40.00000000  789.40123250  0.99000000
0.00049852  37.00000000  0.00049366  40.00000000  789.40123250  0.99000000
0.22487659  38.00000000  0.22487659  40.00000000  876.09375758  0.99000000
0.00049852  37.00000000  0.00049366  40.00000000  789.40123250  0.99000000
0.00049852  37.00000000  0.00049366  40.00000000  789.40123250  0.99000000
0.00049852  37.00000000  0.00049366  40.00000000  789.40123250  0.99000000
0.00049852  37.00000000  0.00049366  40.00000000  789.40123250  0.99000000
0.00049852  37.00000000  0.00049366  40.00000000  789.40123250  0.99000000
0.00049852  37.00000000  0.00049366  40.00000000  789.40123250  0.99000000
0.43750574  34.00000000  0.18993247  40.00000000  1472.41407124  0.99000000
0.00072975  38.00000000  0.00072975  40.00000000  791.10809109  0.99000000
0.00049852  37.00000000  0.00049366  40.00000000  789.40123250  0.99000000
0.00049852  37.00000000  0.00049366  40.00000000  789.40123250  0.99000000
0.00031042  37.00000000  0.00030022  40.00000000  789.40122490  0.99000000
0.56813870  38.00000000  0.56813870  40.00000000  2159.95989874  0.99000000
0.00049852  37.00000000  0.00049366  40.00000000  789.40123250  0.99000000
0.00047653  37.00000000  0.00047112  40.00000000  789.40123346  0.99000000
0.00049852  37.00000000  0.00049366  40.00000000  789.40123250  0.99000000
0.00049537  38.00000000  0.00049537  40.00000000  933.00903520  0.99000000
0.00049852  37.00000000  0.00049366  40.00000000  789.40123250  0.99000000
0.00049852  37.00000000  0.00049366  40.00000000  789.40123250  0.99000000
0.00049852  37.00000000  0.00049366  40.00000000  789.40123250  0.99000000
0.00005777  38.00000000  0.00005777  40.00000000  789.51736385  0.99000000
0.23034923  33.00000000  0.10338565  40.00000000  1276.09826959  0.99000000
0.23323480  38.00000000  0.23323480  40.00000000  877.35152897  0.99000000
0.00038494  37.00000000  0.00037375  40.00000000  789.40122310  0.99000000
0.00036904  37.00000000  0.00022701  40.00000000  895.44979728  0.99000000
0.00009679  37.00000000  0.00005147  40.00000000  791.10931315  0.99000000
0.43159915  38.00000000  0.43159915  40.00000000  971.69091229  0.99000000
0.00049852  37.00000000  0.00049366  40.00000000  789.40123250  0.99000000
0.00049852  37.00000000  0.00049366  40.00000000  789.40123250  0.99000000
0.00049852  37.00000000  0.00049366  40.00000000  789.40123250  0.99000000
0.00049852  37.00000000  0.00049366  40.00000000  789.40123250  0.99000000
0.00049852  37.00000000  0.00049366  40.00000000  789.40123250  0.99000000
0.00016188  38.00000000  0.00016188  40.00000000  789.40120112  0.99000000
0.00049852  37.00000000  0.00049366  40.00000000  789.40123250  0.99000000
0.76020333  38.00000000  0.76020333  40.00000000  3198.51606281  0.99000000
0.00049852  37.00000000  0.00049366  40.00000000  789.40123250  0.99000000
0.00049852  37.00000000  0.00049366  40.00000000  789.40123250  0.99000000
0.00049852  37.00000000  0.00049366  40.00000000  789.40123250  0.99000000
0.00018462  34.00000000  0.00016818  40.00000000  789.40120643  0.99000000
0.00049852  37.00000000  0.00049366  40.00000000  789.40123250  0.99000000
0.00007420  38.00000000  0.00007420  40.00000000  789.51660568  0.99000000
0.00049852  37.00000000  0.00049366  40.00000000  789.40123250  0.99000000
0.00049852  37.00000000  0.00049366  40.00000000  789.40123250  0.99000000
0.01855552  38.00000000  0.01855552  40.00000000  803.55533326  0.99000000
0.00049852  37.00000000  0.00049366  40.00000000  789.40123250  0.99000000
0.00049852  37.00000000  0.00049366  40.00000000  789.40123250  0.99000000
0.00049852  37.00000000  0.00049366  40.00000000  789.40123250  0.99000000
0.00049852  37.00000000  0.00049366  40.00000000  789.40123250  0.99000000
0.00049852  37.00000000  0.00049366  40.00000000  789.40123250  0.99000000
0.00049852  37.00000000  0.00049366  40.00000000  789.40123250  0.99000000
0.00049852  37.00000000  0.00049366  40.00000000  789.40123250  0.99000000
0.00049852  37.00000000  0.00049366  40.00000000  789.40123250  0.99000000
0.00049852  37.00000000  0.00049366  40.00000000  789.40123250  0.99000000
0.00049852  37.00000000  0.00049366  40.00000000  789.40123250  0.99000000
0.00049852  37.00000000  0.00049366  40.00000000  789.40123250  0.99000000
0.00049852  37.00000000  0.00049366  40.00000000  789.40123250  0.99000000
0.00049852  37.00000000  0.00049366  40.00000000  789.40123250  0.99000000
0.00049852  37.00000000  0.00049366  40.00000000  789.40123250  0.99000000
0.00049852  37.00000000  0.00049366  40.00000000  789.40123250  0.99000000
0.00049852  37.00000000  0.00049366  40.00000000  789.40123250  0.99000000
0.00049852  37.00000000  0.00049366  40.00000000  789.40123250  0.99000000
0.00036015  38.00000000  0.00036015  40.00000000  972.22957047  0.99000000
0.00049852  37.00000000  0.00049366  40.00000000  789.40123250  0.99000000
0.08664354  38.00000000  0.08664354  40.00000000  826.36620838  0.99000000
0.00049852  37.00000000  0.00049366  40.00000000  789.40123250  0.99000000
0.00045298  36.00000000  0.00044815  40.00000000  789.40123557  0.99000000
0.00049852  37.00000000  0.00049366  40.00000000  789.40123250  0.99000000
0.00049852  37.00000000  0.00049366  40.00000000  789.40123250  0.99000000
0.00049852  37.00000000  0.00049366  40.00000000  789.40123250  0.99000000
0.00030969  35.00000000  0.00030236  40.00000000  789.40122149  0.99000000
0.00039232  38.00000000  0.00039232  40.00000000  789.40123033  0.99000000
0.00049852  37.00000000  0.00049366  40.00000000  789.40123250  0.99000000
0.00049852  37.00000000  0.00049366  40.00000000  789.40123250  0.99000000
0.00021751  38.00000000  0.00021751  40.00000000  789.40121189  0.99000000
0.75987088  38.00000000  0.75987088  40.00000000  3198.38592962  0.99000000
0.00049852  37.00000000  0.00049366  40.00000000  789.40123250  0.99000000
0.00049852  37.00000000  0.00049366  40.00000000  789.40123250  0.99000000
0.00049852  37.00000000  0.00049366  40.00000000  789.40123250  0.99000000
0.44133862  33.00000000  0.31103135  40.00000000  1647.87906155  0.99000000
0.00049852  37.00000000  0.00049366  40.00000000  789.40123250  0.99000000
0.00049852  37.00000000  0.00049366  40.00000000  789.40123250  0.99000000
0.08836475  38.00000000  0.08836475  40.00000000  826.44912757  0.99000000
0.00125970  38.00000000  0.00125970  40.00000000  791.11360496  0.99000000
0.00049852  37.00000000  0.00049366  40.00000000  789.40123250  0.99000000
0.00049852  37.00000000  0.00049366  40.00000000  789.40123250  0.99000000
0.00049852  37.00000000  0.00049366  40.00000000  789.40123250  0.99000000
0.00049852  37.00000000  0.00049366  40.00000000  789.40123250  0.99000000
0.00049868  38.00000000  0.00049868  40.00000000  789.40123309  0.99000000
0.00049852  37.00000000  0.00049366  40.00000000  789.40123250  0.99000000
0.00049852  37.00000000  0.00049366  40.00000000  789.40123250  0.99000000
0.00049852  37.00000000  0.00049366  40.00000000  789.40123250  0.99000000
0.00034258  31.00000000  0.00034223  40.00000000  789.40122837  0.99000000
0.00026712  36.00000000  0.00026193  40.00000000  789.40121875  0.99000000
0.00049852  37.00000000  0.00049366  40.00000000  789.40123250  0.99000000
0.00049852  37.00000000  0.00049366  40.00000000  789.40123250  0.99000000
0.00049852  37.00000000  0.00049366  40.00000000  789.40123250  0.99000000
0.00049852  37.00000000  0.00049366  40.00000000  789.40123250  0.99000000
0.00049852  37.00000000  0.00049366  40.00000000  789.40123250  0.99000000
0.00049852  37.00000000  0.00049366  40.00000000  789.40123250  0.99000000
0.22487652  38.00000000  0.22487652  40.00000000  876.10123403  0.99000000
0.00049852  37.00000000  0.00049366  40.00000000  789.40123250  0.99000000
0.00469879  38.00000000  0.00469879  40.00000000  797.48471978  0.99000000
0.73199474  38.00000000  0.73199474  40.00000000  2822.35780307  0.99000000
0.00049852  37.00000000  0.00049366  40.00000000  789.40123250  0.99000000
0.00049852  37.00000000  0.00049366  40.00000000  789.40123250  0.99000000
0.00022378  33.00000000  0.00022268  40.00000000  789.40121276  0.99000000
0.00049852  37.00000000  0.00049366  40.00000000  789.40123250  0.99000000
0.00049852  37.00000000  0.00049366  40.00000000  789.40123250  0.99000000
0.32499021  38.00000000  0.32499021  40.00000000  914.81027123  0.99000000
0.01822487  38.00000000  0.01822487  40.00000000  803.54852500  0.99000000
0.00049852  37.00000000  0.00049366  40.00000000  789.40123250  0.99000000
0.75986730  38.00000000  0.75986730  40.00000000  3198.38395216  0.99000000
0.00049852  37.00000000  0.00049366  40.00000000  789.40123250  0.99000000
0.00049852  37.00000000  0.00049366  40.00000000  789.40123250  0.99000000
0.00049852  37.00000000  0.00049366  40.00000000  789.40123250  0.99000000
0.00049852  37.00000000  0.00049366  40.00000000  789.40123250  0.99000000
0.44265061  37.00000000  0.34761058  40.00000000  1117.39871266  0.99000000
0.00049852  37.00000000  0.00049366  40.00000000  789.40123250  0.99000000
0.00049852  37.00000000  0.00049366  40.00000000  789.40123250  0.99000000
0.00007451  38.00000000  0.00007451  40.00000000  789.51602727  0.99000000
0.00049852  37.00000000  0.00049366  40.00000000  789.40123250  0.99000000
0.00049852  37.00000000  0.00049366  40.00000000  789.40123250  0.99000000
0.44168189  32.00000000  0.43510582  40.00000000  1870.09248798  0.99000000
0.00046362  37.00000000  0.00045765  40.00000000  789.40123715  0.99000000
0.00022492  38.00000000  0.00022492  40.00000000  789.40121280  0.99000000
0.00049852  37.00000000  0.00049366  40.00000000  789.40123250  0.99000000
0.00049852  37.00000000  0.00049366  40.00000000  789.40123250  0.99000000
0.00049852  37.00000000  0.00049366  40.00000000  789.40123250  0.99000000
0.00049852  37.00000000  0.00049366  40.00000000  789.40123250  0.99000000
0.06540317  29.00000000  0.04323948  40.00000000  1244.33482748  0.99000000
0.00047631  37.00000000  0.00047132  40.00000000  789.40123574  0.99000000
0.00049852  37.00000000  0.00049366  40.00000000  789.40123250  0.99000000
0.00049852  37.00000000  0.00049366  40.00000000  789.40123250  0.99000000
0.00049852  37.00000000  0.00049366  40.00000000  789.40123250  0.99000000
0.00049852  37.00000000  0.00049366  40.00000000  789.40123250  0.99000000
0.00007445  38.00000000  0.00007445  40.00000000  789.51651891  0.99000000
0.00042438  38.00000000  0.00042438  40.00000000  789.40123525  0.99000000
0.00049852  37.00000000  0.00049366  40.00000000  789.40123250  0.99000000
0.00017045  38.00000000  0.00017045  40.00000000  803.69919673  0.99000000
0.04683783  38.00000000  0.04683783  40.00000000  814.07660998  0.99000000
0.00049852  37.00000000  0.00049366  40.00000000  789.40123250  0.99000000
0.00049852  37.00000000  0.00049366  40.00000000  789.40123250  0.99000000
0.00049852  37.00000000  0.00049366  40.00000000  789.40123250  0.99000000
0.00049852  37.00000000  0.00049366  40.00000000  789.40123250  0.99000000
0.00049852  37.00000000  0.00049366  40.00000000  789.40123250  0.99000000
0.00049852  37.00000000  0.00049366  40.00000000  789.40123250  0.99000000
0.00049759  37.00000000  0.00049456  40.00000000  789.40123378  0.99000000
0.01892896  38.00000000  0.01892896  40.00000000  803.56519445  0.99000000
0.00049852  37.00000000  0.00049366  40.00000000  789.40123250  0.99000000
0.00049852  37.00000000  0.00049366  40.00000000  789.40123250  0.99000000
0.44015770  38.00000000  0.44015770  40.00000000  1034.68953481  0.99000000
0.00018462  34.00000000  0.00016818  40.00000000  789.40120643  0.99000000
0.00049852  37.00000000  0.00049366  40.00000000  789.40123250  0.99000000
0.00049852  37.00000000  0.00049366  40.00000000  789.40123250  0.99000000
0.00049852  37.00000000  0.00049366  40.00000000  789.40123250  0.99000000
0.00049852  37.00000000  0.00049366  40.00000000  789.40123250  0.99000000
0.00049852  37.00000000  0.00049366  40.00000000  789.40123250  0.99000000
0.00049852  37.00000000  0.00049366  40.00000000  789.40123250  0.99000000
0.00026667  34.00000000  0.00026001  40.00000000  789.40121636  0.99000000
0.00049852  37.00000000  0.00049366  40.00000000  789.40123250  0.99000000
0.00039086  37.00000000  0.00037845  40.00000000  789.40123297  0.99000000
0.00089429  37.00000000  0.00060072  40.00000000  793.70130937  0.99000000
0.00049852  37.00000000  0.00049366  40.00000000  789.40123250  0.99000000
0.00049852  37.00000000  0.00049366  40.00000000  789.40123250  0.99000000
0.00049852  37.00000000  0.00049366  40.00000000  789.40123250  0.99000000
0.00049852  37.00000000  0.00049366  40.00000000  789.40123250  0.99000000
0.00049852  37.00000000  0.00049366  40.00000000  789.40123250  0.99000000
0.00049852  37.00000000  0.00049366  40.00000000  789.40123250  0.99000000
0.00049852  37.00000000  0.00049366  40.00000000  789.40123250  0.99000000
0.43820600  35.00000000  0.17946476  40.00000000  1318.57832027  0.99000000
0.00049852  37.00000000  0.00049366  40.00000000  789.40123250  0.99000000
0.00007597  36.00000000  0.00007260  40.00000000  789.40119010  0.99000000
0.01126259  38.00000000  0.01126259  40.00000000  803.55295664  0.99000000
0.00049852  37.00000000  0.00049366  40.00000000  789.40123250  0.99000000
0.00049852  37.00000000  0.00049366  40.00000000  789.40123250  0.99000000
0.00049852  37.00000000  0.00049366  40.00000000  789.40123250  0.99000000
0.00049852  37.00000000  0.00049366  40.00000000  789.40123250  0.99000000
0.00030969  35.00000000  0.00030236  40.00000000  789.40122149  0.99000000
0.00049852  37.00000000  0.00049366  40.00000000  789.40123250  0.99000000
0.00049868  38.00000000  0.00049868  40.00000000  789.40123309  0.99000000
0.00049852  37.00000000  0.00049366  40.00000000  789.40123250  0.99000000
0.00049852  37.00000000  0.00049366  40.00000000  789.40123250  0.99000000
0.00049852  37.00000000  0.00049366  40.00000000  789.40123250  0.99000000
0.00049852  37.00000000  0.00049366  40.00000000  789.40123250  0.99000000
0.00049852  37.00000000  0.00049366  40.00000000  789.40123250  0.99000000
0.00049852  37.00000000  0.00049366  40.00000000  789.40123250  0.99000000
0.44015770  38.00000000  0.44015770  40.00000000  1034.68953481  0.99000000
0.75986737  38.00000000  0.75986737  40.00000000  3198.38400719  0.99000000
0.00371115  38.00000000  0.00371115  40.00000000  791.11149656  0.99000000
0.00049852  37.00000000  0.00049366  40.00000000  789.40123250  0.99000000
0.00049852  37.00000000  0.00049366  40.00000000  789.40123250  0.99000000
0.00049852  37.00000000  0.00049366  40.00000000  789.40123250  0.99000000
0.00012847  37.00000000  0.00009445  40.00000000  789.40119634  0.99000000
0.00049852  37.00000000  0.00049366  40.00000000  789.40123250  0.99000000
0.00049852  37.00000000  0.00049366  40.00000000  789.40123250  0.99000000
0.00045386  36.00000000  0.00044824  40.00000000  789.40123555  0.99000000
0.00049852  37.00000000  0.00049366  40.00000000  789.40123250  0.99000000
0.00049852  37.00000000  0.00049366  40.00000000  789.40123250  0.99000000
0.00049852  37.00000000  0.00049366  40.00000000  789.40123250  0.99000000
0.00049852  37.00000000  0.00049366  40.00000000  789.40123250  0.99000000
0.00049852  37.00000000  0.00049366  40.00000000  789.40123250  0.99000000
0.00049852  37.00000000  0.00049366  40.00000000  789.40123250  0.99000000
0.00049852  37.00000000  0.00049366  40.00000000  789.40123250  0.99000000
0.00049852  37.00000000  0.00049366  40.00000000  789.40123250  0.99000000
0.00643864  38.00000000  0.00643864  40.00000000  895.45375119  0.99000000
0.00049852  37.00000000  0.00049366  40.00000000  789.40123250  0.99000000
0.00049852  37.00000000  0.00049366  40.00000000  789.40123250  0.99000000
0.43223931  33.00000000  0.30647660  40.00000000  1638.02597511  0.99000000
0.32291470  38.00000000  0.32291470  40.00000000  914.53939866  0.99000000
0.00049852  37.00000000  0.00049366  40.00000000  789.40123250  0.99000000
0.00064566  38.00000000  0.00064566  40.00000000  790.05315749  0.99000000
0.00049852  37.00000000  0.00049366  40.00000000  789.40123250  0.99000000
0.00049852  37.00000000  0.00049366  40.00000000  789.40123250  0.99000000
0.00049852  37.00000000  0.00049366  40.00000000  789.40123250  0.99000000
0.32291470  38.00000000  0.32291470  40.00000000  914.53939866  0.99000000
0.00049852  37.00000000  0.00049366  40.00000000  789.40123250  0.99000000
0.00046878  38.00000000  0.00046878  40.00000000  789.40123509  0.99000000
0.00049852  37.00000000  0.00049366  40.00000000  789.40123250  0.99000000
0.00049852  37.00000000  0.00049366  40.00000000  789.40123250  0.99000000
0.44570003  36.00000000  0.26169607  40.00000000  1216.47062375  0.99000000
0.00026354  36.00000000  0.00025961  40.00000000  789.40121729  0.99000000
0.00049852  37.00000000  0.00049366  40.00000000  789.40123250  0.99000000
0.00038494  37.00000000  0.00037375  40.00000000  789.40122310  0.99000000
0.00049852  37.00000000  0.00049366  40.00000000  789.40123250  0.99000000
0.00049852  37.00000000  0.00049366  40.00000000  789.40123250  0.99000000
0.00049852  37.00000000  0.00049366  40.00000000  789.40123250  0.99000000
0.56813482  38.00000000  0.56813482  40.00000000  2159.96018426  0.99000000
0.00049852  37.00000000  0.00049366  40.00000000  789.40123250  0.99000000
0.00022495  38.00000000  0.00022495  40.00000000  789.40121046  0.99000000
0.00123834  38.00000000  0.00123834  40.00000000  1148.86233990  0.99000000
0.06417627  37.00000000  0.06377561  40.00000000  2992.70224305  0.99000000
0.10048929  34.00000000  0.07211324  40.00000000  2520.57122605  0.99000000
0.88827787  33.00000000  0.50734668  40.00000000  3216.95449915  0.99000000
0.18245400  28.00000000  0.15210125  40.00000000  3047.18760860  0.99000000
0.45385879  35.00000000  0.45263897  40.00000000  3018.85718285  0.99000000
0.06650145  37.00000000  0.06478057  40.00000000  2935.56322569  0.99000000
0.00311786  38.00000000  0.00311786  40.00000000  2294.10520143  0.99000000
0.05948036  38.00000000  0.05948036  40.00000000  2656.50959572  0.99000000
0.08896097  38.00000000  0.08896097  40.00000000  2055.98162255  0.99000000
0.00124693  30.00000000  0.00106911  40.00000000  1477.86367835  0.99000000
0.00102100  34.00000000  0.00082732  40.00000000  1584.96133671  0.99000000
0.63508433  38.00000000  0.63508433  40.00000000  2752.47116432  0.99000000
0.58364424  36.00000000  0.54203485  40.00000000  3047.97886797  0.99000000
0.00012317  29.00000000  0.00010429  40.00000000  1479.73488147  0.99000000
0.00026897  32.00000000  0.00014745  40.00000000  2656.08639860  0.99000000
0.08921209  38.00000000  0.08921209  40.00000000  2317.51057593  0.99000000
0.00237615  33.00000000  0.00118046  40.00000000  2319.15818025  0.99000000
0.00025633  31.00000000  0.00021252  40.00000000  2656.08640175  0.99000000
0.00027118  32.00000000  0.00015799  40.00000000  2656.08640042  0.99000000
0.00404927  38.00000000  0.00404927  40.00000000  2656.08787606  0.99000000
0.00112170  38.00000000  0.00112170  40.00000000  2656.38363495  0.99000000
0.01098163  38.00000000  0.01098163  40.00000000  2656.09672964  0.99000000
0.01606099  38.00000000  0.01606099  40.00000000  2659.42989510  0.99000000
0.09786103  38.00000000  0.09786103  40.00000000  2660.38804997  0.99000000
0.11757352  38.00000000  0.11757352  40.00000000  2657.76511098  0.99000000
0.03216683  36.00000000  0.02299240  40.00000000  2656.47629239  0.99000000
0.04624769  38.00000000  0.04624769  40.00000000  2658.11030889  0.99000000
0.37962450  36.00000000  0.34320920  40.00000000  2976.71948160  0.99000000
0.00022003  30.00000000  0.00020754  40.00000000  2656.08640507  0.99000000
0.06816512  38.00000000  0.06816512  40.00000000  2656.63449036  0.99000000
0.00027674  32.00000000  0.00013025  40.00000000  2656.08639977  0.99000000
0.01098163  38.00000000  0.01098163  40.00000000  2656.09672964  0.99000000
0.02301182  38.00000000  0.02301182  40.00000000  2657.06029261  0.99000000
0.00329885  38.00000000  0.00329885  40.00000000  2656.08757467  0.99000000
0.02374004  38.00000000  0.02374004  40.00000000  2667.02685689  0.99000000
0.00200903  38.00000000  0.00200903  40.00000000  2656.08700064  0.99000000
0.00040904  34.00000000  0.00031383  40.00000000  2656.08642760  0.99000000
0.09989493  34.00000000  0.08461777  40.00000000  2518.43481473  0.99000000
0.00032034  38.00000000  0.00032034  40.00000000  2656.08641667  0.99000000
0.02637642  38.00000000  0.02637642  40.00000000  2656.15371511  0.99000000
0.06063811  38.00000000  0.06063811  40.00000000  2656.50279999  0.99000000
0.01149972  38.00000000  0.01149972  40.00000000  2656.10961346  0.99000000
0.04718747  38.00000000  0.04718747  40.00000000  2656.77691920  0.99000000
0.00089683  38.00000000  0.00089683  40.00000000  2656.08654016  0.99000000
0.00061255  37.00000000  0.00054395  40.00000000  2656.38357398  0.99000000
0.06006871  38.00000000  0.06006871  40.00000000  2661.76344921  0.99000000
0.09894526  38.00000000  0.09894526  40.00000000  2657.73462219  0.99000000
0.14432666  38.00000000  0.14432666  40.00000000  2661.77312730  0.99000000
0.10381003  38.00000000  0.10381003  40.00000000  2657.99116541  0.99000000
0.01306236  37.00000000  0.01073478  40.00000000  2657.97110361  0.99000000
0.00038692  38.00000000  0.00038692  40.00000000  2656.40283901  0.99000000
0.03168747  38.00000000  0.03168747  40.00000000  2657.72316967  0.99000000
0.08174957  36.00000000  0.06234934  40.00000000  2659.97505236  0.99000000
0.33656585  38.00000000  0.33656585  40.00000000  2854.84303382  0.99000000
0.00010915  30.00000000  0.00002913  40.00000000  2658.82785007  0.99000000
0.02615657  38.00000000  0.02615657  40.00000000  2949.99080161  0.99000000
0.00015653  38.00000000  0.00015653  40.00000000  1357.16185759  0.99000000
0.00019314  32.00000000  0.00007381  40.00000000  2812.54347640  0.99000000
0.00010189  30.00000000  0.00002201  40.00000000  2661.52954858  0.99000000
0.00011238  32.00000000  0.00000928  40.00000000  2671.58673013  0.99000000
0.00012678  23.00000000  0.00009931  40.00000000  2659.71231660  0.99000000
0.00026400  33.00000000  0.00012749  40.00000000  2657.79831583  0.99000000
0.01954563  38.00000000  0.01954563  40.00000000  2656.44180078  0.99000000
0.00219284  38.00000000  0.00219284  40.00000000  2656.90954239  0.99000000
0.00232300  32.00000000  0.00052452  40.00000000  2658.55650095  0.99000000
0.00023233  29.00000000  0.00007812  40.00000000  2324.38127317  0.99000000
0.04714600  38.00000000  0.04714600  40.00000000  2899.79189955  0.99000000
0.06547002  38.00000000  0.06547002  40.00000000  2823.35309162  0.99000000
0.02403134  38.00000000  0.02403134  40.00000000  2940.40714990  0.99000000
0.88674378  35.00000000  0.69387451  40.00000000  3156.41157575  0.99000000
0.26863116  30.00000000  0.15408078  40.00000000  2914.61268764  0.99000000
0.93451373  34.00000000  0.65472436  40.00000000  3132.71135155  0.99000000
0.83029154  35.00000000  0.68484811  40.00000000  3143.89941138  0.99000000
0.00331625  38.00000000  0.00331625  40.00000000  2656.90998298  0.99000000
0.01218252  38.00000000  0.01218252  40.00000000  2656.92388649  0.99000000
0.00902243  37.00000000  0.00890353  40.00000000  2656.92379542  0.99000000
0.03924239  38.00000000  0.03924239  40.00000000  2653.36553454  0.99000000
0.07661599  38.00000000  0.07661599  40.00000000  2662.27291818  0.99000000
0.00425690  37.00000000  0.00344523  40.00000000  2656.91175422  0.99000000
0.01767095  38.00000000  0.01767095  40.00000000  2656.93866094  0.99000000
0.00498658  38.00000000  0.00498658  40.00000000  2656.39217108  0.99000000
0.24576413  38.00000000  0.24576413  40.00000000  2665.46030453  0.99000000
0.00301553  36.00000000  0.00271389  40.00000000  2658.14602833  0.99000000
0.92597374  34.00000000  0.62359929  40.00000000  3167.70359853  0.99000000
0.03979256  38.00000000  0.03979256  40.00000000  2662.19284304  0.99000000
0.01672411  38.00000000  0.01672411  40.00000000  2656.72675938  0.99000000
0.01464488  38.00000000  0.01464488  40.00000000  2656.42010780  0.99000000
0.00063967  38.00000000  0.00063967  40.00000000  2656.40283368  0.99000000
0.00615655  36.00000000  0.00435464  40.00000000  2683.60908555  0.99000000
0.00127503  38.00000000  0.00127503  40.00000000  2732.40788641  0.99000000
0.05964126  38.00000000  0.05964126  40.00000000  2954.94948848  0.99000000
0.17840870  38.00000000  0.17840870  40.00000000  2930.71910938  0.99000000
0.88889266  35.00000000  0.69062183  40.00000000  3151.18941360  0.99000000
0.94344066  34.00000000  0.63491372  40.00000000  3181.08098989  0.99000000
0.94260139  35.00000000  0.74134230  40.00000000  3084.62229516  0.99000000
0.87217178  36.00000000  0.81161861  40.00000000  2936.42258425  0.99000000
0.02284612  38.00000000  0.02284612  40.00000000  2663.67609302  0.99000000
0.05610248  38.00000000  0.05610248  40.00000000  2658.83483317  0.99000000
0.07558175  38.00000000  0.07558175  40.00000000  2661.96999316  0.99000000
