19
6
7
20
8
21
8
9
0
8
9
24
9
23
35
1
1
1
1
36
2
2
2
2
12
13
3
3
3
3
14
4
4
4
4
16
5
5
5
17
6
5
6
6
6
17
7
7
7
19
8
8
8
19
9
19
9
35
9
10
10
21
10
11
11
11
22
11
12
23
12
24
13
13
13
13
13
25
14
15
14
26
15
15
15
16
16
16
17
16
16
3
31
18
31
18
18
31
19
19
33
32
20
19
20
33
21
20
34
34
22
34
34
16
23
35
23
36
36
24
36
36
17
25
25
25
24
26
25
26
3
25
21
27
27
28
16
26
28
36
36
36
27
23
35
31
31
30
35
7
33
35
30
26
35
24
26
35
36
35
36
36
36
35
35
36
35
36
35
35
35
12
35
35
35
35
35
27
36
35
35
36
19
15
36
15
35
29
16
36
36
8
35
36
36
17
18
36
35
19
35
35
