2 11 6 6 6 12 0 9 12 7 6 6 11 0 9 1 2 2 11 4 6 0 5 2 9 10 8 0 7 5 10 4 2 8 12 3 3 3 9 0 6 8 10 3 2 4 10 0 3 6 2 7 5 9 8 8 10 5 10 7
6 7 6 6 10 3 9 12 6 7 11 3 3 3 9 11 0 7 9 10 10 8 9 4 2 3 3 8 8 10 10 10 10 3 1 6 6 6 6 6 12 2 6 12 3 11 0 6 6 4 11 6 4 7 1 2 0 0 3 12
6 6 6 6 6 3 6 2 6 6 6 6 6 6 6 6 6 6 6 6 6 6 3 6 3 3 3 3 3 3 3 4 10 10 10 10 6 6 6 6 6 6 6 6 6 6 6 6 6 6 6 6 6 6 6 6 3 6 6 3
0 6 9 6 2 6 6 6 12 1 11 11 6 6 6 5 6 6 6 6 6 6 10 2 8 6 2 8 7 8 12 6 8 8 3 8 8 0 6 3 2 3 3 3 3 3 3 3 2 12 7 3 3 3 12 3 3 3 3 3
6 12 8 0 6 3 6 6 8 3 3 10 5 3 3 9 0 11 1 0 10 10 6 6 5 10 12 6 4 6 6 8 9 0 4 12 4 2 5 1 1 11 11 3 4 4 3 10 9 4 5 6 5 0 9 7 9 10 8 12
12 3 7 5 10 8 7 3 7 12 10 6 7 2 1 1 2 5 1 4 5 1 6 4 3 3 1 6 0 7 5 12 5 3 11 1 7 3 7 8 2 10 0 10 1 5 7 4 4 1 8 8 7 3 5 3 0 8 3 9
1 4 6 7 10 9 11 4 0 12 4 6 5 7 3 2 6 2 8 1 11 8 11 9 7 7 10 6 11 6 12 0 9 2 11 12 6 8 0 7 2 3 10 2 4 0 3 10 1 10 5 5 3 3 1 0 0 8 4 0
12 10 8 6 1 1 8 11 6 6 4 7 8 5 8 12 8 1 1 11 12 12 10 3 10 12 5 1 12 3 2 3 12 1 3 2 2 0 2 6 12 4 2 10 8 6 8 10 11 6 11 6 12 3 1 3 6 11 2 12
7 6 8 6 6 3 8 6 6 7 0 4 3 6 6 8 3 10 3 3 9 1 6 2 6 6 6 5 6 6 6 6 6 6 6 6 0 1 3 4 0 2 12 12 4 7 1 6 7 6 12 4 3 2 5 4 3 3 3 11
3 6 0 6 6 2 6 6 6 6 2 6 6 6 6 3 6 11 6 3 6 1 0 3 3 3 3 4 10 10 10 10 6 6 10 12 6 10 0 4 10 6 6 6 6 7 3 10 10 6 10 8 9 2 3 3 5 2 3 3
