# Results obtained using DQN. CPU time: 16.050140380859375
0.01094080  58.00000000  0.01094080  60.00000000  2821.74755280  0.00000000
0.00218147  58.00000000  0.00218147  60.00000000  2573.34169009  0.00000000
0.00410871  58.00000000  0.00410871  60.00000000  1439.84688263  0.00000000
0.00178911  37.00000000  0.00083930  60.00000000  1313.85137716  0.00000000
0.00105941  54.00000000  0.00086818  60.00000000  2039.13028655  0.00000000
0.00935797  58.00000000  0.00935797  60.00000000  1814.70077416  0.00000000
0.00449482  58.00000000  0.00449482  60.00000000  2219.77788744  0.00000000
0.00011323  58.00000000  0.00011323  60.00000000  1293.79453491  0.00000000
0.00288467  58.00000000  0.00288467  60.00000000  1442.33421941  0.02281114
0.00318339  58.00000000  0.00318339  60.00000000  1240.89018962  0.06191594
0.01661091  48.00000000  0.00255211  60.00000000  2013.25643210  0.10102074
0.00078191  58.00000000  0.00078191  60.00000000  1299.14972040  0.14012555
0.01233356  58.00000000  0.01233356  60.00000000  1700.92617362  0.17923035
0.00134548  55.00000000  0.00038391  60.00000000  1321.90561900  0.21833515
0.00276770  58.00000000  0.00276770  60.00000000  1528.84349068  0.25743996
0.00007812  52.00000000  0.00003403  60.00000000  1669.55796564  0.29654476
0.00123695  58.00000000  0.00123695  60.00000000  1427.70433823  0.33564956
0.00268829  54.00000000  0.00048624  60.00000000  1352.61133018  0.37475437
0.01326336  50.00000000  0.00200834  60.00000000  1780.98627143  0.41385917
0.00391336  57.00000000  0.00347421  60.00000000  1775.37639653  0.45296397
0.01079612  58.00000000  0.01079612  60.00000000  1683.16571486  0.49206878
0.00266935  57.00000000  0.00241470  60.00000000  1681.11071435  0.53117358
0.00467015  58.00000000  0.00467015  60.00000000  1303.04274919  0.57027839
0.00163818  58.00000000  0.00163818  60.00000000  1749.31791523  0.60938319
0.00100897  51.00000000  0.00014429  60.00000000  1885.48259953  0.64848799
0.00275080  39.00000000  0.00011887  60.00000000  1565.14675816  0.68759280
0.00876714  58.00000000  0.00876714  60.00000000  1643.54010190  0.72669760
0.00025092  58.00000000  0.00025092  60.00000000  1592.72787132  0.76580240
0.00202561  58.00000000  0.00202561  60.00000000  2117.69140965  0.80490721
0.00010739  57.00000000  0.00010730  60.00000000  1845.93970121  0.84401201
0.00393880  41.00000000  0.00281584  60.00000000  1590.72520536  0.88311681
0.00014491  51.00000000  0.00005393  60.00000000  1805.72164582  0.92222162
0.00349739  40.00000000  0.00241022  60.00000000  1567.71033070  0.96132642
0.05678009  57.00000000  0.05516210  60.00000000  1697.82513771  0.99000000
0.00393880  41.00000000  0.00065680  60.00000000  1590.72364290  0.99000000
0.00393880  41.00000000  0.00065680  60.00000000  1590.72364290  0.99000000
0.00393880  41.00000000  0.00065680  60.00000000  1590.72364290  0.99000000
0.00107669  43.00000000  0.00016956  60.00000000  1564.21472656  0.99000000
0.00303128  42.00000000  0.00056752  60.00000000  1588.55880242  0.99000000
0.00393880  41.00000000  0.00065680  60.00000000  1590.72364290  0.99000000
0.00393880  41.00000000  0.00065680  60.00000000  1590.72364290  0.99000000
0.00393880  41.00000000  0.00065680  60.00000000  1590.72364290  0.99000000
0.00393880  41.00000000  0.00065680  60.00000000  1590.72364290  0.99000000
0.00276113  46.00000000  0.00190325  60.00000000  1612.93313336  0.99000000
0.00377985  43.00000000  0.00052392  60.00000000  1591.08425930  0.99000000
0.00393880  41.00000000  0.00065680  60.00000000  1590.72364290  0.99000000
0.00393880  41.00000000  0.00065680  60.00000000  1590.72364290  0.99000000
0.00393880  41.00000000  0.00065680  60.00000000  1590.72364290  0.99000000
0.00393880  41.00000000  0.00065652  60.00000000  1590.72364370  0.99000000
0.00393880  41.00000000  0.00065680  60.00000000  1590.72364290  0.99000000
0.00393880  41.00000000  0.00065680  60.00000000  1590.72364290  0.99000000
0.00393880  41.00000000  0.00065680  60.00000000  1590.72364290  0.99000000
0.00393880  41.00000000  0.00065680  60.00000000  1590.72364290  0.99000000
0.00393880  41.00000000  0.00065680  60.00000000  1590.72364290  0.99000000
0.00430105  41.00000000  0.00063751  60.00000000  1586.90962679  0.99000000
0.00393880  41.00000000  0.00065680  60.00000000  1590.72364290  0.99000000
0.00393880  41.00000000  0.00065680  60.00000000  1590.72364290  0.99000000
0.00393880  41.00000000  0.00065680  60.00000000  1590.72364290  0.99000000
0.00393880  41.00000000  0.00065680  60.00000000  1590.72364290  0.99000000
0.00393880  41.00000000  0.00065680  60.00000000  1590.72364290  0.99000000
0.00393880  41.00000000  0.00090858  60.00000000  1590.72365174  0.99000000
0.00393880  41.00000000  0.00065680  60.00000000  1590.72364290  0.99000000
0.00393880  41.00000000  0.00065680  60.00000000  1590.72364290  0.99000000
0.00393880  41.00000000  0.00065680  60.00000000  1590.72364290  0.99000000
0.00005887  58.00000000  0.00005887  60.00000000  1611.07197981  0.99000000
0.00393880  41.00000000  0.00065680  60.00000000  1590.72364290  0.99000000
0.00393880  41.00000000  0.00065680  60.00000000  1590.72364290  0.99000000
0.00400083  41.00000000  0.00065662  60.00000000  1590.74179688  0.99000000
0.00393880  41.00000000  0.00065680  60.00000000  1590.72364290  0.99000000
0.00408721  41.00000000  0.00041475  60.00000000  1590.84318485  0.99000000
0.00092422  46.00000000  0.00019063  60.00000000  1590.80891472  0.99000000
0.00508153  42.00000000  0.00058896  60.00000000  1599.48484741  0.99000000
0.00393880  41.00000000  0.00200103  60.00000000  1590.72379340  0.99000000
0.00393880  41.00000000  0.00065680  60.00000000  1590.72364290  0.99000000
0.00393880  41.00000000  0.00065680  60.00000000  1590.72364290  0.99000000
0.00393880  41.00000000  0.00007876  60.00000000  1590.72363522  0.99000000
0.00393880  41.00000000  0.00065680  60.00000000  1590.72364290  0.99000000
0.00393880  41.00000000  0.00065680  60.00000000  1590.72364290  0.99000000
0.00393880  41.00000000  0.00065680  60.00000000  1590.72364290  0.99000000
0.00393880  41.00000000  0.00065680  60.00000000  1590.72364290  0.99000000
0.00393880  41.00000000  0.00065680  60.00000000  1590.72364290  0.99000000
0.00393880  41.00000000  0.00065680  60.00000000  1590.72364290  0.99000000
0.00393880  41.00000000  0.00065680  60.00000000  1590.72364290  0.99000000
0.00393880  41.00000000  0.00065680  60.00000000  1590.72364290  0.99000000
0.00392174  41.00000000  0.00075898  60.00000000  1590.64245006  0.99000000
0.00393880  41.00000000  0.00065680  60.00000000  1590.72364290  0.99000000
0.00400481  41.00000000  0.00124237  60.00000000  1590.83593057  0.99000000
0.00393880  41.00000000  0.00065680  60.00000000  1590.72364290  0.99000000
0.00393880  41.00000000  0.00065680  60.00000000  1590.72364290  0.99000000
0.00420133  41.00000000  0.00060070  60.00000000  1590.86002064  0.99000000
0.00361062  41.00000000  0.00062730  60.00000000  1590.48348795  0.99000000
0.00284217  44.00000000  0.00144437  60.00000000  1718.62652974  0.99000000
0.00393880  41.00000000  0.00065680  60.00000000  1590.72364290  0.99000000
0.00068915  38.00000000  0.00020979  60.00000000  1589.91736822  0.99000000
0.00393880  41.00000000  0.00065680  60.00000000  1590.72364290  0.99000000
0.00393880  41.00000000  0.00065680  60.00000000  1590.72364290  0.99000000
0.00361222  58.00000000  0.00361222  60.00000000  1567.62130027  0.99000000
0.00490027  42.00000000  0.00071517  60.00000000  1599.14608536  0.99000000
0.00393880  41.00000000  0.00065680  60.00000000  1590.72364290  0.99000000
0.00391296  41.00000000  0.00065457  60.00000000  1590.70600954  0.99000000
0.00400083  41.00000000  0.00065662  60.00000000  1590.74179692  0.99000000
