11
18
17
20
19
16
24
0
19
31
16
31
9
32
25
9
29
32
19
1
25
1
36
1
24
11
36
2
20
1
2
21
12
22
25
3
36
22
23
25
23
20
4
20
2
14
29
5
26
16
3
35
6
6
1
6
3
28
17
7
3
24
18
0
8
1
36
18
18
8
19
25
9
20
5
10
27
20
10
5
21
28
35
11
27
29
12
12
22
8
35
23
12
2
35
13
29
24
9
14
24
14
14
1
29
25
15
31
8
16
26
16
8
35
1
6
36
27
36
8
18
36
28
18
2
2
2
29
8
19
6
18
30
20
34
15
9
21
19
31
21
31
0
32
8
34
16
32
32
23
33
6
5
23
24
11
36
34
34
34
24
13
14
12
25
35
36
5
11
0
36
11
4
36
2
4
2
28
14
20
7
11
20
6
0
6
1
23
21
10
27
26
29
22
36
21
36
18
35
35
17
18
36
20
26
21
35
34
10
28
35
11
36
18
36
29
14
35
18
33
35
26
35
21
35
30
0
35
33
14
35
14
4
35
34
36
15
35
34
35
21
36
21
35
36
36
36
36
36
7
36
36
28
35
4
2
34
36
9
25
