20
27
0
21
28
14
26
18
20
23
22
22
21
16
22
32
30
23
23
36
1
27
27
33
24
1
23
11
2
21
18
31
35
25
3
32
20
3
26
13
4
4
4
14
4
26
25
2
5
1
15
2
0
6
21
16
6
17
7
5
17
25
17
5
18
8
7
32
32
29
19
9
19
26
25
10
10
20
31
20
10
27
11
30
11
11
32
22
7
12
0
34
23
8
13
3
29
24
24
36
24
14
36
33
25
1
33
35
2
16
0
26
16
4
4
31
6
27
17
34
18
18
28
4
28
14
18
3
29
20
20
10
33
15
30
12
36
10
21
31
22
22
21
0
12
32
9
34
23
36
23
17
33
36
24
1
23
5
34
34
34
25
35
25
3
11
35
3
26
15
9
13
22
36
4
22
3
27
11
4
13
20
0
21
21
7
9
30
1
20
31
3
8
5
6
36
31
35
29
6
36
33
36
3
34
35
30
20
35
35
35
36
11
12
35
20
32
8
7
35
0
32
36
3
13
35
31
24
31
36
24
36
36
35
11
2
6
35
2
16
0
26
35
4
3
3
35
29
17
34
36
15
35
36
1
16
35
3
28
15
