12
33
22
11
6
6
15
21
33
15
27
25
14
16
16
9
20
16
33
9
20
1
36
19
36
14
16
2
35
18
27
2
12
3
3
18
3
13
19
13
4
13
4
15
15
14
30
5
1
15
29
16
6
36
6
2
35
0
17
28
7
25
2
17
24
8
19
24
0
24
9
3
20
9
20
35
10
28
20
10
35
6
21
11
21
21
2
6
35
28
29
1
23
13
23
34
30
8
25
14
24
14
36
14
0
25
5
25
34
15
35
16
33
3
4
17
28
27
34
17
5
34
7
18
28
13
29
12
29
29
19
20
20
36
30
0
31
21
1
1
0
31
15
9
32
32
16
32
33
9
33
7
24
33
36
24
16
7
34
15
34
25
10
14
20
35
3
12
21
27
27
22
36
13
36
27
14
5
28
15
25
26
6
7
6
3
5
0
17
15
30
3
2
17
22
36
36
34
0
36
0
7
35
33
31
35
28
28
36
31
35
18
21
34
35
7
33
34
35
3
22
36
23
35
35
34
36
25
6
36
31
34
36
14
31
36
2
26
36
7
36
36
33
36
19
17
36
27
34
17
12
35
6
1
28
9
29
32
36
31
