11
11
34
35
17
30
10
13
19
35
21
31
15
22
17
32
21
0
27
1
1
1
23
21
18
35
1
2
28
21
2
32
2
3
12
3
22
27
27
4
4
35
31
4
20
5
5
36
25
5
32
15
36
6
25
16
23
26
16
31
7
1
0
25
8
24
34
8
29
19
33
9
30
4
34
36
0
20
10
34
30
35
11
0
30
1
27
12
22
1
28
12
8
23
35
13
36
23
30
9
33
14
36
14
3
25
36
25
25
26
16
12
12
16
35
1
4
27
32
17
28
33
9
19
19
0
29
36
19
29
11
36
34
11
10
30
7
14
7
35
21
31
8
35
36
32
6
0
13
12
0
33
23
16
6
13
1
34
2
12
1
3
2
3
2
35
14
27
27
4
36
18
27
17
13
1
4
17
1
5
16
20
18
4
21
5
25
26
18
31
23
28
30
25
30
32
34
5
36
25
32
29
35
33
16
35
33
2
10
34
30
35
3
19
35
25
36
14
33
7
35
8
23
33
35
13
36
35
32
36
33
31
36
21
0
28
36
32
1
32
16
36
34
34
35
35
33
36
32
36
28
14
35
33
34
11
29
36
21
5
