17
35
8
10
7
7
8
21
20
35
12
8
29
9
26
16
22
32
32
9
18
1
22
10
10
24
35
2
18
2
12
30
2
13
3
26
20
3
27
13
4
20
4
21
24
15
5
29
5
20
24
21
1
6
16
0
22
6
34
17
7
33
17
22
22
8
8
8
19
3
9
4
9
2
2
4
10
29
10
0
33
35
21
11
32
22
35
36
12
36
22
12
13
32
13
7
13
2
36
24
14
36
34
8
25
15
5
33
33
9
26
15
11
1
16
27
11
17
35
18
6
18
28
18
7
18
36
34
29
19
6
30
8
20
30
8
36
10
20
35
31
6
1
22
21
16
22
32
32
33
9
33
33
33
10
24
34
14
6
34
12
25
2
19
36
35
15
3
27
13
27
20
4
36
16
15
5
17
5
17
17
8
16
19
16
0
8
6
18
21
7
24
28
28
20
36
14
8
36
3
16
27
34
36
32
33
35
29
8
36
34
33
36
1
36
22
28
36
0
36
32
34
36
11
13
29
35
36
36
25
29
36
7
0
35
15
26
35
33
9
18
35
11
11
35
36
32
34
35
3
6
18
16
35
33
10
36
34
35
18
