6
10
5
9
35
7
17
21
23
12
23
21
32
36
0
30
22
9
14
33
1
24
21
23
16
34
17
11
1
2
11
1
18
12
3
3
3
1
28
13
4
21
4
22
20
1
20
5
0
22
1
27
22
29
6
16
2
28
27
7
24
33
30
0
34
8
30
24
8
19
3
9
1
32
0
36
1
5
10
2
27
30
21
2
36
6
35
12
22
35
12
7
4
23
13
36
29
7
36
24
1
14
30
35
15
7
25
15
31
26
31
31
1
3
4
17
2
27
27
36
18
28
33
0
18
6
34
19
29
36
13
30
5
20
4
15
14
21
2
12
31
21
32
36
0
15
22
10
16
11
33
3
10
23
10
11
15
15
34
2
11
25
36
35
4
10
35
1
20
27
1
27
4
3
20
24
17
16
19
5
26
27
22
29
20
16
21
16
31
22
5
32
33
21
34
11
16
36
27
3
20
30
1
35
36
36
1
5
32
35
5
34
36
30
36
14
35
35
36
18
35
7
35
2
13
35
4
7
35
24
36
36
2
35
13
10
35
15
17
35
11
4
35
11
4
36
2
30
35
33
36
22
36
0
36
3
35
23
15
36
