9
6
8
6
30
21
9
21
15
14
28
36
26
8
22
8
8
32
23
20
1
16
36
24
33
2
2
1
14
2
31
20
26
12
3
18
35
12
18
3
20
4
23
14
35
20
25
14
5
16
21
27
25
23
6
27
24
28
17
30
34
6
17
27
8
7
25
33
18
8
19
35
28
9
4
6
10
28
31
10
26
21
30
11
2
35
3
22
28
27
32
12
13
13
33
23
9
28
14
30
31
29
0
14
29
15
25
31
2
0
32
36
26
16
2
33
17
17
27
17
34
2
28
0
3
35
19
9
6
29
36
12
12
6
30
8
9
21
15
16
31
16
36
0
22
8
33
32
23
5
34
23
36
12
33
7
2
7
36
12
34
0
25
9
3
19
35
4
36
10
13
4
16
14
36
5
7
9
28
16
29
6
19
19
18
29
17
2
24
30
29
24
13
1
31
32
35
20
35
8
34
35
35
36
4
11
33
35
12
34
36
13
35
11
36
32
35
22
28
35
30
36
36
23
33
35
9
28
1
36
31
9
36
7
6
6
35
2
25
0
32
36
18
8
36
12
17
3
33
35
2
6
10
13
19
35
33
9
5
16
