15
21
20
35
18
7
16
0
15
21
34
32
33
21
27
13
0
23
9
17
19
17
1
29
36
31
31
2
29
2
22
25
31
28
3
29
12
12
24
21
24
4
20
0
29
23
5
25
5
30
15
1
28
24
6
22
2
35
2
29
7
17
36
1
18
8
18
18
33
1
9
36
9
1
4
20
36
20
26
10
32
5
11
35
2
36
33
28
12
7
12
28
23
35
13
1
0
8
14
24
14
8
30
5
35
25
6
9
5
36
15
16
6
36
36
27
17
8
4
11
17
33
3
36
0
29
6
3
19
5
36
30
20
36
13
7
21
11
15
21
31
32
2
8
2
4
23
23
9
10
33
17
23
7
12
34
12
0
14
34
2
12
12
25
3
16
11
18
27
36
14
20
20
0
1
15
22
10
28
1
10
1
28
23
30
22
2
16
2
29
31
32
33
34
35
8
23
36
33
32
35
34
36
8
31
36
36
35
26
35
32
34
35
35
28
36
3
5
35
11
35
31
23
19
35
33
0
30
26
35
14
21
11
35
5
25
35
9
30
26
35
16
8
36
6
26
35
34
28
32
35
33
12
35
0
11
6
7
19
15
