34
19
7
34
18
16
11
20
7
30
12
21
31
8
8
16
22
34
24
32
1
33
19
31
22
34
24
2
19
2
21
2
24
22
3
12
26
12
22
13
3
4
1
33
15
32
27
0
5
25
29
21
25
6
25
6
21
6
17
29
4
7
24
4
4
8
18
29
4
4
0
9
19
30
2
33
6
20
10
27
34
1
21
32
11
29
22
27
7
22
12
23
4
29
23
13
31
36
2
14
24
34
24
30
15
5
31
4
36
26
16
26
8
16
4
27
17
33
12
17
13
18
28
35
18
13
29
2
2
12
12
19
20
30
9
10
11
20
0
31
35
21
13
8
36
32
22
8
17
5
13
33
11
17
2
34
24
1
19
15
35
21
2
22
17
36
26
3
11
25
36
3
21
27
24
21
27
9
4
19
29
21
17
8
19
19
12
17
32
3
4
33
18
31
34
8
12
36
28
15
27
1
19
30
35
33
33
35
10
27
32
34
36
31
3
22
35
27
35
36
36
31
11
11
35
34
31
35
17
14
36
34
13
35
34
36
2
35
18
30
35
30
32
35
33
36
17
35
13
5
2
35
28
15
7
35
29
5
36
5
