7 7 5 5 7 7 10 10 12 12 12 10 10 10 10 10 10 10 10 10 10 10 10 3 14 14 12 4 15 4 4 3 12 4 4 4 3 3 3 4 14 7 0 0 5 4 4 4 4 4 4 4 4 3 7 7 7 7 7 7 7 2 6 6 6 5 6 6 7 2 4 6 6 6 6 6 4 6 4 6
9 16 16 16 16 16 16 16 16 16 10 16 16 16 16 16 16 16 10 10 10 3 3 3 3 3 12 4 4 4 4 4 4 4 4 4 15 15 15 14 7 7 7 7 7 7 1 1 2 1 1 3 3 3 2 6 5 5 5 4 4 4 2 2 16 6 6 6 11 11 11 2 11 11 11 11 11 11 11 2
13 14 14 15 12 12 11 11 11 11 11 11 11 11 11 11 11 11 11 11 10 10 3 10 10 10 4 4 4 4 4 4 4 15 15 3 0 0 0 14 7 7 7 7 7 7 7 16 16 7 7 7 7 7 7 7 7 7 6 5 5 2 2 2 2 2 16 5 5 5 5 5 5 6 6 6 6 6 4 6
0 0 0 0 0 0 12 12 12 12 12 0 0 0 0 14 0 13 0 13 13 10 3 3 12 3 4 4 4 4 4 4 4 4 4 4 4 4 4 4 7 15 15 15 15 16 4 9 9 9 9 9 11 11 6 0 6 6 6 6 6 6 6 2 6 6 6 9 2 16 16 5 2 9 5 5 9 6 6 6
16 5 5 5 5 5 6 6 6 6 10 10 10 8 13 13 13 13 13 10 10 3 3 3 15 12 12 12 4 14 12 14 14 14 14 14 3 3 7 7 14 7 14 1 4 4 4 2 2 2 2 2 2 2 2 2 2 4 4 4 4 4 4 4 4 4 4 3 16 8 8 8 8 8 8 11 8 2 2 2
16 5 4 5 5 5 5 0 0 0 0 0 8 1 1 0 0 0 2 2 11 11 3 3 3 3 15 4 4 4 4 1 4 4 4 15 4 4 4 7 4 5 5 1 16 8 7 16 1 1 1 1 1 1 1 9 1 9 9 9 9 9 9 9 9 9 9 9 9 9 9 9 9 9 9 9 9 2 2 2
13 15 15 15 15 15 10 12 12 12 10 11 11 1 11 11 11 11 11 11 11 10 3 3 3 3 3 3 15 15 15 14 14 14 5 5 5 14 14 5 5 14 14 14 4 6 6 4 4 4 5 5 5 5 4 4 4 4 6 6 4 4 2 2 2 4 2 2 2 2 2 6 6 5 5 16 2 2 16 6
8 15 15 15 15 15 8 8 11 11 11 12 13 16 16 16 9 15 15 15 14 3 3 3 14 14 4 4 4 4 2 2 5 2 2 2 2 2 16 16 16 16 15 8 8 8 8 9 3 3 2 9 2 2 9 2 6 1 1 1 1 11 5 5 16 2 2 2 2 2 2 2 2 2 2 2 2 2 2 2
7 16 16 16 16 16 11 7 7 7 7 14 14 14 14 14 14 16 14 14 14 3 3 3 3 3 12 12 4 4 4 15 15 15 15 15 15 15 15 14 7 5 5 5 7 7 5 7 7 7 8 1 5 7 7 5 5 7 7 2 2 13 5 5 5 5 5 5 5 5 5 5 8 8 8 8 8 8 8 8
5 5 5 5 5 5 5 5 6 6 15 15 15 8 1 15 1 1 10 10 14 15 3 3 15 3 14 4 4 4 5 5 15 15 6 15 15 15 7 7 7 16 16 16 16 16 16 16 16 16 8 9 9 1 1 9 9 9 1 9 9 9 9 9 9 9 9 9 9 9 9 9 9 9 9 5 6 6 6 6
