8 0 3 3 3 3 3 3 3 3 1 1 1 1 1 1 1 1 1 1 8 8 8 8 8 8 8 8 8 8 2 2 2 2 2 2 2 2 2 2
0 8 8 8 8 3 3 3 3 3 3 1 1 1 1 1 1 1 1 1 8 8 8 8 8 8 8 2 2 2 2 2 2 2 2 2 2 2 2 2
0 0 8 8 8 8 8 8 8 8 8 8 8 8 8 8 8 8 8 8 2 2 2 2 2 2 2 2 2 2 2 2 2 2 2 2 2 2 2 2
0 0 0 3 3 3 8 8 3 3 1 1 1 1 1 1 1 1 8 3 3 1 1 1 1 1 1 8 1 8 1 1 1 1 1 1 1 1 2 1
0 0 3 3 3 3 3 3 3 3 3 1 1 3 1 1 1 1 1 1 1 1 1 1 1 1 1 2 2 2 2 2 2 2 2 2 2 2 2 2
8 8 7 8 8 8 8 8 8 8 8 8 8 8 8 8 8 8 8 8 8 8 8 8 8 8 8 8 1 1 1 1 1 2 1 1 1 1 1 1
8 8 8 8 8 8 8 8 8 8 8 8 8 8 8 8 8 8 8 8 8 1 1 1 1 1 1 1 1 1 1 2 2 2 2 2 2 2 2 2
8 8 8 8 8 3 3 3 3 3 3 2 0 0 0 0 8 2 2 2 2 2 2 2 2 2 2 2 2 2 2 2 2 2 2 2 2 2 2 2
8 8 8 8 8 8 8 6 8 8 8 8 8 8 8 8 1 1 8 8 8 8 8 1 1 1 1 1 1 1 2 2 2 2 2 2 2 2 5 2
0 0 1 1 6 6 6 6 6 6 6 6 0 0 1 1 1 1 1 1 1 1 1 1 1 1 1 1 1 1 1 0 0 0 0 0 6 6 6 6
