# Results obtained using DQN. CPU time: 195.91831517219543
0.07877447  38.00000000  0.07877447  40.00000000  2084.33249768  0.00000000
0.00108903  32.00000000  0.00042549  40.00000000  922.71343430  0.00000000
0.00574273  38.00000000  0.00574273  40.00000000  1542.60370536  0.00000000
0.00225249  32.00000000  0.00121399  40.00000000  1352.54782125  0.00000000
0.01026308  36.00000000  0.00886347  40.00000000  1642.97603676  0.00000000
0.00431193  37.00000000  0.00429317  40.00000000  1108.51758611  0.00000000
0.00699653  37.00000000  0.00584852  40.00000000  1143.44293923  0.00000000
0.00010570  37.00000000  0.00010091  40.00000000  955.68461675  0.00000000
0.01937397  38.00000000  0.01937397  40.00000000  1121.28405334  0.00000000
0.00479781  25.00000000  0.00264141  40.00000000  1823.98512088  0.00000000
0.00058348  38.00000000  0.00058348  40.00000000  961.82624524  0.00000000
0.00364937  38.00000000  0.00364937  40.00000000  1500.78675656  0.00000000
0.00045560  33.00000000  0.00001016  40.00000000  1056.30276521  0.15485869
0.02154183  38.00000000  0.02154183  40.00000000  2145.39850833  0.56781520
0.08844871  38.00000000  0.08844871  40.00000000  1042.05893249  0.98077170
0.03686054  38.00000000  0.03686054  40.00000000  1553.07073995  0.99000000
0.03686054  38.00000000  0.03686054  40.00000000  1553.07073995  0.99000000
0.00087239  38.00000000  0.00087239  40.00000000  1550.20477532  0.99000000
0.03686054  38.00000000  0.03686054  40.00000000  1553.07073995  0.99000000
0.03897638  38.00000000  0.03897638  40.00000000  1467.61330627  0.99000000
0.03722920  30.00000000  0.00237361  40.00000000  1230.19687263  0.99000000
0.03686054  38.00000000  0.03686054  40.00000000  1553.07073995  0.99000000
0.00111254  38.00000000  0.00111254  40.00000000  1548.63447914  0.99000000
0.00110995  32.00000000  0.00045514  40.00000000  1562.44041093  0.99000000
0.03686054  38.00000000  0.03686054  40.00000000  1553.07073995  0.99000000
0.00311377  38.00000000  0.00311377  40.00000000  1624.70836693  0.99000000
0.03686054  38.00000000  0.03686054  40.00000000  1553.07073995  0.99000000
0.02294933  38.00000000  0.02294933  40.00000000  1553.02858265  0.99000000
0.03686054  38.00000000  0.03686054  40.00000000  1553.07073995  0.99000000
0.03686054  38.00000000  0.03686054  40.00000000  1553.07073995  0.99000000
0.03686054  38.00000000  0.03686054  40.00000000  1553.07073995  0.99000000
0.03686054  38.00000000  0.03686054  40.00000000  1553.07073995  0.99000000
0.00126180  35.00000000  0.00098474  40.00000000  1550.31062959  0.99000000
0.03682242  38.00000000  0.03682242  40.00000000  1553.06838371  0.99000000
0.03686054  38.00000000  0.03686054  40.00000000  1553.07073995  0.99000000
0.03686286  38.00000000  0.03686286  40.00000000  1553.07064599  0.99000000
0.03686054  38.00000000  0.03686054  40.00000000  1553.07073995  0.99000000
0.03686054  38.00000000  0.03686054  40.00000000  1553.07073995  0.99000000
0.03686054  38.00000000  0.03686054  40.00000000  1553.07073995  0.99000000
0.03686054  38.00000000  0.03686054  40.00000000  1553.07073995  0.99000000
0.03686054  38.00000000  0.03686054  40.00000000  1553.07073995  0.99000000
0.03686054  38.00000000  0.03686054  40.00000000  1553.07073995  0.99000000
0.02311314  38.00000000  0.02311314  40.00000000  1553.00969207  0.99000000
0.03686054  38.00000000  0.03686054  40.00000000  1553.07073995  0.99000000
0.03686054  38.00000000  0.03686054  40.00000000  1553.07073995  0.99000000
0.03686054  38.00000000  0.03686054  40.00000000  1553.07073995  0.99000000
0.03686054  38.00000000  0.03686054  40.00000000  1553.07073995  0.99000000
0.03686054  38.00000000  0.03686054  40.00000000  1553.07073995  0.99000000
0.03686054  38.00000000  0.03686054  40.00000000  1553.07073995  0.99000000
0.03686054  38.00000000  0.03686054  40.00000000  1553.07073995  0.99000000
0.03686054  38.00000000  0.03686054  40.00000000  1553.07073995  0.99000000
0.03686054  38.00000000  0.03686054  40.00000000  1553.07073995  0.99000000
0.03686054  38.00000000  0.03686054  40.00000000  1553.07073995  0.99000000
0.03686054  38.00000000  0.03686054  40.00000000  1553.07073995  0.99000000
0.03686054  38.00000000  0.03686054  40.00000000  1553.07073995  0.99000000
0.03686054  38.00000000  0.03686054  40.00000000  1553.07073995  0.99000000
0.02161489  38.00000000  0.02161489  40.00000000  1552.99200557  0.99000000
0.02373153  38.00000000  0.02373153  40.00000000  1553.01712923  0.99000000
0.02133052  38.00000000  0.02133052  40.00000000  1554.20124433  0.99000000
0.03897216  38.00000000  0.03897216  40.00000000  1435.14921212  0.99000000
0.03686054  38.00000000  0.03686054  40.00000000  1553.07073995  0.99000000
0.03686054  38.00000000  0.03686054  40.00000000  1553.07073995  0.99000000
0.00018780  33.00000000  0.00016702  40.00000000  1533.10808758  0.99000000
0.03686054  38.00000000  0.03686054  40.00000000  1553.07073995  0.99000000
0.36529341  38.00000000  0.36529341  40.00000000  1507.82080639  0.99000000
0.03686054  38.00000000  0.03686054  40.00000000  1553.07073995  0.99000000
0.03686054  38.00000000  0.03686054  40.00000000  1553.07073995  0.99000000
0.03686054  38.00000000  0.03686054  40.00000000  1553.07073995  0.99000000
0.03686054  38.00000000  0.03686054  40.00000000  1553.07073995  0.99000000
0.03686054  38.00000000  0.03686054  40.00000000  1553.07073995  0.99000000
0.03678056  38.00000000  0.03678056  40.00000000  1553.05941194  0.99000000
0.03686054  38.00000000  0.03686054  40.00000000  1553.07073995  0.99000000
0.03686054  38.00000000  0.03686054  40.00000000  1553.07073995  0.99000000
0.03686054  38.00000000  0.03686054  40.00000000  1553.07073995  0.99000000
0.00154687  34.00000000  0.00112386  40.00000000  1558.50896791  0.99000000
0.03686054  38.00000000  0.03686054  40.00000000  1553.07073995  0.99000000
0.03686054  38.00000000  0.03686054  40.00000000  1553.07073995  0.99000000
0.03686054  38.00000000  0.03686054  40.00000000  1553.07073995  0.99000000
0.03685035  38.00000000  0.03685035  40.00000000  1553.06525302  0.99000000
0.03686054  38.00000000  0.03686054  40.00000000  1553.07073995  0.99000000
0.00907518  38.00000000  0.00907518  40.00000000  1562.77915908  0.99000000
0.03699266  38.00000000  0.03699266  40.00000000  1553.06489885  0.99000000
0.00056643  31.00000000  0.00018170  40.00000000  1545.74547165  0.99000000
0.03686054  38.00000000  0.03686054  40.00000000  1553.07073995  0.99000000
0.03683676  38.00000000  0.03683676  40.00000000  1553.06028029  0.99000000
0.03686054  38.00000000  0.03686054  40.00000000  1553.07073995  0.99000000
0.03686054  38.00000000  0.03686054  40.00000000  1553.07073995  0.99000000
0.03686054  38.00000000  0.03686054  40.00000000  1553.07073995  0.99000000
0.00018780  33.00000000  0.00016702  40.00000000  1533.10808758  0.99000000
0.02549890  38.00000000  0.02549890  40.00000000  1553.02091248  0.99000000
0.03686054  38.00000000  0.03686054  40.00000000  1553.07073995  0.99000000
0.03686054  38.00000000  0.03686054  40.00000000  1553.07073995  0.99000000
0.03686054  38.00000000  0.03686054  40.00000000  1553.07073995  0.99000000
0.00119496  29.00000000  0.00099674  40.00000000  1570.99221141  0.99000000
0.03686054  38.00000000  0.03686054  40.00000000  1553.07073995  0.99000000
0.03685035  38.00000000  0.03685035  40.00000000  1553.06525302  0.99000000
0.03686054  38.00000000  0.03686054  40.00000000  1553.07073995  0.99000000
0.03686054  38.00000000  0.03686054  40.00000000  1553.07073995  0.99000000
0.03686054  38.00000000  0.03686054  40.00000000  1553.07073995  0.99000000
0.03685834  38.00000000  0.03685834  40.00000000  1553.07145648  0.99000000
0.00807183  38.00000000  0.00807183  40.00000000  1552.96589165  0.99000000
0.03686054  38.00000000  0.03686054  40.00000000  1553.07073995  0.99000000
0.03686054  38.00000000  0.03686054  40.00000000  1553.07073995  0.99000000
0.03686054  38.00000000  0.03686054  40.00000000  1553.07073995  0.99000000
0.03686054  38.00000000  0.03686054  40.00000000  1553.07073995  0.99000000
0.03686054  38.00000000  0.03686054  40.00000000  1553.07073995  0.99000000
0.01039259  38.00000000  0.01039259  40.00000000  1562.66697582  0.99000000
0.00149262  36.00000000  0.00138601  40.00000000  1537.41780248  0.99000000
0.03686054  38.00000000  0.03686054  40.00000000  1553.07073995  0.99000000
0.03686054  38.00000000  0.03686054  40.00000000  1553.07073995  0.99000000
0.03686054  38.00000000  0.03686054  40.00000000  1553.07073995  0.99000000
0.01047995  38.00000000  0.01047995  40.00000000  1450.33638182  0.99000000
0.03626438  38.00000000  0.03626438  40.00000000  1553.09433830  0.99000000
0.03686054  38.00000000  0.03686054  40.00000000  1553.07073995  0.99000000
0.03686054  38.00000000  0.03686054  40.00000000  1553.07073995  0.99000000
0.03686054  38.00000000  0.03686054  40.00000000  1553.07073995  0.99000000
0.03686054  38.00000000  0.03686054  40.00000000  1553.07073995  0.99000000
0.00043550  27.00000000  0.00038929  40.00000000  1552.96118392  0.99000000
0.03686054  38.00000000  0.03686054  40.00000000  1553.07073995  0.99000000
0.03686054  38.00000000  0.03686054  40.00000000  1553.07073995  0.99000000
0.03686054  38.00000000  0.03686054  40.00000000  1553.07073995  0.99000000
0.03686054  38.00000000  0.03686054  40.00000000  1553.07073995  0.99000000
0.00945818  38.00000000  0.00945818  40.00000000  1552.97221401  0.99000000
0.03686054  38.00000000  0.03686054  40.00000000  1553.07073995  0.99000000
0.03686054  38.00000000  0.03686054  40.00000000  1553.07073995  0.99000000
0.00097775  35.00000000  0.00061026  40.00000000  1552.07685445  0.99000000
0.03686054  38.00000000  0.03686054  40.00000000  1553.07073995  0.99000000
0.00231344  38.00000000  0.00231344  40.00000000  1543.35389838  0.99000000
0.03686054  38.00000000  0.03686054  40.00000000  1553.07073995  0.99000000
0.03686054  38.00000000  0.03686054  40.00000000  1553.07073995  0.99000000
0.03686054  38.00000000  0.03686054  40.00000000  1553.07073995  0.99000000
0.03686054  38.00000000  0.03686054  40.00000000  1553.07073995  0.99000000
0.03686054  38.00000000  0.03686054  40.00000000  1553.07073995  0.99000000
0.00795694  38.00000000  0.00795694  40.00000000  1552.97041582  0.99000000
0.03686054  38.00000000  0.03686054  40.00000000  1553.07073995  0.99000000
0.03686054  38.00000000  0.03686054  40.00000000  1553.07073995  0.99000000
0.03686054  38.00000000  0.03686054  40.00000000  1553.07073995  0.99000000
0.03686054  38.00000000  0.03686054  40.00000000  1553.07073995  0.99000000
0.03686054  38.00000000  0.03686054  40.00000000  1553.07073995  0.99000000
0.00207234  32.00000000  0.00157163  40.00000000  1566.60815189  0.99000000
0.03686054  38.00000000  0.03686054  40.00000000  1553.07073995  0.99000000
0.03686054  38.00000000  0.03686054  40.00000000  1553.07073995  0.99000000
0.03686054  38.00000000  0.03686054  40.00000000  1553.07073995  0.99000000
0.00273067  32.00000000  0.00244252  40.00000000  1592.22911051  0.99000000
0.00194978  38.00000000  0.00194978  40.00000000  1542.92745107  0.99000000
0.03143874  38.00000000  0.03143874  40.00000000  1569.58105935  0.99000000
0.03686039  38.00000000  0.03686039  40.00000000  1553.07074085  0.99000000
0.03072623  38.00000000  0.03072623  40.00000000  1553.02988951  0.99000000
0.03686054  38.00000000  0.03686054  40.00000000  1553.07073995  0.99000000
0.03686054  38.00000000  0.03686054  40.00000000  1553.07073995  0.99000000
0.03686054  38.00000000  0.03686054  40.00000000  1553.07073995  0.99000000
0.03686054  38.00000000  0.03686054  40.00000000  1553.07073995  0.99000000
0.03686054  38.00000000  0.03686054  40.00000000  1553.07073995  0.99000000
0.03686054  38.00000000  0.03686054  40.00000000  1553.07073995  0.99000000
0.03686054  38.00000000  0.03686054  40.00000000  1553.07073995  0.99000000
0.03686054  38.00000000  0.03686054  40.00000000  1553.07073995  0.99000000
0.03686054  38.00000000  0.03686054  40.00000000  1553.07073995  0.99000000
0.03694548  38.00000000  0.03694548  40.00000000  1553.05822063  0.99000000
0.00376603  38.00000000  0.00376603  40.00000000  1574.78119338  0.99000000
0.03686054  38.00000000  0.03686054  40.00000000  1553.07073995  0.99000000
0.00093959  38.00000000  0.00093959  40.00000000  1542.80697274  0.99000000
0.00186260  36.00000000  0.00184823  40.00000000  1565.51518103  0.99000000
0.02345178  38.00000000  0.02345178  40.00000000  1553.02882030  0.99000000
0.03686054  38.00000000  0.03686054  40.00000000  1553.07073995  0.99000000
0.03686054  38.00000000  0.03686054  40.00000000  1553.07073995  0.99000000
0.03686054  38.00000000  0.03686054  40.00000000  1553.07073995  0.99000000
0.03686054  38.00000000  0.03686054  40.00000000  1553.07073995  0.99000000
0.03686054  38.00000000  0.03686054  40.00000000  1553.07073995  0.99000000
0.03686054  38.00000000  0.03686054  40.00000000  1553.07073995  0.99000000
0.03686054  38.00000000  0.03686054  40.00000000  1553.07073995  0.99000000
0.03686054  38.00000000  0.03686054  40.00000000  1553.07073995  0.99000000
0.03686054  38.00000000  0.03686054  40.00000000  1553.07073995  0.99000000
0.00417975  38.00000000  0.00417975  40.00000000  1592.13802010  0.99000000
0.03686054  38.00000000  0.03686054  40.00000000  1553.07073995  0.99000000
0.03686054  38.00000000  0.03686054  40.00000000  1553.07073995  0.99000000
0.03686054  38.00000000  0.03686054  40.00000000  1553.07073995  0.99000000
0.03686054  38.00000000  0.03686054  40.00000000  1553.07073995  0.99000000
0.03686054  38.00000000  0.03686054  40.00000000  1553.07073995  0.99000000
0.03876908  38.00000000  0.03876908  40.00000000  1553.09714604  0.99000000
0.03686054  38.00000000  0.03686054  40.00000000  1553.07073995  0.99000000
0.19609987  38.00000000  0.19609987  40.00000000  1678.40783988  0.99000000
0.03686054  38.00000000  0.03686054  40.00000000  1553.07073995  0.99000000
0.03686054  38.00000000  0.03686054  40.00000000  1553.07073995  0.99000000
0.04834059  38.00000000  0.04834059  40.00000000  1569.39300832  0.99000000
0.03686054  38.00000000  0.03686054  40.00000000  1553.07073995  0.99000000
0.03591065  38.00000000  0.03591065  40.00000000  1553.06434845  0.99000000
0.02311314  38.00000000  0.02311314  40.00000000  1553.00969207  0.99000000
0.00133260  38.00000000  0.00133260  40.00000000  1556.17527867  0.99000000
0.03686054  38.00000000  0.03686054  40.00000000  1553.07073995  0.99000000
0.03686054  38.00000000  0.03686054  40.00000000  1553.07073995  0.99000000
0.03686054  38.00000000  0.03686054  40.00000000  1553.07073995  0.99000000
0.00046931  27.00000000  0.00028967  40.00000000  1552.96120309  0.99000000
0.02271091  38.00000000  0.02271091  40.00000000  1553.01597633  0.99000000
0.03686054  38.00000000  0.03686054  40.00000000  1553.07073995  0.99000000
0.03686054  38.00000000  0.03686054  40.00000000  1553.07073995  0.99000000
0.03686054  38.00000000  0.03686054  40.00000000  1553.07073995  0.99000000
0.03686054  38.00000000  0.03686054  40.00000000  1553.07073995  0.99000000
0.03686054  38.00000000  0.03686054  40.00000000  1553.07073995  0.99000000
0.03686054  38.00000000  0.03686054  40.00000000  1553.07073995  0.99000000
0.03077783  38.00000000  0.03077783  40.00000000  1553.04586021  0.99000000
0.03686054  38.00000000  0.03686054  40.00000000  1553.07073995  0.99000000
0.03686054  38.00000000  0.03686054  40.00000000  1553.07073995  0.99000000
0.03686286  38.00000000  0.03686286  40.00000000  1553.07064599  0.99000000
0.02261947  38.00000000  0.02261947  40.00000000  1553.04495754  0.99000000
0.00246793  38.00000000  0.00246793  40.00000000  1551.78183585  0.99000000
0.03686054  38.00000000  0.03686054  40.00000000  1553.07073995  0.99000000
0.03686054  38.00000000  0.03686054  40.00000000  1553.07073995  0.99000000
0.03686054  38.00000000  0.03686054  40.00000000  1553.07073995  0.99000000
0.00273561  38.00000000  0.00273561  40.00000000  1551.40928599  0.99000000
0.03686054  38.00000000  0.03686054  40.00000000  1553.07073995  0.99000000
0.03686054  38.00000000  0.03686054  40.00000000  1553.07073995  0.99000000
0.03686054  38.00000000  0.03686054  40.00000000  1553.07073995  0.99000000
0.03689771  38.00000000  0.03689771  40.00000000  1553.06876738  0.99000000
0.03719177  38.00000000  0.03719177  40.00000000  1553.07021487  0.99000000
0.03686054  38.00000000  0.03686054  40.00000000  1553.07073995  0.99000000
0.03686054  38.00000000  0.03686054  40.00000000  1553.07073995  0.99000000
0.03686054  38.00000000  0.03686054  40.00000000  1553.07073995  0.99000000
0.03686054  38.00000000  0.03686054  40.00000000  1553.07073995  0.99000000
0.03686054  38.00000000  0.03686054  40.00000000  1553.07073995  0.99000000
0.01196267  38.00000000  0.01196267  40.00000000  1553.76050256  0.99000000
0.03686054  38.00000000  0.03686054  40.00000000  1553.07073995  0.99000000
0.03686054  38.00000000  0.03686054  40.00000000  1553.07073995  0.99000000
0.03686054  38.00000000  0.03686054  40.00000000  1553.07073995  0.99000000
0.03686054  38.00000000  0.03686054  40.00000000  1553.07073995  0.99000000
0.03686054  38.00000000  0.03686054  40.00000000  1553.07073995  0.99000000
0.03686054  38.00000000  0.03686054  40.00000000  1553.07073995  0.99000000
0.03686054  38.00000000  0.03686054  40.00000000  1553.07073995  0.99000000
0.00090897  38.00000000  0.00090897  40.00000000  1543.03803845  0.99000000
0.01688698  38.00000000  0.01688698  40.00000000  1552.98794494  0.99000000
0.03623648  38.00000000  0.03623648  40.00000000  1553.08144116  0.99000000
0.02855560  38.00000000  0.02855560  40.00000000  1553.08698384  0.99000000
0.03685649  38.00000000  0.03685649  40.00000000  1553.07089936  0.99000000
0.03686054  38.00000000  0.03686054  40.00000000  1553.07073995  0.99000000
0.00222942  38.00000000  0.00222942  40.00000000  1556.57727222  0.99000000
0.03686054  38.00000000  0.03686054  40.00000000  1553.07073995  0.99000000
0.03686054  38.00000000  0.03686054  40.00000000  1553.07073995  0.99000000
0.03686054  38.00000000  0.03686054  40.00000000  1553.07073995  0.99000000
0.02337363  38.00000000  0.02337363  40.00000000  1553.03081582  0.99000000
0.03686054  38.00000000  0.03686054  40.00000000  1553.07073995  0.99000000
0.03686054  38.00000000  0.03686054  40.00000000  1553.07073995  0.99000000
0.03686054  38.00000000  0.03686054  40.00000000  1553.07073995  0.99000000
0.03686054  38.00000000  0.03686054  40.00000000  1553.07073995  0.99000000
0.01092786  36.00000000  0.01068668  40.00000000  1562.78831890  0.99000000
0.01006387  38.00000000  0.01006387  40.00000000  1552.96905843  0.99000000
0.00144353  38.00000000  0.00144353  40.00000000  1546.35114340  0.99000000
0.03686054  38.00000000  0.03686054  40.00000000  1553.07073995  0.99000000
0.03686054  38.00000000  0.03686054  40.00000000  1553.07073995  0.99000000
0.03686054  38.00000000  0.03686054  40.00000000  1553.07073995  0.99000000
0.00804482  38.00000000  0.00804482  40.00000000  1450.33251242  0.99000000
0.03686054  38.00000000  0.03686054  40.00000000  1553.07073995  0.99000000
0.36099243  33.00000000  0.30681813  40.00000000  1971.52361442  0.99000000
0.03686054  38.00000000  0.03686054  40.00000000  1553.07073995  0.99000000
0.00392051  38.00000000  0.00392051  40.00000000  1552.96245395  0.99000000
0.00524981  38.00000000  0.00524981  40.00000000  1530.38712329  0.99000000
0.03686054  38.00000000  0.03686054  40.00000000  1553.07073995  0.99000000
0.01615141  38.00000000  0.01615141  40.00000000  1552.98060017  0.99000000
0.03689010  38.00000000  0.03689010  40.00000000  1553.06441647  0.99000000
0.03686054  38.00000000  0.03686054  40.00000000  1553.07073995  0.99000000
0.03686054  38.00000000  0.03686054  40.00000000  1553.07073995  0.99000000
0.03686054  38.00000000  0.03686054  40.00000000  1553.07073995  0.99000000
0.02227316  38.00000000  0.02227316  40.00000000  1552.86418694  0.99000000
0.03686054  38.00000000  0.03686054  40.00000000  1553.07073995  0.99000000
0.03686054  38.00000000  0.03686054  40.00000000  1553.07073995  0.99000000
0.00267342  31.00000000  0.00072674  40.00000000  1592.28526454  0.99000000
0.03686054  38.00000000  0.03686054  40.00000000  1553.07073995  0.99000000
0.03686054  38.00000000  0.03686054  40.00000000  1553.07073995  0.99000000
0.00884913  38.00000000  0.00884913  40.00000000  1547.07067522  0.99000000
0.03686054  38.00000000  0.03686054  40.00000000  1553.07073995  0.99000000
0.03686054  38.00000000  0.03686054  40.00000000  1553.07073995  0.99000000
0.03686054  38.00000000  0.03686054  40.00000000  1553.07073995  0.99000000
0.03686054  38.00000000  0.03686054  40.00000000  1553.07073995  0.99000000
0.03686054  38.00000000  0.03686054  40.00000000  1553.07073995  0.99000000
0.03686054  38.00000000  0.03686054  40.00000000  1553.07073995  0.99000000
0.03686054  38.00000000  0.03686054  40.00000000  1553.07073995  0.99000000
0.03686054  38.00000000  0.03686054  40.00000000  1553.07073995  0.99000000
0.03686054  38.00000000  0.03686054  40.00000000  1553.07073995  0.99000000
0.03686054  38.00000000  0.03686054  40.00000000  1553.07073995  0.99000000
0.03686054  38.00000000  0.03686054  40.00000000  1553.07073995  0.99000000
0.03686054  38.00000000  0.03686054  40.00000000  1553.07073995  0.99000000
0.03686054  38.00000000  0.03686054  40.00000000  1553.07073995  0.99000000
0.03686054  38.00000000  0.03686054  40.00000000  1553.07073995  0.99000000
0.03686054  38.00000000  0.03686054  40.00000000  1553.07073995  0.99000000
0.03686054  38.00000000  0.03686054  40.00000000  1553.07073995  0.99000000
0.03686054  38.00000000  0.03686054  40.00000000  1553.07073995  0.99000000
0.03686054  38.00000000  0.03686054  40.00000000  1553.07073995  0.99000000
0.05273315  38.00000000  0.05273315  40.00000000  1565.86131119  0.99000000
0.03686054  38.00000000  0.03686054  40.00000000  1553.07073995  0.99000000
0.03686054  38.00000000  0.03686054  40.00000000  1553.07073995  0.99000000
0.03623648  38.00000000  0.03623648  40.00000000  1553.08144116  0.99000000
0.03686054  38.00000000  0.03686054  40.00000000  1553.07073995  0.99000000
0.03686054  38.00000000  0.03686054  40.00000000  1553.07073995  0.99000000
0.03686054  38.00000000  0.03686054  40.00000000  1553.07073995  0.99000000
0.03686054  38.00000000  0.03686054  40.00000000  1553.07073995  0.99000000
0.03686054  38.00000000  0.03686054  40.00000000  1553.07073995  0.99000000
0.00113423  38.00000000  0.00113423  40.00000000  1552.96816164  0.99000000
0.03686054  38.00000000  0.03686054  40.00000000  1553.07073995  0.99000000
0.03686054  38.00000000  0.03686054  40.00000000  1553.07073995  0.99000000
0.03686054  38.00000000  0.03686054  40.00000000  1553.06929300  0.99000000
0.03686054  38.00000000  0.03686054  40.00000000  1553.07073995  0.99000000
0.03686054  38.00000000  0.03686054  40.00000000  1553.07073995  0.99000000
0.03686054  38.00000000  0.03686054  40.00000000  1553.07073995  0.99000000
0.03686054  38.00000000  0.03686054  40.00000000  1553.07073995  0.99000000
0.00111254  38.00000000  0.00111254  40.00000000  1548.63447914  0.99000000
0.03686054  38.00000000  0.03686054  40.00000000  1553.07073995  0.99000000
0.03686054  38.00000000  0.03686054  40.00000000  1553.07073995  0.99000000
0.03686054  38.00000000  0.03686054  40.00000000  1553.07073995  0.99000000
0.00470968  34.00000000  0.00432740  40.00000000  1553.03898876  0.99000000
0.03686054  38.00000000  0.03686054  40.00000000  1553.07073995  0.99000000
0.03686054  38.00000000  0.03686054  40.00000000  1553.07073995  0.99000000
0.05273315  38.00000000  0.05273315  40.00000000  1565.86131119  0.99000000
0.03686054  38.00000000  0.03686054  40.00000000  1553.07073995  0.99000000
0.03686054  38.00000000  0.03686054  40.00000000  1553.07073995  0.99000000
0.03686054  38.00000000  0.03686054  40.00000000  1553.07073995  0.99000000
0.03686054  38.00000000  0.03686054  40.00000000  1553.07073995  0.99000000
0.03686054  38.00000000  0.03686054  40.00000000  1553.07073995  0.99000000
0.00273676  32.00000000  0.00246233  40.00000000  1592.21713943  0.99000000
0.03686054  38.00000000  0.03686054  40.00000000  1553.07073995  0.99000000
0.03510505  38.00000000  0.03510505  40.00000000  1553.06549579  0.99000000
0.03686054  38.00000000  0.03686054  40.00000000  1553.07073995  0.99000000
0.03686054  38.00000000  0.03686054  40.00000000  1553.07073995  0.99000000
0.03686054  38.00000000  0.03686054  40.00000000  1553.07073995  0.99000000
0.03686054  38.00000000  0.03686054  40.00000000  1553.07073995  0.99000000
0.26632954  38.00000000  0.26632954  40.00000000  1469.45065113  0.99000000
0.03686054  38.00000000  0.03686054  40.00000000  1553.07073995  0.99000000
0.00795694  38.00000000  0.00795694  40.00000000  1552.97041582  0.99000000
0.03686054  38.00000000  0.03686054  40.00000000  1553.07073995  0.99000000
0.00176083  30.00000000  0.00155886  40.00000000  1323.65248894  0.99000000
0.03686054  38.00000000  0.03686054  40.00000000  1553.07073995  0.99000000
0.03686054  38.00000000  0.03686054  40.00000000  1553.07073995  0.99000000
0.01615292  38.00000000  0.01615292  40.00000000  1552.98049094  0.99000000
0.03686054  38.00000000  0.03686054  40.00000000  1553.07073995  0.99000000
0.03686054  38.00000000  0.03686054  40.00000000  1553.07073995  0.99000000
0.03686054  38.00000000  0.03686054  40.00000000  1553.07073995  0.99000000
0.03686054  38.00000000  0.03686054  40.00000000  1553.07073995  0.99000000
0.03686054  38.00000000  0.03686054  40.00000000  1553.07073995  0.99000000
0.03686054  38.00000000  0.03686054  40.00000000  1553.07073995  0.99000000
0.03686054  38.00000000  0.03686054  40.00000000  1553.07073995  0.99000000
0.03686054  38.00000000  0.03686054  40.00000000  1553.07073995  0.99000000
0.03053539  38.00000000  0.03053539  40.00000000  1553.04280872  0.99000000
0.03694548  38.00000000  0.03694548  40.00000000  1553.05822063  0.99000000
0.03686054  38.00000000  0.03686054  40.00000000  1553.07073995  0.99000000
0.03686054  38.00000000  0.03686054  40.00000000  1553.07073995  0.99000000
0.00161870  38.00000000  0.00161870  40.00000000  1552.21670337  0.99000000
0.03686054  38.00000000  0.03686054  40.00000000  1553.07073995  0.99000000
0.00119992  34.00000000  0.00088340  40.00000000  1550.24829131  0.99000000
0.03686054  38.00000000  0.03686054  40.00000000  1553.07073995  0.99000000
0.01165456  38.00000000  0.01165456  40.00000000  1552.96451897  0.99000000
0.03686054  38.00000000  0.03686054  40.00000000  1553.07073995  0.99000000
0.03685538  38.00000000  0.03685538  40.00000000  1553.06787628  0.99000000
0.03686054  38.00000000  0.03686054  40.00000000  1553.07073995  0.99000000
0.00102743  36.00000000  0.00095206  40.00000000  1548.63447535  0.99000000
0.03686054  38.00000000  0.03686054  40.00000000  1553.07073995  0.99000000
0.00600860  38.00000000  0.00600860  40.00000000  1565.10455688  0.99000000
0.03686054  38.00000000  0.03686054  40.00000000  1553.07073995  0.99000000
0.03686054  38.00000000  0.03686054  40.00000000  1553.07073995  0.99000000
0.03686054  38.00000000  0.03686054  40.00000000  1553.07073995  0.99000000
0.03686054  38.00000000  0.03686054  40.00000000  1553.07073995  0.99000000
0.03686054  38.00000000  0.03686054  40.00000000  1553.07073995  0.99000000
0.03686054  38.00000000  0.03686054  40.00000000  1553.07073995  0.99000000
0.03686054  38.00000000  0.03686054  40.00000000  1553.07073995  0.99000000
0.03686054  38.00000000  0.03686054  40.00000000  1553.07073995  0.99000000
0.03686054  38.00000000  0.03686054  40.00000000  1553.07073995  0.99000000
0.03686054  38.00000000  0.03686054  40.00000000  1553.07073995  0.99000000
0.03686054  38.00000000  0.03686054  40.00000000  1553.07073995  0.99000000
0.03686054  38.00000000  0.03686054  40.00000000  1553.07073995  0.99000000
0.03686054  38.00000000  0.03686054  40.00000000  1553.07073995  0.99000000
0.03686054  38.00000000  0.03686054  40.00000000  1553.07073995  0.99000000
0.03534105  38.00000000  0.03534105  40.00000000  1553.06916324  0.99000000
0.03697582  38.00000000  0.03697582  40.00000000  1553.06749070  0.99000000
0.03686054  38.00000000  0.03686054  40.00000000  1553.07073995  0.99000000
0.03686054  38.00000000  0.03686054  40.00000000  1553.07073995  0.99000000
0.03686054  38.00000000  0.03686054  40.00000000  1553.07073995  0.99000000
0.02261947  38.00000000  0.02261947  40.00000000  1553.04495754  0.99000000
0.03686054  38.00000000  0.03686054  40.00000000  1553.07073995  0.99000000
0.03686054  38.00000000  0.03686054  40.00000000  1553.07073995  0.99000000
0.03686054  38.00000000  0.03686054  40.00000000  1553.07073995  0.99000000
0.03686054  38.00000000  0.03686054  40.00000000  1553.07073995  0.99000000
0.03686054  38.00000000  0.03686054  40.00000000  1553.07073995  0.99000000
0.03686054  38.00000000  0.03686054  40.00000000  1553.07073995  0.99000000
0.03686054  38.00000000  0.03686054  40.00000000  1553.07073995  0.99000000
0.03686054  38.00000000  0.03686054  40.00000000  1553.07073995  0.99000000
0.02420828  38.00000000  0.02420828  40.00000000  1553.01126258  0.99000000
0.03686054  38.00000000  0.03686054  40.00000000  1553.07073995  0.99000000
0.03686054  38.00000000  0.03686054  40.00000000  1553.07073995  0.99000000
0.03686054  38.00000000  0.03686054  40.00000000  1553.07073995  0.99000000
0.03686054  38.00000000  0.03686054  40.00000000  1553.07073995  0.99000000
0.03686054  38.00000000  0.03686054  40.00000000  1553.07073995  0.99000000
0.03686054  38.00000000  0.03686054  40.00000000  1553.07073995  0.99000000
0.03686054  38.00000000  0.03686054  40.00000000  1553.07073995  0.99000000
0.03686054  38.00000000  0.03686054  40.00000000  1553.07073995  0.99000000
0.02962600  38.00000000  0.02962600  40.00000000  1553.03659225  0.99000000
0.03686054  38.00000000  0.03686054  40.00000000  1553.07073995  0.99000000
0.03686054  38.00000000  0.03686054  40.00000000  1553.07073995  0.99000000
0.00357255  37.00000000  0.00349949  40.00000000  1510.64729630  0.99000000
0.03686054  38.00000000  0.03686054  40.00000000  1553.07073995  0.99000000
0.00087025  38.00000000  0.00087025  40.00000000  1548.56303118  0.99000000
0.03412366  38.00000000  0.03412366  40.00000000  1553.04758948  0.99000000
0.03686054  38.00000000  0.03686054  40.00000000  1553.07073995  0.99000000
0.03686054  38.00000000  0.03686054  40.00000000  1553.07073995  0.99000000
0.03686054  38.00000000  0.03686054  40.00000000  1553.07073995  0.99000000
0.02294933  38.00000000  0.02294933  40.00000000  1553.02858265  0.99000000
0.03686054  38.00000000  0.03686054  40.00000000  1553.07073995  0.99000000
0.03686054  38.00000000  0.03686054  40.00000000  1553.07073995  0.99000000
0.03686054  38.00000000  0.03686054  40.00000000  1553.07073995  0.99000000
0.03686054  38.00000000  0.03686054  40.00000000  1553.07073995  0.99000000
0.03686046  38.00000000  0.03686046  40.00000000  1553.06873159  0.99000000
0.02375678  38.00000000  0.02375678  40.00000000  1441.07170717  0.99000000
0.03686054  38.00000000  0.03686054  40.00000000  1553.07073995  0.99000000
0.03686054  38.00000000  0.03686054  40.00000000  1553.07073995  0.99000000
0.03686054  38.00000000  0.03686054  40.00000000  1553.07073995  0.99000000
0.03686054  38.00000000  0.03686054  40.00000000  1553.07073995  0.99000000
0.00118938  29.00000000  0.00098196  40.00000000  1570.98075335  0.99000000
0.03686054  38.00000000  0.03686054  40.00000000  1553.07073995  0.99000000
0.03204972  38.00000000  0.03204972  40.00000000  1547.28260631  0.99000000
0.03686054  38.00000000  0.03686054  40.00000000  1553.07073995  0.99000000
0.03686054  38.00000000  0.03686054  40.00000000  1553.07073995  0.99000000
0.03686054  38.00000000  0.03686054  40.00000000  1553.07073995  0.99000000
0.03683676  38.00000000  0.03683676  40.00000000  1553.06028029  0.99000000
0.03686054  38.00000000  0.03686054  40.00000000  1553.07073995  0.99000000
0.02227316  38.00000000  0.02227316  40.00000000  1552.86418694  0.99000000
0.03686054  38.00000000  0.03686054  40.00000000  1553.07073995  0.99000000
0.03686054  38.00000000  0.03686054  40.00000000  1553.07073995  0.99000000
0.03686054  38.00000000  0.03686054  40.00000000  1553.07073995  0.99000000
0.03686054  38.00000000  0.03686054  40.00000000  1553.07073995  0.99000000
0.00139648  38.00000000  0.00139648  40.00000000  1543.38796660  0.99000000
0.03500255  38.00000000  0.03500255  40.00000000  1553.05266916  0.99000000
0.03686054  38.00000000  0.03686054  40.00000000  1553.07073995  0.99000000
0.03686054  38.00000000  0.03686054  40.00000000  1553.07073995  0.99000000
0.03686054  38.00000000  0.03686054  40.00000000  1553.07073995  0.99000000
0.03686054  38.00000000  0.03686054  40.00000000  1553.07073995  0.99000000
0.03686054  38.00000000  0.03686054  40.00000000  1553.07073995  0.99000000
0.03686054  38.00000000  0.03686054  40.00000000  1553.07073995  0.99000000
0.03686054  38.00000000  0.03686054  40.00000000  1553.07073995  0.99000000
0.03686054  38.00000000  0.03686054  40.00000000  1553.07073995  0.99000000
0.00191952  38.00000000  0.00191952  40.00000000  1542.93211516  0.99000000
0.03500255  38.00000000  0.03500255  40.00000000  1553.05266916  0.99000000
0.03686054  38.00000000  0.03686054  40.00000000  1553.07073995  0.99000000
0.03686054  38.00000000  0.03686054  40.00000000  1553.07073995  0.99000000
0.03686054  38.00000000  0.03686054  40.00000000  1553.07073995  0.99000000
0.00184045  38.00000000  0.00184045  40.00000000  1543.38332939  0.99000000
0.03686054  38.00000000  0.03686054  40.00000000  1553.07073995  0.99000000
0.03772064  38.00000000  0.03772064  40.00000000  1553.07252623  0.99000000
0.03686054  38.00000000  0.03686054  40.00000000  1553.07073995  0.99000000
0.02932627  38.00000000  0.02932627  40.00000000  1553.02490714  0.99000000
0.03686054  38.00000000  0.03686054  40.00000000  1553.07073995  0.99000000
0.00106311  35.00000000  0.00086563  40.00000000  1550.25942928  0.99000000
0.03686054  38.00000000  0.03686054  40.00000000  1553.07073995  0.99000000
0.03686054  38.00000000  0.03686054  40.00000000  1553.07073995  0.99000000
0.03686054  38.00000000  0.03686054  40.00000000  1553.07073995  0.99000000
0.03686054  38.00000000  0.03686054  40.00000000  1553.07073995  0.99000000
0.00070081  29.00000000  0.00063863  40.00000000  1558.41405291  0.99000000
0.10496343  38.00000000  0.10496343  40.00000000  1609.25366255  0.99000000
0.03686054  38.00000000  0.03686054  40.00000000  1553.07073995  0.99000000
0.00442609  38.00000000  0.00442609  40.00000000  1574.71131157  0.99000000
0.03686054  38.00000000  0.03686054  40.00000000  1553.07073995  0.99000000
0.03686054  38.00000000  0.03686054  40.00000000  1553.07073995  0.99000000
0.05257619  38.00000000  0.05257619  40.00000000  1569.64385397  0.99000000
0.03686054  38.00000000  0.03686054  40.00000000  1553.07073995  0.99000000
0.03686054  38.00000000  0.03686054  40.00000000  1553.07073995  0.99000000
0.03686054  38.00000000  0.03686054  40.00000000  1553.07073995  0.99000000
0.03686054  38.00000000  0.03686054  40.00000000  1553.07073995  0.99000000
0.03686054  38.00000000  0.03686054  40.00000000  1553.07073995  0.99000000
0.03686054  38.00000000  0.03686054  40.00000000  1553.07073995  0.99000000
0.03686054  38.00000000  0.03686054  40.00000000  1553.07073995  0.99000000
0.03686054  38.00000000  0.03686054  40.00000000  1553.07073995  0.99000000
0.03686054  38.00000000  0.03686054  40.00000000  1553.07073995  0.99000000
0.07743419  38.00000000  0.07743419  40.00000000  1600.33377226  0.99000000
0.02594647  38.00000000  0.02594647  40.00000000  1553.03393988  0.99000000
0.00113902  38.00000000  0.00113902  40.00000000  1593.46859040  0.99000000
0.00147871  38.00000000  0.00147871  40.00000000  1548.56334854  0.99000000
0.03686054  38.00000000  0.03686054  40.00000000  1553.07073995  0.99000000
0.03686054  38.00000000  0.03686054  40.00000000  1553.07073995  0.99000000
0.03686054  38.00000000  0.03686054  40.00000000  1553.07073995  0.99000000
0.03686054  38.00000000  0.03686054  40.00000000  1553.07073995  0.99000000
0.18893225  36.00000000  0.17213662  40.00000000  1848.97167447  0.99000000
0.00162288  38.00000000  0.00162288  40.00000000  1552.21669397  0.99000000
0.03686054  38.00000000  0.03686054  40.00000000  1553.07073995  0.99000000
0.00176060  30.00000000  0.00114712  40.00000000  1323.65229783  0.99000000
0.03686054  38.00000000  0.03686054  40.00000000  1553.07073995  0.99000000
0.03686054  38.00000000  0.03686054  40.00000000  1553.07073995  0.99000000
0.00222942  38.00000000  0.00222942  40.00000000  1556.57727222  0.99000000
0.03686054  38.00000000  0.03686054  40.00000000  1553.07073995  0.99000000
0.03686054  38.00000000  0.03686054  40.00000000  1553.07073995  0.99000000
0.03686054  38.00000000  0.03686054  40.00000000  1553.07073995  0.99000000
0.03686054  38.00000000  0.03686054  40.00000000  1553.07073995  0.99000000
0.03689470  38.00000000  0.03689470  40.00000000  1553.06511303  0.99000000
0.03686054  38.00000000  0.03686054  40.00000000  1553.07073995  0.99000000
0.03686054  38.00000000  0.03686054  40.00000000  1553.07073995  0.99000000
0.03686054  38.00000000  0.03686054  40.00000000  1553.07073995  0.99000000
0.03686054  38.00000000  0.03686054  40.00000000  1553.07073995  0.99000000
0.03686054  38.00000000  0.03686054  40.00000000  1553.07073995  0.99000000
0.03686054  38.00000000  0.03686054  40.00000000  1553.07073995  0.99000000
0.03686054  38.00000000  0.03686054  40.00000000  1553.07073995  0.99000000
0.03686054  38.00000000  0.03686054  40.00000000  1553.07073995  0.99000000
0.00172903  34.00000000  0.00098249  40.00000000  1558.17709848  0.99000000
0.00375264  38.00000000  0.00375264  40.00000000  1553.33834643  0.99000000
0.03686054  38.00000000  0.03686054  40.00000000  1553.07073995  0.99000000
0.03686054  38.00000000  0.03686054  40.00000000  1553.07073995  0.99000000
0.03686054  38.00000000  0.03686054  40.00000000  1553.07073995  0.99000000
0.03686054  38.00000000  0.03686054  40.00000000  1553.07073995  0.99000000
0.03686054  38.00000000  0.03686054  40.00000000  1553.07073995  0.99000000
0.00147450  38.00000000  0.00147450  40.00000000  1556.17528882  0.99000000
0.03686054  38.00000000  0.03686054  40.00000000  1553.07073995  0.99000000
0.03686054  38.00000000  0.03686054  40.00000000  1553.07073995  0.99000000
0.03686054  38.00000000  0.03686054  40.00000000  1553.07073995  0.99000000
0.03686054  38.00000000  0.03686054  40.00000000  1553.07073995  0.99000000
0.03686054  38.00000000  0.03686054  40.00000000  1553.07073995  0.99000000
0.03686054  38.00000000  0.03686054  40.00000000  1553.07073995  0.99000000
0.03686038  38.00000000  0.03686038  40.00000000  1553.06921066  0.99000000
0.03686054  38.00000000  0.03686054  40.00000000  1553.07073995  0.99000000
0.03686054  38.00000000  0.03686054  40.00000000  1553.07073995  0.99000000
0.02637441  38.00000000  0.02637441  40.00000000  1537.56339181  0.99000000
0.02045953  37.00000000  0.01985119  40.00000000  1599.81953010  0.99000000
0.03686054  38.00000000  0.03686054  40.00000000  1553.07073995  0.99000000
0.03686054  38.00000000  0.03686054  40.00000000  1553.07073995  0.99000000
0.03686054  38.00000000  0.03686054  40.00000000  1553.07073995  0.99000000
0.03686054  38.00000000  0.03686054  40.00000000  1553.07073995  0.99000000
0.03686054  38.00000000  0.03686054  40.00000000  1553.07073995  0.99000000
0.03686054  38.00000000  0.03686054  40.00000000  1553.07073995  0.99000000
0.03686054  38.00000000  0.03686054  40.00000000  1553.07073995  0.99000000
0.03686054  38.00000000  0.03686054  40.00000000  1553.07073995  0.99000000
0.03686054  38.00000000  0.03686054  40.00000000  1553.07073995  0.99000000
0.03686054  38.00000000  0.03686054  40.00000000  1553.07073995  0.99000000
0.03686054  38.00000000  0.03686054  40.00000000  1553.07073995  0.99000000
0.03686054  38.00000000  0.03686054  40.00000000  1553.07073995  0.99000000
0.03686054  38.00000000  0.03686054  40.00000000  1553.07073995  0.99000000
0.03686054  38.00000000  0.03686054  40.00000000  1553.07073995  0.99000000
0.03686054  38.00000000  0.03686054  40.00000000  1553.07073995  0.99000000
0.03686054  38.00000000  0.03686054  40.00000000  1553.07073995  0.99000000
0.03686054  38.00000000  0.03686054  40.00000000  1553.07073995  0.99000000
0.03686054  38.00000000  0.03686054  40.00000000  1553.07073995  0.99000000
0.03686054  38.00000000  0.03686054  40.00000000  1553.07073995  0.99000000
0.03686054  38.00000000  0.03686054  40.00000000  1553.07073995  0.99000000
0.03686054  38.00000000  0.03686054  40.00000000  1553.07073995  0.99000000
0.03686054  38.00000000  0.03686054  40.00000000  1553.07073995  0.99000000
0.03686054  38.00000000  0.03686054  40.00000000  1553.07073995  0.99000000
0.03686054  38.00000000  0.03686054  40.00000000  1553.07073995  0.99000000
0.03686054  38.00000000  0.03686054  40.00000000  1553.07073995  0.99000000
0.00084106  38.00000000  0.00084106  40.00000000  1552.96127270  0.99000000
0.03686054  38.00000000  0.03686054  40.00000000  1553.07073995  0.99000000
0.03686054  38.00000000  0.03686054  40.00000000  1553.07073995  0.99000000
0.00136147  38.00000000  0.00136147  40.00000000  1552.96151977  0.99000000
0.03686054  38.00000000  0.03686054  40.00000000  1553.07073995  0.99000000
0.03686054  38.00000000  0.03686054  40.00000000  1553.07073995  0.99000000
0.03686054  38.00000000  0.03686054  40.00000000  1553.07073995  0.99000000
0.03686054  38.00000000  0.03686054  40.00000000  1553.07073995  0.99000000
0.03686054  38.00000000  0.03686054  40.00000000  1553.07073995  0.99000000
0.03686054  38.00000000  0.03686054  40.00000000  1553.07073995  0.99000000
0.03686054  38.00000000  0.03686054  40.00000000  1553.07073995  0.99000000
0.02373153  38.00000000  0.02373153  40.00000000  1553.01712923  0.99000000
0.03686054  38.00000000  0.03686054  40.00000000  1553.07073995  0.99000000
0.00067833  38.00000000  0.00067833  40.00000000  1556.39923106  0.99000000
0.03686054  38.00000000  0.03686054  40.00000000  1553.07073995  0.99000000
0.03686054  38.00000000  0.03686054  40.00000000  1553.07073995  0.99000000
0.03686054  38.00000000  0.03686054  40.00000000  1553.07073995  0.99000000
0.03686054  38.00000000  0.03686054  40.00000000  1553.07073995  0.99000000
0.03686054  38.00000000  0.03686054  40.00000000  1553.07073995  0.99000000
0.03686054  38.00000000  0.03686054  40.00000000  1553.07073995  0.99000000
0.03591065  38.00000000  0.03591065  40.00000000  1553.06434845  0.99000000
0.03686054  38.00000000  0.03686054  40.00000000  1553.07073995  0.99000000
0.00139648  38.00000000  0.00139648  40.00000000  1543.38796660  0.99000000
0.03686054  38.00000000  0.03686054  40.00000000  1553.07073995  0.99000000
0.00804710  38.00000000  0.00804710  40.00000000  1450.33237634  0.99000000
0.03686054  38.00000000  0.03686054  40.00000000  1553.07073995  0.99000000
0.03686054  38.00000000  0.03686054  40.00000000  1553.07073995  0.99000000
0.03686054  38.00000000  0.03686054  40.00000000  1553.07073995  0.99000000
0.03686054  38.00000000  0.03686054  40.00000000  1553.07073995  0.99000000
0.03686054  38.00000000  0.03686054  40.00000000  1553.07073995  0.99000000
0.03686054  38.00000000  0.03686054  40.00000000  1553.07073995  0.99000000
0.03686054  38.00000000  0.03686054  40.00000000  1553.07073995  0.99000000
0.03686054  38.00000000  0.03686054  40.00000000  1553.07073995  0.99000000
0.03686054  38.00000000  0.03686054  40.00000000  1553.07073995  0.99000000
0.03686054  38.00000000  0.03686054  40.00000000  1553.07073995  0.99000000
0.03686054  38.00000000  0.03686054  40.00000000  1553.07073995  0.99000000
0.03686054  38.00000000  0.03686054  40.00000000  1553.07073995  0.99000000
0.03686054  38.00000000  0.03686054  40.00000000  1553.07073995  0.99000000
0.01936458  38.00000000  0.01936458  40.00000000  1554.35593603  0.99000000
0.03686055  38.00000000  0.03686055  40.00000000  1553.07351720  0.99000000
0.03686055  38.00000000  0.03686055  40.00000000  1553.07351720  0.99000000
0.03686054  38.00000000  0.03686054  40.00000000  1553.07073995  0.99000000
0.02362977  35.00000000  0.01758027  40.00000000  1638.38544530  0.99000000
0.02657119  38.00000000  0.02657119  40.00000000  1553.02714244  0.99000000
0.03686054  38.00000000  0.03686054  40.00000000  1553.07073995  0.99000000
0.03686054  38.00000000  0.03686054  40.00000000  1553.07073995  0.99000000
0.03686054  38.00000000  0.03686054  40.00000000  1553.07073995  0.99000000
0.03686054  38.00000000  0.03686054  40.00000000  1553.07073995  0.99000000
0.03686054  38.00000000  0.03686054  40.00000000  1553.07073995  0.99000000
0.00246989  38.00000000  0.00246989  40.00000000  1566.55506440  0.99000000
0.00065790  37.00000000  0.00065387  40.00000000  1550.38609269  0.99000000
0.03686054  38.00000000  0.03686054  40.00000000  1553.07073995  0.99000000
0.03699266  38.00000000  0.03699266  40.00000000  1553.06489885  0.99000000
0.03686054  38.00000000  0.03686054  40.00000000  1553.07073995  0.99000000
0.03686054  38.00000000  0.03686054  40.00000000  1553.07073995  0.99000000
0.03686054  38.00000000  0.03686054  40.00000000  1553.07073995  0.99000000
0.03686054  38.00000000  0.03686054  40.00000000  1553.07073995  0.99000000
0.03686054  38.00000000  0.03686054  40.00000000  1553.07073995  0.99000000
0.03686054  38.00000000  0.03686054  40.00000000  1553.07073995  0.99000000
0.04834059  38.00000000  0.04834059  40.00000000  1569.39300832  0.99000000
0.00376629  38.00000000  0.00376629  40.00000000  1574.78115295  0.99000000
0.03686054  38.00000000  0.03686054  40.00000000  1553.07073995  0.99000000
0.03686054  38.00000000  0.03686054  40.00000000  1553.07073995  0.99000000
0.03683676  38.00000000  0.03683676  40.00000000  1553.06028029  0.99000000
0.03686054  38.00000000  0.03686054  40.00000000  1553.07073995  0.99000000
0.03686054  38.00000000  0.03686054  40.00000000  1553.07073995  0.99000000
0.01688698  38.00000000  0.01688698  40.00000000  1552.98794494  0.99000000
0.03686054  38.00000000  0.03686054  40.00000000  1553.07073995  0.99000000
0.03718558  38.00000000  0.03718558  40.00000000  1551.34188526  0.99000000
0.03686054  38.00000000  0.03686054  40.00000000  1553.07073995  0.99000000
0.03686054  38.00000000  0.03686054  40.00000000  1553.07073995  0.99000000
0.03686054  38.00000000  0.03686054  40.00000000  1553.07073995  0.99000000
0.03686054  38.00000000  0.03686054  40.00000000  1553.07073995  0.99000000
0.03686054  38.00000000  0.03686054  40.00000000  1553.07073995  0.99000000
0.03686054  38.00000000  0.03686054  40.00000000  1553.07073995  0.99000000
0.03686054  38.00000000  0.03686054  40.00000000  1553.07073995  0.99000000
0.03686054  38.00000000  0.03686054  40.00000000  1553.07073995  0.99000000
0.00043550  27.00000000  0.00038929  40.00000000  1552.96118392  0.99000000
0.03686054  38.00000000  0.03686054  40.00000000  1553.07073995  0.99000000
0.00357889  38.00000000  0.00357889  40.00000000  1586.01358690  0.99000000
0.03686054  38.00000000  0.03686054  40.00000000  1553.07073995  0.99000000
0.03686041  38.00000000  0.03686041  40.00000000  1553.07074805  0.99000000
0.03686054  38.00000000  0.03686054  40.00000000  1553.07073995  0.99000000
0.00795694  38.00000000  0.00795694  40.00000000  1552.97041582  0.99000000
0.03686054  38.00000000  0.03686054  40.00000000  1553.07073995  0.99000000
0.03686054  38.00000000  0.03686054  40.00000000  1553.07073995  0.99000000
0.03686054  38.00000000  0.03686054  40.00000000  1553.07073995  0.99000000
0.03686054  38.00000000  0.03686054  40.00000000  1553.07073995  0.99000000
0.03686054  38.00000000  0.03686054  40.00000000  1553.07073995  0.99000000
0.00043550  27.00000000  0.00038929  40.00000000  1552.96118392  0.99000000
0.03685834  38.00000000  0.03685834  40.00000000  1553.07145648  0.99000000
0.78885170  36.00000000  0.72601448  40.00000000  2099.91241376  0.99000000
0.00118938  29.00000000  0.00098196  40.00000000  1570.98075335  0.99000000
0.01562596  29.00000000  0.00231200  40.00000000  1161.38671537  0.99000000
0.03686054  38.00000000  0.03686054  40.00000000  1553.07073995  0.99000000
0.03686054  38.00000000  0.03686054  40.00000000  1553.07073995  0.99000000
0.03686054  38.00000000  0.03686054  40.00000000  1553.07073995  0.99000000
0.03686054  38.00000000  0.03686054  40.00000000  1553.07073995  0.99000000
0.03686054  38.00000000  0.03686054  40.00000000  1553.07073995  0.99000000
0.03686054  38.00000000  0.03686054  40.00000000  1553.07073995  0.99000000
0.03686054  38.00000000  0.03686054  40.00000000  1553.07073995  0.99000000
0.03686054  38.00000000  0.03686054  40.00000000  1553.07073995  0.99000000
0.03686054  38.00000000  0.03686054  40.00000000  1553.07073995  0.99000000
0.03686054  38.00000000  0.03686054  40.00000000  1553.07073995  0.99000000
0.03686054  38.00000000  0.03686054  40.00000000  1553.07073995  0.99000000
0.03683676  38.00000000  0.03683676  40.00000000  1553.06028029  0.99000000
0.03686054  38.00000000  0.03686054  40.00000000  1553.07073995  0.99000000
0.00401692  38.00000000  0.00401692  40.00000000  1552.84287184  0.99000000
0.03686054  38.00000000  0.03686054  40.00000000  1553.07073995  0.99000000
0.03686054  38.00000000  0.03686054  40.00000000  1553.07073995  0.99000000
0.03686054  38.00000000  0.03686054  40.00000000  1553.07073995  0.99000000
0.03686054  38.00000000  0.03686054  40.00000000  1553.07073995  0.99000000
0.03686054  38.00000000  0.03686054  40.00000000  1553.07073995  0.99000000
0.03686054  38.00000000  0.03686054  40.00000000  1553.07073995  0.99000000
0.01925392  38.00000000  0.01925392  40.00000000  1552.99805011  0.99000000
0.03686054  38.00000000  0.03686054  40.00000000  1553.07073995  0.99000000
0.03686054  38.00000000  0.03686054  40.00000000  1553.07073995  0.99000000
0.02635658  38.00000000  0.02635658  40.00000000  1554.45019874  0.99000000
0.03686054  38.00000000  0.03686054  40.00000000  1553.07073995  0.99000000
0.00984447  38.00000000  0.00984447  40.00000000  1552.98590934  0.99000000
0.03686054  38.00000000  0.03686054  40.00000000  1553.07073995  0.99000000
0.03686054  38.00000000  0.03686054  40.00000000  1553.07073995  0.99000000
0.00207234  32.00000000  0.00157163  40.00000000  1566.60815189  0.99000000
0.03686054  38.00000000  0.03686054  40.00000000  1553.07073995  0.99000000
0.01615141  38.00000000  0.01615141  40.00000000  1552.98060017  0.99000000
0.03700736  38.00000000  0.03700736  40.00000000  1553.05843040  0.99000000
0.02139167  38.00000000  0.02139167  40.00000000  1553.01222154  0.99000000
0.00120439  29.00000000  0.00093149  40.00000000  1570.99998405  0.99000000
0.03686054  38.00000000  0.03686054  40.00000000  1553.07073995  0.99000000
0.03686054  38.00000000  0.03686054  40.00000000  1553.07073995  0.99000000
0.03686054  38.00000000  0.03686054  40.00000000  1553.07073995  0.99000000
0.03686054  38.00000000  0.03686054  40.00000000  1553.07073995  0.99000000
0.03686054  38.00000000  0.03686054  40.00000000  1553.07073995  0.99000000
0.03500255  38.00000000  0.03500255  40.00000000  1553.05266916  0.99000000
0.00018780  33.00000000  0.00016702  40.00000000  1533.10808758  0.99000000
0.03686054  38.00000000  0.03686054  40.00000000  1553.07073995  0.99000000
0.03412366  38.00000000  0.03412366  40.00000000  1553.04758948  0.99000000
0.03686054  38.00000000  0.03686054  40.00000000  1553.07073995  0.99000000
0.03686054  38.00000000  0.03686054  40.00000000  1553.07073995  0.99000000
0.01911978  32.00000000  0.00473357  40.00000000  1163.59150276  0.99000000
0.03686054  38.00000000  0.03686054  40.00000000  1553.07073995  0.99000000
0.03686054  38.00000000  0.03686054  40.00000000  1553.07073995  0.99000000
0.00376603  38.00000000  0.00376603  40.00000000  1574.78119338  0.99000000
0.03686054  38.00000000  0.03686054  40.00000000  1553.07073995  0.99000000
0.03686054  38.00000000  0.03686054  40.00000000  1553.07073995  0.99000000
0.03686054  38.00000000  0.03686054  40.00000000  1553.07073995  0.99000000
0.03686054  38.00000000  0.03686054  40.00000000  1553.07073995  0.99000000
0.03686054  38.00000000  0.03686054  40.00000000  1553.07073995  0.99000000
0.03686054  38.00000000  0.03686054  40.00000000  1553.07073995  0.99000000
0.03273602  38.00000000  0.03273602  40.00000000  1553.04090509  0.99000000
0.03686054  38.00000000  0.03686054  40.00000000  1553.07073995  0.99000000
0.03686054  38.00000000  0.03686054  40.00000000  1553.07073995  0.99000000
0.03412366  38.00000000  0.03412366  40.00000000  1553.04758948  0.99000000
0.03686054  38.00000000  0.03686054  40.00000000  1553.07073995  0.99000000
0.03686054  38.00000000  0.03686054  40.00000000  1553.07073995  0.99000000
0.03686054  38.00000000  0.03686054  40.00000000  1553.07073995  0.99000000
0.03686054  38.00000000  0.03686054  40.00000000  1553.07073995  0.99000000
0.03686054  38.00000000  0.03686054  40.00000000  1553.07073995  0.99000000
0.03686054  38.00000000  0.03686054  40.00000000  1553.07073995  0.99000000
0.03686054  38.00000000  0.03686054  40.00000000  1553.07073995  0.99000000
0.02184334  38.00000000  0.02184334  40.00000000  1553.02404044  0.99000000
0.03686054  38.00000000  0.03686054  40.00000000  1553.07073995  0.99000000
0.03686054  38.00000000  0.03686054  40.00000000  1553.07073995  0.99000000
0.03686054  38.00000000  0.03686054  40.00000000  1553.07073995  0.99000000
0.03686054  38.00000000  0.03686054  40.00000000  1553.07073995  0.99000000
0.03686054  38.00000000  0.03686054  40.00000000  1553.07073995  0.99000000
0.03686054  38.00000000  0.03686054  40.00000000  1553.07073995  0.99000000
0.03686054  38.00000000  0.03686054  40.00000000  1553.07073995  0.99000000
0.03706103  38.00000000  0.03706103  40.00000000  1553.05014891  0.99000000
0.00070081  29.00000000  0.00063863  40.00000000  1558.41405291  0.99000000
0.03686054  38.00000000  0.03686054  40.00000000  1553.07073995  0.99000000
0.00124525  38.00000000  0.00124525  40.00000000  1544.68833038  0.99000000
0.03686054  38.00000000  0.03686054  40.00000000  1553.07073995  0.99000000
0.03686054  38.00000000  0.03686054  40.00000000  1553.07073995  0.99000000
0.03686054  38.00000000  0.03686054  40.00000000  1553.07073995  0.99000000
0.03685649  38.00000000  0.03685649  40.00000000  1553.07089936  0.99000000
0.03686054  38.00000000  0.03686054  40.00000000  1553.07073995  0.99000000
0.03686054  38.00000000  0.03686054  40.00000000  1553.07073995  0.99000000
0.03686054  38.00000000  0.03686054  40.00000000  1553.07073995  0.99000000
0.03686054  38.00000000  0.03686054  40.00000000  1553.07073995  0.99000000
0.03686054  38.00000000  0.03686054  40.00000000  1553.07073995  0.99000000
0.03686054  38.00000000  0.03686054  40.00000000  1553.07073995  0.99000000
0.00130825  38.00000000  0.00130825  40.00000000  1546.42648914  0.99000000
0.03686054  38.00000000  0.03686054  40.00000000  1553.07073995  0.99000000
0.03686054  38.00000000  0.03686054  40.00000000  1553.07073995  0.99000000
0.03686054  38.00000000  0.03686054  40.00000000  1553.07073995  0.99000000
0.00442609  38.00000000  0.00442609  40.00000000  1574.71131157  0.99000000
0.03685663  38.00000000  0.03685663  40.00000000  1553.07379596  0.99000000
0.03412366  38.00000000  0.03412366  40.00000000  1553.04758948  0.99000000
0.02757841  38.00000000  0.02757841  40.00000000  1553.02668047  0.99000000
0.03686054  38.00000000  0.03686054  40.00000000  1553.07073995  0.99000000
0.03686054  38.00000000  0.03686054  40.00000000  1553.07073995  0.99000000
0.03686054  38.00000000  0.03686054  40.00000000  1553.07073995  0.99000000
0.00276253  38.00000000  0.00276253  40.00000000  1551.78195126  0.99000000
0.03686054  38.00000000  0.03686054  40.00000000  1553.07073995  0.99000000
0.03686054  38.00000000  0.03686054  40.00000000  1553.07073995  0.99000000
0.03686041  38.00000000  0.03686041  40.00000000  1553.07074805  0.99000000
0.03686054  38.00000000  0.03686054  40.00000000  1553.07073995  0.99000000
0.03686054  38.00000000  0.03686054  40.00000000  1553.07073995  0.99000000
0.03686054  38.00000000  0.03686054  40.00000000  1553.07073995  0.99000000
0.00357428  38.00000000  0.00357428  40.00000000  1586.01594484  0.99000000
0.03686054  38.00000000  0.03686054  40.00000000  1553.07073995  0.99000000
0.03686054  38.00000000  0.03686054  40.00000000  1553.07073995  0.99000000
0.03686054  38.00000000  0.03686054  40.00000000  1553.07073995  0.99000000
0.03321290  38.00000000  0.03321290  40.00000000  1553.04712440  0.99000000
0.03686054  38.00000000  0.03686054  40.00000000  1553.07073995  0.99000000
0.03686054  38.00000000  0.03686054  40.00000000  1553.07073995  0.99000000
0.00222942  38.00000000  0.00222942  40.00000000  1556.57727222  0.99000000
0.03686054  38.00000000  0.03686054  40.00000000  1553.07073995  0.99000000
0.00257683  37.00000000  0.00254794  40.00000000  1556.62878632  0.99000000
0.03718558  38.00000000  0.03718558  40.00000000  1551.34188526  0.99000000
0.03686054  38.00000000  0.03686054  40.00000000  1553.07073995  0.99000000
0.03686054  38.00000000  0.03686054  40.00000000  1553.07073995  0.99000000
0.03686054  38.00000000  0.03686054  40.00000000  1553.07073995  0.99000000
0.03686054  38.00000000  0.03686054  40.00000000  1553.07073995  0.99000000
0.03686054  38.00000000  0.03686054  40.00000000  1553.07073995  0.99000000
0.03686054  38.00000000  0.03686054  40.00000000  1553.07073995  0.99000000
0.03686054  38.00000000  0.03686054  40.00000000  1553.07073995  0.99000000
0.03686054  38.00000000  0.03686054  40.00000000  1553.07073995  0.99000000
0.03686054  38.00000000  0.03686054  40.00000000  1553.07073995  0.99000000
0.03686054  38.00000000  0.03686054  40.00000000  1553.07073995  0.99000000
0.03686054  38.00000000  0.03686054  40.00000000  1553.07073995  0.99000000
0.03686054  38.00000000  0.03686054  40.00000000  1553.07073995  0.99000000
0.03686054  38.00000000  0.03686054  40.00000000  1553.07073995  0.99000000
0.03686054  38.00000000  0.03686054  40.00000000  1553.07073995  0.99000000
0.02594647  38.00000000  0.02594647  40.00000000  1553.03393988  0.99000000
0.03686054  38.00000000  0.03686054  40.00000000  1553.07073995  0.99000000
0.03686054  38.00000000  0.03686054  40.00000000  1553.07073995  0.99000000
0.03686054  38.00000000  0.03686054  40.00000000  1553.07073995  0.99000000
0.03686054  38.00000000  0.03686054  40.00000000  1553.07073995  0.99000000
0.03686054  38.00000000  0.03686054  40.00000000  1553.07073995  0.99000000
0.03686054  38.00000000  0.03686054  40.00000000  1553.07073995  0.99000000
0.03686054  38.00000000  0.03686054  40.00000000  1553.07073995  0.99000000
0.02718713  38.00000000  0.02718713  40.00000000  1553.03200964  0.99000000
0.03686054  38.00000000  0.03686054  40.00000000  1553.07073995  0.99000000
0.03686054  38.00000000  0.03686054  40.00000000  1553.07073995  0.99000000
0.01328591  37.00000000  0.00633867  40.00000000  1552.96439236  0.99000000
0.01092786  36.00000000  0.01068668  40.00000000  1562.78831890  0.99000000
0.03686054  38.00000000  0.03686054  40.00000000  1553.07073995  0.99000000
0.03686054  38.00000000  0.03686054  40.00000000  1553.07073995  0.99000000
0.03147942  38.00000000  0.03147942  40.00000000  1553.03879822  0.99000000
0.00414014  38.00000000  0.00414014  40.00000000  1565.44352424  0.99000000
0.03686054  38.00000000  0.03686054  40.00000000  1553.07073995  0.99000000
0.03686054  38.00000000  0.03686054  40.00000000  1553.07073995  0.99000000
0.03686054  38.00000000  0.03686054  40.00000000  1553.07073995  0.99000000
0.03686054  38.00000000  0.03686054  40.00000000  1553.07073995  0.99000000
0.03686054  38.00000000  0.03686054  40.00000000  1553.07073995  0.99000000
0.03687465  38.00000000  0.03687465  40.00000000  1553.07328263  0.99000000
0.07389262  38.00000000  0.07389262  40.00000000  1353.18045787  0.99000000
0.03686054  38.00000000  0.03686054  40.00000000  1553.07073995  0.99000000
0.03686054  38.00000000  0.03686054  40.00000000  1553.07073995  0.99000000
0.00650268  38.00000000  0.00650268  40.00000000  1552.96514140  0.99000000
0.03686054  38.00000000  0.03686054  40.00000000  1553.07073995  0.99000000
0.03686054  38.00000000  0.03686054  40.00000000  1553.07073995  0.99000000
0.03686054  38.00000000  0.03686054  40.00000000  1553.07073995  0.99000000
0.00092798  38.00000000  0.00092798  40.00000000  1565.93887118  0.99000000
0.03686054  38.00000000  0.03686054  40.00000000  1553.07073995  0.99000000
0.03686054  38.00000000  0.03686054  40.00000000  1553.07073995  0.99000000
0.03686054  38.00000000  0.03686054  40.00000000  1553.07073995  0.99000000
0.02161489  38.00000000  0.02161489  40.00000000  1552.99200557  0.99000000
0.03686054  38.00000000  0.03686054  40.00000000  1553.07073995  0.99000000
0.03686054  38.00000000  0.03686054  40.00000000  1553.07073995  0.99000000
0.07743891  34.00000000  0.01445829  40.00000000  1461.93400012  0.99000000
0.03686054  38.00000000  0.03686054  40.00000000  1553.07073995  0.99000000
0.00917325  38.00000000  0.00917325  40.00000000  1562.70082296  0.99000000
0.03686054  38.00000000  0.03686054  40.00000000  1553.07073995  0.99000000
0.03686054  38.00000000  0.03686054  40.00000000  1553.07073995  0.99000000
0.03686054  38.00000000  0.03686054  40.00000000  1553.07073995  0.99000000
0.01039259  38.00000000  0.01039259  40.00000000  1562.66697582  0.99000000
0.03686054  38.00000000  0.03686054  40.00000000  1553.07073995  0.99000000
0.03686054  38.00000000  0.03686054  40.00000000  1553.07073995  0.99000000
0.03686054  38.00000000  0.03686054  40.00000000  1553.07073995  0.99000000
0.00106311  35.00000000  0.00086563  40.00000000  1550.25942928  0.99000000
0.03686054  38.00000000  0.03686054  40.00000000  1553.07073995  0.99000000
0.03686054  38.00000000  0.03686054  40.00000000  1553.07073995  0.99000000
0.02373153  38.00000000  0.02373153  40.00000000  1553.01712923  0.99000000
0.03686054  38.00000000  0.03686054  40.00000000  1553.07073995  0.99000000
0.03686054  38.00000000  0.03686054  40.00000000  1553.07073995  0.99000000
0.00273724  32.00000000  0.00215611  40.00000000  1592.28602287  0.99000000
0.03686054  38.00000000  0.03686054  40.00000000  1553.07073995  0.99000000
0.03626438  38.00000000  0.03626438  40.00000000  1553.09433830  0.99000000
0.03686054  38.00000000  0.03686054  40.00000000  1553.07073995  0.99000000
0.03772185  38.00000000  0.03772185  40.00000000  1553.07289020  0.99000000
0.00194805  38.00000000  0.00194805  40.00000000  1572.96332730  0.99000000
0.03686054  38.00000000  0.03686054  40.00000000  1553.07073995  0.99000000
0.03686054  38.00000000  0.03686054  40.00000000  1553.07073995  0.99000000
0.02654787  38.00000000  0.02654787  40.00000000  1554.44379845  0.99000000
0.03686054  38.00000000  0.03686054  40.00000000  1553.07073995  0.99000000
0.03686054  38.00000000  0.03686054  40.00000000  1553.07073995  0.99000000
0.03686054  38.00000000  0.03686054  40.00000000  1553.07073995  0.99000000
0.03686054  38.00000000  0.03686054  40.00000000  1553.07073995  0.99000000
0.03686054  38.00000000  0.03686054  40.00000000  1553.07073995  0.99000000
0.03686054  38.00000000  0.03686054  40.00000000  1553.07073995  0.99000000
0.01268179  38.00000000  0.01268179  40.00000000  1552.97697431  0.99000000
0.03686055  38.00000000  0.03686055  40.00000000  1553.07351720  0.99000000
0.03686054  38.00000000  0.03686054  40.00000000  1553.07073995  0.99000000
0.01640063  38.00000000  0.01640063  40.00000000  1534.09780303  0.99000000
0.03686057  38.00000000  0.03686057  40.00000000  1553.07075292  0.99000000
0.00401692  38.00000000  0.00401692  40.00000000  1552.84287184  0.99000000
0.03686054  38.00000000  0.03686054  40.00000000  1553.07073995  0.99000000
0.03686054  38.00000000  0.03686054  40.00000000  1553.07073995  0.99000000
0.03686054  38.00000000  0.03686054  40.00000000  1553.07073995  0.99000000
0.00121600  34.00000000  0.00088135  40.00000000  1550.31669105  0.99000000
0.03686054  38.00000000  0.03686054  40.00000000  1553.07073995  0.99000000
0.03686054  38.00000000  0.03686054  40.00000000  1553.07073995  0.99000000
0.03686054  38.00000000  0.03686054  40.00000000  1553.07073995  0.99000000
0.03686054  38.00000000  0.03686054  40.00000000  1553.07073995  0.99000000
0.03626438  38.00000000  0.03626438  40.00000000  1553.09433830  0.99000000
0.03686054  38.00000000  0.03686054  40.00000000  1553.07073995  0.99000000
0.00199344  32.00000000  0.00164674  40.00000000  1566.51085872  0.99000000
0.00470968  34.00000000  0.00432740  40.00000000  1553.03898876  0.99000000
0.03686054  38.00000000  0.03686054  40.00000000  1553.07073995  0.99000000
0.03686054  38.00000000  0.03686054  40.00000000  1553.07073995  0.99000000
0.03686054  38.00000000  0.03686054  40.00000000  1553.07073995  0.99000000
0.03686054  38.00000000  0.03686054  40.00000000  1553.07073995  0.99000000
0.00015128  20.00000000  0.00001771  40.00000000  1533.57082380  0.99000000
0.03686054  38.00000000  0.03686054  40.00000000  1553.07073995  0.99000000
0.03390817  38.00000000  0.03390817  40.00000000  1553.04337904  0.99000000
0.03686054  38.00000000  0.03686054  40.00000000  1553.07073995  0.99000000
0.03072623  38.00000000  0.03072623  40.00000000  1553.02988951  0.99000000
0.01331642  37.00000000  0.01015504  40.00000000  1552.98952328  0.99000000
0.02607287  38.00000000  0.02607287  40.00000000  1547.37440946  0.99000000
0.03686054  38.00000000  0.03686054  40.00000000  1553.07073995  0.99000000
0.03686054  38.00000000  0.03686054  40.00000000  1553.07073995  0.99000000
0.00600860  38.00000000  0.00600860  40.00000000  1565.10455688  0.99000000
0.03686054  38.00000000  0.03686054  40.00000000  1553.07073995  0.99000000
0.00186260  36.00000000  0.00184823  40.00000000  1565.51518103  0.99000000
0.03686054  38.00000000  0.03686054  40.00000000  1553.07073995  0.99000000
0.03686054  38.00000000  0.03686054  40.00000000  1553.07073995  0.99000000
0.03686054  38.00000000  0.03686054  40.00000000  1553.07073995  0.99000000
0.03686054  38.00000000  0.03686054  40.00000000  1553.07073995  0.99000000
0.03686054  38.00000000  0.03686054  40.00000000  1553.07073995  0.99000000
0.03686054  38.00000000  0.03686054  40.00000000  1553.07073995  0.99000000
0.03686054  38.00000000  0.03686054  40.00000000  1553.07073995  0.99000000
0.02337363  38.00000000  0.02337363  40.00000000  1553.03081582  0.99000000
0.03686054  38.00000000  0.03686054  40.00000000  1553.07073995  0.99000000
0.00065790  37.00000000  0.00065387  40.00000000  1550.38609269  0.99000000
0.03686054  38.00000000  0.03686054  40.00000000  1553.07073995  0.99000000
0.03686054  38.00000000  0.03686054  40.00000000  1553.07073995  0.99000000
0.00161870  38.00000000  0.00161870  40.00000000  1552.21670337  0.99000000
0.03686054  38.00000000  0.03686054  40.00000000  1553.07073995  0.99000000
0.03686054  38.00000000  0.03686054  40.00000000  1553.07073995  0.99000000
0.03686054  38.00000000  0.03686054  40.00000000  1553.07073995  0.99000000
0.03686054  38.00000000  0.03686054  40.00000000  1553.07073995  0.99000000
0.03686054  38.00000000  0.03686054  40.00000000  1553.07073995  0.99000000
0.02294933  38.00000000  0.02294933  40.00000000  1553.02858265  0.99000000
0.03686054  38.00000000  0.03686054  40.00000000  1553.07073995  0.99000000
0.00469665  33.00000000  0.00096008  40.00000000  1599.59949096  0.99000000
0.03686054  38.00000000  0.03686054  40.00000000  1553.07073995  0.99000000
0.04029980  38.00000000  0.04029980  40.00000000  1554.18884253  0.99000000
0.00219398  38.00000000  0.00219398  40.00000000  1552.95600004  0.99000000
0.03686054  38.00000000  0.03686054  40.00000000  1553.07073995  0.99000000
0.03686054  38.00000000  0.03686054  40.00000000  1553.07073995  0.99000000
0.03686054  38.00000000  0.03686054  40.00000000  1553.07073995  0.99000000
0.03686054  38.00000000  0.03686054  40.00000000  1553.07073995  0.99000000
0.03686054  38.00000000  0.03686054  40.00000000  1553.07073995  0.99000000
0.02597863  38.00000000  0.02597863  40.00000000  1562.75210349  0.99000000
0.03686054  38.00000000  0.03686054  40.00000000  1553.07073995  0.99000000
0.03686054  38.00000000  0.03686054  40.00000000  1553.07073995  0.99000000
0.00945818  38.00000000  0.00945818  40.00000000  1552.97221401  0.99000000
0.03500255  38.00000000  0.03500255  40.00000000  1553.05266916  0.99000000
0.03686054  38.00000000  0.03686054  40.00000000  1553.07073995  0.99000000
0.03686054  38.00000000  0.03686054  40.00000000  1553.07073995  0.99000000
0.01597216  38.00000000  0.01597216  40.00000000  1552.97986949  0.99000000
0.03686054  38.00000000  0.03686054  40.00000000  1553.07073995  0.99000000
0.03686054  38.00000000  0.03686054  40.00000000  1553.07073995  0.99000000
0.01125771  38.00000000  0.01125771  40.00000000  1552.97570200  0.99000000
0.03686054  38.00000000  0.03686054  40.00000000  1553.07073995  0.99000000
0.03686054  38.00000000  0.03686054  40.00000000  1553.07073995  0.99000000
0.03686054  38.00000000  0.03686054  40.00000000  1553.07073995  0.99000000
0.03686054  38.00000000  0.03686054  40.00000000  1553.07073995  0.99000000
0.03686054  38.00000000  0.03686054  40.00000000  1553.07073995  0.99000000
0.03686054  38.00000000  0.03686054  40.00000000  1553.07073995  0.99000000
0.03686054  38.00000000  0.03686054  40.00000000  1553.07073995  0.99000000
0.03963329  38.00000000  0.03963329  40.00000000  1558.62480537  0.99000000
0.03686054  38.00000000  0.03686054  40.00000000  1553.07073995  0.99000000
0.03686054  38.00000000  0.03686054  40.00000000  1553.07073995  0.99000000
0.03686054  38.00000000  0.03686054  40.00000000  1553.07073995  0.99000000
0.03686054  38.00000000  0.03686054  40.00000000  1553.07073995  0.99000000
0.00351341  38.00000000  0.00351341  40.00000000  1552.96249970  0.99000000
0.03686054  38.00000000  0.03686054  40.00000000  1553.07073995  0.99000000
0.00171285  38.00000000  0.00171285  40.00000000  1543.31247117  0.99000000
0.40925719  36.00000000  0.39608699  40.00000000  1580.15696130  0.99000000
0.00504841  38.00000000  0.00504841  40.00000000  1534.07640744  0.99000000
0.03686054  38.00000000  0.03686054  40.00000000  1553.07073995  0.99000000
0.03515697  38.00000000  0.03515697  40.00000000  1554.44804943  0.99000000
0.03686054  38.00000000  0.03686054  40.00000000  1553.07073995  0.99000000
0.03686054  38.00000000  0.03686054  40.00000000  1553.07073995  0.99000000
0.00130548  38.00000000  0.00130548  40.00000000  1591.05442411  0.99000000
0.18893225  36.00000000  0.17213662  40.00000000  1848.97167447  0.99000000
0.03686054  38.00000000  0.03686054  40.00000000  1553.07073995  0.99000000
0.03686054  38.00000000  0.03686054  40.00000000  1553.07073995  0.99000000
0.03686054  38.00000000  0.03686054  40.00000000  1553.07073995  0.99000000
0.03686054  38.00000000  0.03686054  40.00000000  1553.07073995  0.99000000
0.03686054  38.00000000  0.03686054  40.00000000  1553.07073995  0.99000000
0.03686054  38.00000000  0.03686054  40.00000000  1553.07073995  0.99000000
0.03684855  38.00000000  0.03684855  40.00000000  1553.06354168  0.99000000
0.03686054  38.00000000  0.03686054  40.00000000  1553.07073995  0.99000000
0.03686054  38.00000000  0.03686054  40.00000000  1553.07073995  0.99000000
0.03686054  38.00000000  0.03686054  40.00000000  1553.07073995  0.99000000
0.03686054  38.00000000  0.03686054  40.00000000  1553.07073995  0.99000000
0.03686054  38.00000000  0.03686054  40.00000000  1553.07073995  0.99000000
0.03686054  38.00000000  0.03686054  40.00000000  1553.07073995  0.99000000
0.03686054  38.00000000  0.03686054  40.00000000  1553.07073995  0.99000000
0.00331033  38.00000000  0.00331033  40.00000000  1537.49957255  0.99000000
0.03686054  38.00000000  0.03686054  40.00000000  1553.07073995  0.99000000
0.03686054  38.00000000  0.03686054  40.00000000  1553.07073995  0.99000000
0.03686054  38.00000000  0.03686054  40.00000000  1553.07073995  0.99000000
0.03686054  38.00000000  0.03686054  40.00000000  1553.07073995  0.99000000
0.03321290  38.00000000  0.03321290  40.00000000  1553.04712440  0.99000000
0.03686054  38.00000000  0.03686054  40.00000000  1553.07073995  0.99000000
0.03686054  38.00000000  0.03686054  40.00000000  1553.07073995  0.99000000
0.03686054  38.00000000  0.03686054  40.00000000  1553.07073995  0.99000000
0.03686054  38.00000000  0.03686054  40.00000000  1553.07073995  0.99000000
0.03686054  38.00000000  0.03686054  40.00000000  1553.07073995  0.99000000
0.03686054  38.00000000  0.03686054  40.00000000  1553.07073995  0.99000000
0.03686054  38.00000000  0.03686054  40.00000000  1553.07073995  0.99000000
0.03686054  38.00000000  0.03686054  40.00000000  1553.07073995  0.99000000
0.03683676  38.00000000  0.03683676  40.00000000  1553.06028029  0.99000000
0.03686054  38.00000000  0.03686054  40.00000000  1553.07073995  0.99000000
0.03689010  38.00000000  0.03689010  40.00000000  1553.06441647  0.99000000
0.03686054  38.00000000  0.03686054  40.00000000  1553.07073995  0.99000000
0.03686054  38.00000000  0.03686054  40.00000000  1553.07073995  0.99000000
0.00056573  31.00000000  0.00036349  40.00000000  1558.20052338  0.99000000
0.03686054  38.00000000  0.03686054  40.00000000  1553.07073995  0.99000000
0.03756550  38.00000000  0.03756550  40.00000000  1553.07149630  0.99000000
0.03686054  38.00000000  0.03686054  40.00000000  1553.07073995  0.99000000
0.03686054  38.00000000  0.03686054  40.00000000  1553.07073995  0.99000000
0.03686054  38.00000000  0.03686054  40.00000000  1553.07073995  0.99000000
0.03686054  38.00000000  0.03686054  40.00000000  1553.07073995  0.99000000
0.03686054  38.00000000  0.03686054  40.00000000  1553.07073995  0.99000000
0.03686054  38.00000000  0.03686054  40.00000000  1553.07073995  0.99000000
0.03686054  38.00000000  0.03686054  40.00000000  1553.07073995  0.99000000
0.03686054  38.00000000  0.03686054  40.00000000  1553.07073995  0.99000000
0.03686054  38.00000000  0.03686054  40.00000000  1553.07073995  0.99000000
0.03686054  38.00000000  0.03686054  40.00000000  1553.07073995  0.99000000
0.03686054  38.00000000  0.03686054  40.00000000  1553.07073995  0.99000000
0.03686054  38.00000000  0.03686054  40.00000000  1553.07073995  0.99000000
0.03686054  38.00000000  0.03686054  40.00000000  1553.07073995  0.99000000
0.03686054  38.00000000  0.03686054  40.00000000  1553.07073995  0.99000000
0.03686054  38.00000000  0.03686054  40.00000000  1553.07073995  0.99000000
0.03686054  38.00000000  0.03686054  40.00000000  1553.07073995  0.99000000
0.03686054  38.00000000  0.03686054  40.00000000  1553.07073995  0.99000000
0.03686054  38.00000000  0.03686054  40.00000000  1553.07073995  0.99000000
0.00418899  38.00000000  0.00418899  40.00000000  1552.96379056  0.99000000
0.03686054  38.00000000  0.03686054  40.00000000  1553.07073995  0.99000000
0.03686054  38.00000000  0.03686054  40.00000000  1553.07073995  0.99000000
0.03689470  38.00000000  0.03689470  40.00000000  1553.06511303  0.99000000
0.34337862  38.00000000  0.34337862  40.00000000  1630.75412749  0.99000000
0.03686054  38.00000000  0.03686054  40.00000000  1553.07073995  0.99000000
0.03686054  38.00000000  0.03686054  40.00000000  1553.07073995  0.99000000
0.03686054  38.00000000  0.03686054  40.00000000  1553.07073995  0.99000000
0.02855560  38.00000000  0.02855560  40.00000000  1553.08698384  0.99000000
0.03686054  38.00000000  0.03686054  40.00000000  1553.07073995  0.99000000
0.03772064  38.00000000  0.03772064  40.00000000  1553.07252623  0.99000000
0.03686054  38.00000000  0.03686054  40.00000000  1553.07073995  0.99000000
0.00130825  38.00000000  0.00130825  40.00000000  1546.42648914  0.99000000
0.03686054  38.00000000  0.03686054  40.00000000  1553.07073995  0.99000000
0.03686054  38.00000000  0.03686054  40.00000000  1553.07073995  0.99000000
0.03686054  38.00000000  0.03686054  40.00000000  1553.07073995  0.99000000
0.00357831  38.00000000  0.00357831  40.00000000  1586.03635129  0.99000000
0.03686054  38.00000000  0.03686054  40.00000000  1553.07073995  0.99000000
0.00010704  27.00000000  0.00004465  40.00000000  1461.84683521  0.99000000
0.11625755  38.00000000  0.11625755  40.00000000  1568.25613884  0.99000000
0.00697093  38.00000000  0.00697093  40.00000000  1569.39700456  0.99000000
0.15344654  38.00000000  0.15344654  40.00000000  1618.68913977  0.99000000
0.04887744  38.00000000  0.04887744  40.00000000  1498.17503602  0.99000000
0.00080068  24.00000000  0.00025042  40.00000000  1576.21012830  0.99000000
0.00591321  37.00000000  0.00548892  40.00000000  1567.38889287  0.99000000
0.04451005  38.00000000  0.04451005  40.00000000  1650.28359784  0.99000000
0.00201575  35.00000000  0.00125677  40.00000000  1506.22658354  0.99000000
0.00388671  38.00000000  0.00388671  40.00000000  1537.66869936  0.99000000
0.08616080  38.00000000  0.08616080  40.00000000  1544.09325042  0.99000000
0.01430679  38.00000000  0.01430679  40.00000000  1790.28058085  0.99000000
0.00171038  38.00000000  0.00171038  40.00000000  1565.13966062  0.99000000
0.00602242  38.00000000  0.00602242  40.00000000  1537.97567719  0.99000000
0.01010631  36.00000000  0.00889226  40.00000000  1605.88614188  0.99000000
0.00856084  38.00000000  0.00856084  40.00000000  1559.68363221  0.99000000
0.00107772  34.00000000  0.00018980  40.00000000  1480.12850031  0.99000000
0.15646604  38.00000000  0.15646604  40.00000000  1541.24952801  0.99000000
0.02959628  38.00000000  0.02959628  40.00000000  1497.53578192  0.99000000
0.00547125  38.00000000  0.00547125  40.00000000  1512.28662289  0.99000000
0.00913724  33.00000000  0.00513080  40.00000000  1658.44530624  0.99000000
0.00201575  34.00000000  0.00170490  40.00000000  1488.02576036  0.99000000
0.02592656  38.00000000  0.02592656  40.00000000  1511.10074592  0.99000000
0.08517680  38.00000000  0.08517680  40.00000000  1536.01869965  0.99000000
0.21282206  37.00000000  0.16549951  40.00000000  1604.90492279  0.99000000
0.01003779  38.00000000  0.01003779  40.00000000  1765.61906535  0.99000000
0.02063399  38.00000000  0.02063399  40.00000000  1534.95202808  0.99000000
0.00943814  37.00000000  0.00835326  40.00000000  1494.76039489  0.99000000
0.01784294  38.00000000  0.01784294  40.00000000  1585.74471655  0.99000000
0.00048517  33.00000000  0.00032311  40.00000000  1533.89665841  0.99000000
0.00398253  37.00000000  0.00247897  40.00000000  1635.78499666  0.99000000
0.00518689  37.00000000  0.00473808  40.00000000  1492.71895811  0.99000000
0.03989164  33.00000000  0.02469715  40.00000000  1955.60306935  0.99000000
0.53159633  38.00000000  0.53159633  40.00000000  1828.72246792  0.99000000
0.19774185  36.00000000  0.16964499  40.00000000  1798.35736774  0.99000000
0.02585630  37.00000000  0.02557198  40.00000000  1698.32500489  0.99000000
0.10570762  38.00000000  0.10570762  40.00000000  1622.01726118  0.99000000
0.02869275  38.00000000  0.02869275  40.00000000  1720.73847026  0.99000000
0.00106368  25.00000000  0.00057209  40.00000000  1546.15474740  0.99000000
0.00138437  34.00000000  0.00102540  40.00000000  1542.97455159  0.99000000
0.00153600  34.00000000  0.00149333  40.00000000  1534.98409287  0.99000000
0.00050218  28.00000000  0.00031939  40.00000000  1555.26783220  0.99000000
0.00328544  35.00000000  0.00258567  40.00000000  1553.07780816  0.99000000
0.02666726  38.00000000  0.02666726  40.00000000  1596.78339921  0.99000000
0.00086077  38.00000000  0.00086077  40.00000000  1577.02318357  0.99000000
0.00090300  33.00000000  0.00060632  40.00000000  1503.15856676  0.99000000
0.20313355  38.00000000  0.20313355  40.00000000  1634.51857388  0.99000000
0.24177874  37.00000000  0.18110225  40.00000000  1667.44864178  0.99000000
0.33388132  38.00000000  0.33388132  40.00000000  1610.47974988  0.99000000
0.38274830  38.00000000  0.38274830  40.00000000  1640.93139148  0.99000000
0.12513145  37.00000000  0.12488526  40.00000000  1681.15017452  0.99000000
0.31859855  36.00000000  0.15357304  40.00000000  1734.83399403  0.99000000
0.00246185  34.00000000  0.00138621  40.00000000  1547.73828847  0.99000000
0.40454738  38.00000000  0.40454738  40.00000000  1679.04318832  0.99000000
0.72836086  38.00000000  0.72836086  40.00000000  1922.74636780  0.99000000
0.00182733  38.00000000  0.00182733  40.00000000  1582.96903390  0.99000000
0.00928345  38.00000000  0.00928345  40.00000000  1608.08567205  0.99000000
0.01263590  38.00000000  0.01263590  40.00000000  1563.24510214  0.99000000
0.00196151  36.00000000  0.00191750  40.00000000  1562.00145147  0.99000000
0.00394999  24.00000000  0.00038917  40.00000000  1609.12696691  0.99000000
0.01645569  38.00000000  0.01645569  40.00000000  1536.57326354  0.99000000
0.40211568  37.00000000  0.38786340  40.00000000  2528.62863670  0.99000000
0.22486013  30.00000000  0.02105376  40.00000000  2460.59158667  0.99000000
0.89543599  33.00000000  0.45775418  40.00000000  3233.33429158  0.99000000
0.91771810  33.00000000  0.53190693  40.00000000  3216.58364809  0.99000000
0.36415689  31.00000000  0.14825604  40.00000000  2389.93668095  0.99000000
0.04891922  38.00000000  0.04891922  40.00000000  1615.30701076  0.99000000
0.40910401  33.00000000  0.13104895  40.00000000  2434.03030914  0.99000000
0.07120421  35.00000000  0.04894043  40.00000000  2085.06681092  0.99000000
0.12097012  27.00000000  0.07019343  40.00000000  2073.76804216  0.99000000
0.17467894  35.00000000  0.11745600  40.00000000  2605.00264389  0.99000000
0.12086682  38.00000000  0.12086682  40.00000000  2958.29530551  0.99000000
0.17304846  30.00000000  0.02496437  40.00000000  3007.11732398  0.99000000
0.05008229  38.00000000  0.05008229  40.00000000  1663.16149783  0.99000000
0.02987969  33.00000000  0.01704408  40.00000000  1710.44604173  0.99000000
0.32190113  32.00000000  0.22749494  40.00000000  2500.76660560  0.99000000
0.14104008  38.00000000  0.14104008  40.00000000  1702.35988872  0.99000000
0.62355492  35.00000000  0.49831352  40.00000000  3145.39426192  0.99000000
0.06290464  30.00000000  0.04468997  40.00000000  2407.96003734  0.99000000
0.02394141  38.00000000  0.02394141  40.00000000  2412.69176419  0.99000000
0.82661428  38.00000000  0.82661428  40.00000000  2020.15595386  0.99000000
0.09359054  38.00000000  0.09359054  40.00000000  2669.57189527  0.99000000
0.19920439  33.00000000  0.10851014  40.00000000  3058.33131788  0.99000000
0.00905408  25.00000000  0.00801587  40.00000000  2997.24042718  0.99000000
0.02844464  27.00000000  0.02686225  40.00000000  2971.36018674  0.99000000
0.02586713  37.00000000  0.02353054  40.00000000  2453.19362141  0.99000000
0.00132624  36.00000000  0.00122645  40.00000000  2966.14561370  0.99000000
0.05711770  38.00000000  0.05711770  40.00000000  2966.38813234  0.99000000
0.00190121  36.00000000  0.00189088  40.00000000  2953.79354015  0.99000000
0.00173254  38.00000000  0.00173254  40.00000000  1934.51442964  0.99000000
0.00012600  28.00000000  0.00006947  40.00000000  3003.43356293  0.99000000
0.03463270  37.00000000  0.03441781  40.00000000  2952.15162193  0.99000000
0.10346110  33.00000000  0.10293930  40.00000000  3034.28804022  0.99000000
0.55568604  38.00000000  0.55568604  40.00000000  2078.90077086  0.99000000
0.12194770  38.00000000  0.12194770  40.00000000  1800.66010412  0.99000000
0.05425897  38.00000000  0.05425897  40.00000000  2277.97645359  0.99000000
0.91570263  33.00000000  0.51927171  40.00000000  3222.21637631  0.99000000
0.38942558  38.00000000  0.38942558  40.00000000  1616.29497895  0.99000000
0.01156119  38.00000000  0.01156119  40.00000000  1817.66760712  0.99000000
0.03409292  37.00000000  0.03179971  40.00000000  1735.74919452  0.99000000
0.01434216  38.00000000  0.01434216  40.00000000  1850.18285099  0.99000000
