7 3 7 5 12 4 10 11 12 8 8 9 12 5 7 10 12 14 7 12 12 12 1 14 7 9 12 8 14 8 12 8 13 7 6 14 14 14 10 14 5 5 13 3 15 14 4 16 16 16 13 16 12 13 12 5 15 15 4 16 11 12 12 4 4 2 5 10 3 8 9 7 11 1 12 4 12 12 1 16
6 11 9 15 7 11 8 15 13 13 2 9 7 1 6 2 14 9 8 15 3 11 5 2 7 1 12 8 6 0 14 11 15 16 13 5 14 0 4 0 16 12 0 15 2 8 13 8 5 6 1 9 14 2 9 10 4 10 6 4 8 3 14 8 7 0 13 7 12 2 0 4 15 2 3 16 0 1 16 13
0 12 10 12 12 12 0 0 7 12 5 14 2 0 1 0 7 12 12 12 1 12 12 12 4 1 1 16 15 3 1 10 14 3 14 14 8 7 0 7 1 12 12 12 12 12 10 7 12 3 16 8 15 7 16 8 3 15 16 9 6 15 9 16 16 15 3 12 16 16 1 9 8 13 11 12 16 16 8 2
16 4 9 7 0 9 11 10 2 6 15 3 14 8 3 6 13 5 10 13 6 13 5 10 1 0 9 13 0 0 2 11 12 16 16 14 0 11 11 16 3 2 12 16 13 16 2 9 11 16 12 1 7 15 1 1 15 5 5 2 5 12 12 3 15 11 1 11 15 15 4 2 8 1 6 10 3 2 16 4
12 12 15 1 14 16 1 10 12 12 12 4 6 4 12 10 15 12 2 12 12 0 9 13 11 16 10 14 16 16 10 7 8 3 15 6 2 5 10 1 16 7 8 8 12 12 9 7 1 5 4 12 6 8 7 0 4 11 16 16 8 11 11 12 11 16 0 15 5 10 0 14 2 5 12 10 8 1 12 13
8 11 8 15 13 5 10 12 16 13 8 0 14 12 8 12 7 3 11 12 12 9 5 8 13 2 10 6 15 2 15 9 3 5 0 2 0 13 15 9 14 5 10 1 13 9 8 9 13 0 12 1 16 6 5 1 12 13 16 13 12 15 10 15 1 15 9 2 5 11 0 12 8 4 0 6 12 3 8 1
14 2 4 6 1 11 7 13 14 16 7 16 6 0 4 1 12 9 16 16 16 13 11 11 2 1 15 11 16 14 14 14 14 1 12 16 12 1 13 7 3 4 8 13 12 16 14 1 1 11 1 15 3 13 12 2 0 8 0 9 0 16 10 11 16 15 7 9 12 0 15 12 11 12 15 10 10 16 1 2
12 2 5 13 12 14 11 9 12 13 3 6 15 12 12 4 6 14 12 12 13 8 9 0 2 12 3 12 1 12 10 2 12 16 16 16 16 12 10 10 6 13 1 5 4 12 12 12 4 12 9 16 5 4 16 16 16 4 14 16 16 15 14 12 15 10 12 12 12 0 12 1 12 12 4 9 12 15 14 1
16 14 15 1 4 9 10 0 4 5 13 14 7 6 12 13 15 11 5 8 12 13 14 14 6 11 8 10 5 6 0 10 10 10 5 16 15 12 9 3 15 10 4 6 6 2 1 15 4 15 16 6 5 0 10 6 3 3 16 3 6 14 14 16 12 11 7 9 11 12 10 7 16 11 15 12 13 9 1 10
2 15 0 16 2 4 8 2 10 16 1 6 16 5 11 14 9 4 7 5 5 16 10 5 14 12 6 16 10 0 3 4 10 2 16 15 16 13 3 2 13 6 11 0 14 12 8 14 1 15 6 5 16 2 16 13 16 7 3 10 10 15 7 9 16 15 7 16 9 2 2 12 0 13 10 8 2 5 0 8
