# Results obtained using DQN. CPU time: 17.087587356567383
0.00257588  72.00000000  0.00090797  80.00000000  1732.26881767  0.00000000
0.01267157  66.00000000  0.00521077  80.00000000  2399.40781350  0.00000000
0.00420506  63.00000000  0.00076404  80.00000000  1766.81337024  0.00000000
0.01415588  77.00000000  0.01364509  80.00000000  2075.42468970  0.00000000
0.00016741  68.00000000  0.00012681  80.00000000  1490.51972656  0.00000000
0.00043028  59.00000000  0.00000786  80.00000000  2227.53398720  0.00000000
0.00071363  73.00000000  0.00054083  80.00000000  1656.53868609  0.00235148
0.00144667  78.00000000  0.00144667  80.00000000  1917.29921813  0.00577183
0.01218524  78.00000000  0.01218524  80.00000000  2064.43984428  0.00919217
0.01706295  78.00000000  0.01706295  80.00000000  1535.71660548  0.01261251
0.00054743  78.00000000  0.00054743  80.00000000  2178.12997197  0.01603285
0.00030262  78.00000000  0.00030262  80.00000000  1462.13824312  0.01945319
0.01074947  78.00000000  0.01074947  80.00000000  3396.46335807  0.02287353
0.00195532  76.00000000  0.00153029  80.00000000  2488.51462029  0.02629387
0.00023888  77.00000000  0.00023688  80.00000000  2125.38069436  0.02971421
0.00171808  76.00000000  0.00149293  80.00000000  2382.69632033  0.03313455
0.00077082  78.00000000  0.00077082  80.00000000  1616.17087116  0.03655489
0.01209181  78.00000000  0.01209181  80.00000000  1780.88982527  0.03997523
0.00431524  77.00000000  0.00419893  80.00000000  1544.47336632  0.04339558
0.00060506  78.00000000  0.00060506  80.00000000  2376.96170291  0.04681592
0.00034978  61.00000000  0.00029777  80.00000000  1538.64292351  0.05023626
0.00113617  57.00000000  0.00036928  80.00000000  2006.56390170  0.05365660
0.00533548  75.00000000  0.00453852  80.00000000  1999.49072362  0.05707694
0.00009859  77.00000000  0.00009226  80.00000000  1417.78390138  0.06049728
0.00238912  78.00000000  0.00238912  80.00000000  1613.82430514  0.06391762
0.00012452  73.00000000  0.00008548  80.00000000  1983.07152187  0.06733796
0.00152694  57.00000000  0.00097587  80.00000000  1719.38583000  0.07075830
0.00039598  71.00000000  0.00005915  80.00000000  1841.66663976  0.07417864
0.00083051  74.00000000  0.00055904  80.00000000  1684.62935028  0.07759898
0.00799020  71.00000000  0.00305717  80.00000000  2706.95142117  0.08101933
0.00332260  78.00000000  0.00332260  80.00000000  2174.80506705  0.08443967
0.00300697  77.00000000  0.00298893  80.00000000  1773.51128586  0.08786001
0.00052603  77.00000000  0.00051436  80.00000000  1478.68904354  0.09128035
0.00028368  77.00000000  0.00028034  80.00000000  1936.54768254  0.09470069
0.00230797  78.00000000  0.00230797  80.00000000  2714.34314162  0.09812103
0.00101135  76.00000000  0.00067947  80.00000000  1923.16457513  0.10154137
0.00451255  76.00000000  0.00355262  80.00000000  1949.56994766  0.10496171
0.00184774  78.00000000  0.00184774  80.00000000  3359.73253405  0.10838205
0.00145131  78.00000000  0.00145131  80.00000000  3037.88778419  0.11180239
0.00097201  78.00000000  0.00097201  80.00000000  2567.42208919  0.11522273
0.00094746  69.00000000  0.00023223  80.00000000  1982.38071678  0.11864307
0.00009355  73.00000000  0.00001522  80.00000000  1700.75917377  0.12206342
0.00098177  71.00000000  0.00074607  80.00000000  2548.73547073  0.12548376
0.00223726  77.00000000  0.00213884  80.00000000  2852.79979548  0.12890410
0.00039825  78.00000000  0.00039825  80.00000000  1700.91314146  0.13232444
0.00098661  75.00000000  0.00058896  80.00000000  1985.52068411  0.13574478
0.00007366  78.00000000  0.00007366  80.00000000  2237.11096438  0.13916512
0.00711961  78.00000000  0.00711961  80.00000000  2694.10882409  0.14258546
0.00298077  77.00000000  0.00292675  80.00000000  2160.29449483  0.14600580
0.00982458  56.00000000  0.00269947  80.00000000  2682.68714958  0.14942614
0.00167434  78.00000000  0.00167434  80.00000000  1682.40715404  0.15284648
0.00062641  62.00000000  0.00008089  80.00000000  2213.12484698  0.15626682
0.00065442  78.00000000  0.00065442  80.00000000  2571.70855010  0.15968717
0.01712986  78.00000000  0.01712986  80.00000000  1895.38489031  0.16310751
0.00011091  75.00000000  0.00007135  80.00000000  1475.95214771  0.16652785
0.00070757  78.00000000  0.00070757  80.00000000  2192.87842098  0.16994819
0.00103320  66.00000000  0.00061675  80.00000000  2158.50635561  0.17336853
0.00373108  74.00000000  0.00338691  80.00000000  1658.93747637  0.17678887
0.00359686  78.00000000  0.00359686  80.00000000  2714.53639309  0.18020921
0.01418621  71.00000000  0.00988767  80.00000000  2088.97457267  0.18362955
0.00048429  52.00000000  0.00030050  80.00000000  1887.92406061  0.18704989
0.00077261  78.00000000  0.00077261  80.00000000  1903.93677364  0.19047023
0.00024954  75.00000000  0.00019250  80.00000000  1661.02749410  0.19389057
0.00126474  77.00000000  0.00123475  80.00000000  2733.35979468  0.19731092
0.00004979  78.00000000  0.00004979  80.00000000  2798.74734511  0.20073126
0.00033492  55.00000000  0.00030424  80.00000000  2323.72929246  0.20415160
0.00130114  61.00000000  0.00010838  80.00000000  1535.68564570  0.20757194
0.00128997  78.00000000  0.00128997  80.00000000  2421.47516357  0.21099228
0.00568103  78.00000000  0.00568103  80.00000000  2401.05474901  0.21441262
0.00013873  77.00000000  0.00012751  80.00000000  2210.08098112  0.21783296
0.00353727  72.00000000  0.00116103  80.00000000  2132.56795551  0.22125330
0.00587788  69.00000000  0.00122548  80.00000000  2073.17639062  0.22467364
0.00072690  70.00000000  0.00041703  80.00000000  3222.05459289  0.22809398
0.00132189  78.00000000  0.00132189  80.00000000  2067.41728773  0.23151432
0.00086648  78.00000000  0.00086648  80.00000000  2143.33773204  0.23493467
0.00043394  66.00000000  0.00027324  80.00000000  2131.36151245  0.23835501
0.00017770  67.00000000  0.00003214  80.00000000  1691.89511278  0.24177535
0.00481305  77.00000000  0.00475299  80.00000000  3162.02619805  0.24519569
0.00697126  74.00000000  0.00496313  80.00000000  2410.38832863  0.24861603
0.00464625  74.00000000  0.00179369  80.00000000  1791.88851967  0.25203637
0.00075111  78.00000000  0.00075111  80.00000000  1998.98482230  0.25545671
0.00409858  78.00000000  0.00409858  80.00000000  2091.90179509  0.25887705
0.00100980  78.00000000  0.00100980  80.00000000  2496.83865395  0.26229739
0.00032934  77.00000000  0.00022667  80.00000000  1553.18543560  0.26571773
0.01181860  62.00000000  0.00040370  80.00000000  2760.25296051  0.26913807
0.00052373  78.00000000  0.00052373  80.00000000  1563.78034418  0.27255842
0.00334530  63.00000000  0.00250591  80.00000000  3155.61173122  0.27597876
0.00138684  62.00000000  0.00127367  80.00000000  2173.16811422  0.27939910
0.00164124  77.00000000  0.00119494  80.00000000  2574.74223685  0.28281944
0.05025603  78.00000000  0.05025603  80.00000000  3004.22791015  0.28623978
0.00275854  78.00000000  0.00275854  80.00000000  1791.69421537  0.28966012
0.00115528  78.00000000  0.00115528  80.00000000  1648.72296499  0.29308046
0.09784047  78.00000000  0.09784047  80.00000000  3191.99297618  0.29650080
0.00021891  76.00000000  0.00015708  80.00000000  2723.36110907  0.29992114
0.00375252  76.00000000  0.00293580  80.00000000  1465.85577688  0.30334148
0.00096937  76.00000000  0.00085975  80.00000000  2578.21089613  0.30676182
0.03034876  77.00000000  0.02442212  80.00000000  1824.00869778  0.31018217
0.00474229  78.00000000  0.00474229  80.00000000  2042.34125553  0.31360251
0.00009688  74.00000000  0.00009189  80.00000000  2562.66444006  0.31702285
0.00572618  78.00000000  0.00572618  80.00000000  2252.44799331  0.32044319
0.00079791  78.00000000  0.00079791  80.00000000  1792.07106982  0.32386353
