26
0
29
6
27
28
12
12
0
28
13
31
25
19
29
0
1
10
1
10
1
1
2
11
2
12
24
20
3
2
3
21
20
4
4
4
14
27
14
5
1
5
16
1
6
26
29
16
17
7
6
17
7
30
8
3
3
8
28
9
31
9
19
10
30
20
32
10
1
11
31
32
21
12
6
7
12
13
8
23
13
23
23
9
14
24
15
9
15
1
25
31
31
16
30
26
17
30
27
17
27
28
12
12
17
28
11
12
13
19
29
6
1
17
30
16
0
21
2
1
22
31
22
6
32
2
3
15
32
5
0
24
17
3
14
25
1
25
22
27
24
27
13
25
7
9
5
31
28
32
8
32
29
31
31
29
31
28
31
10
32
25
32
10
31
30
31
25
30
32
6
26
31
13
32
23
32
5
32
9
31
24
25
32
27
29
16
32
30
16
24
31
