0
30
12
11
21
26
13
25
24
24
0
19
29
23
17
20
1
20
1
1
26
1
2
11
2
19
20
27
3
2
3
32
3
24
4
0
19
14
4
5
20
1
15
5
6
1
1
16
7
28
25
23
7
8
32
8
18
32
24
9
19
6
32
10
0
31
20
10
11
26
21
2
12
7
12
31
22
1
0
13
23
6
4
14
28
24
5
8
15
25
8
1
16
10
11
26
6
30
4
30
27
13
18
13
28
3
31
19
29
32
0
20
10
20
30
20
3
1
2
15
31
13
17
1
3
2
18
32
23
13
4
0
15
5
4
5
2
1
20
27
27
2
28
16
22
28
17
31
20
8
13
31
15
32
32
9
31
27
32
32
29
31
20
32
27
6
31
2
25
27
5
31
19
30
3
31
30
29
30
31
2
32
30
31
11
28
32
1
27
32
12
31
