26
17
11
28
17
17
14
8
28
24
0
12
32
29
29
9
20
1
10
0
22
17
20
2
22
12
31
1
22
3
0
27
24
13
4
19
25
25
14
5
20
15
20
5
6
0
16
6
32
7
1
7
17
24
8
3
29
18
9
3
9
19
31
10
5
10
20
5
29
11
21
32
21
31
12
22
0
32
13
30
23
0
14
3
1
24
25
15
14
15
25
15
16
16
26
26
26
17
11
27
2
4
8
8
28
18
0
32
32
29
29
29
20
19
10
30
21
0
20
31
22
13
31
0
32
22
16
32
14
4
12
12
25
25
14
5
3
16
4
5
14
0
27
27
2
30
32
26
32
1
31
3
29
31
20
25
32
20
31
11
31
10
24
31
29
32
17
32
30
31
28
32
6
32
1
30
32
0
12
32
0
22
11
31
29
15
8
32
28
16
1
31
