17
24
8
30
10
27
11
18
27
32
28
17
21
29
9
28
1
0
1
1
1
19
18
2
17
21
31
20
3
0
3
13
2
13
4
3
20
4
20
5
23
23
22
15
6
25
26
1
6
7
25
17
7
0
17
8
31
29
3
9
26
19
24
24
20
24
30
11
10
11
8
21
8
22
12
29
12
13
31
23
13
0
29
14
5
24
14
9
3
15
30
25
26
3
31
32
31
17
10
27
10
27
4
18
28
32
28
29
3
29
20
29
30
30
3
21
30
16
17
2
18
31
12
13
19
0
32
13
14
8
4
24
20
4
17
5
23
23
17
18
4
25
26
19
30
29
25
32
10
30
31
8
31
29
26
32
28
26
32
9
31
29
32
11
10
32
15
19
32
22
22
32
28
32
28
31
4
10
4
31
25
29
31
2
10
32
30
25
31
25
32
32
