0
31
17
14
8
13
17
14
19
32
8
32
15
29
14
9
1
21
1
1
1
30
2
11
2
31
11
11
2
3
13
32
0
3
4
25
22
20
14
5
29
2
5
15
27
6
26
4
24
7
17
4
31
24
17
8
18
1
3
29
9
19
30
10
10
20
10
1
11
29
8
21
8
11
22
1
23
13
23
12
13
23
25
2
14
24
27
6
10
8
15
25
7
11
26
16
17
31
17
27
17
32
32
14
14
28
19
32
13
29
30
29
0
21
30
1
30
4
21
2
17
31
11
11
20
21
4
32
0
23
4
25
0
3
18
20
18
9
2
7
11
10
12
4
7
7
31
7
31
30
31
4
31
0
32
29
9
31
30
31
6
31
10
5
31
29
8
21
31
29
22
32
23
31
23
31
13
32
28
32
32
28
31
16
16
31
0
31
7
31
31
31
