32
27
6
22
27
27
31
29
8
23
19
24
17
20
29
15
13
1
27
24
0
16
32
2
32
22
0
23
12
3
19
27
12
22
4
13
13
20
4
5
2
21
15
21
15
6
27
31
1
31
7
17
30
8
31
18
18
6
8
9
19
20
25
1
6
10
20
21
6
11
29
32
3
11
22
12
29
22
13
13
28
23
32
14
24
32
2
9
9
25
30
16
31
26
32
26
32
16
31
18
27
28
31
18
8
28
19
8
1
29
29
29
11
32
30
11
30
16
32
31
32
22
0
23
32
9
8
32
24
22
21
19
8
19
12
22
2
26
9
12
24
6
27
25
6
30
29
32
20
30
31
31
31
32
32
32
31
31
32
32
6
31
9
32
18
31
29
28
32
32
32
32
30
31
31
32
12
21
32
20
30
32
24
28
32
23
31
24
31
2
32
22
