8
12
16
27
8
18
10
14
28
8
19
31
30
9
29
9
1
10
1
1
1
10
2
32
2
11
1
2
3
23
3
13
1
4
13
4
24
29
1
5
4
15
5
15
6
29
16
0
16
7
6
7
28
17
23
8
0
18
1
9
4
19
5
5
31
10
20
31
6
11
21
22
31
12
22
31
3
22
13
5
32
23
13
14
24
29
2
4
15
25
15
16
31
16
26
6
6
32
16
27
10
18
6
8
28
5
19
5
10
9
29
19
12
31
32
30
20
1
4
32
2
31
1
23
23
23
20
21
24
4
24
25
24
5
25
4
4
19
26
20
27
6
2
28
6
30
31
31
32
17
32
32
27
31
31
29
32
20
32
31
26
32
29
28
31
25
21
31
25
31
22
31
27
32
25
30
32
23
31
32
24
29
31
4
27
32
1
32
26
31
26
14
