15
31
18
13
8
13
25
17
18
29
24
15
14
9
29
14
1
9
1
21
1
20
1
2
11
20
2
20
3
12
3
32
3
13
4
22
1
4
5
15
5
20
15
26
6
16
6
5
25
7
3
7
21
17
8
29
8
1
9
31
9
19
9
4
20
10
30
7
7
11
5
21
9
9
12
22
13
29
13
23
2
29
13
14
24
30
14
30
15
1
25
6
9
26
16
27
17
31
17
13
27
13
18
31
32
28
29
19
4
9
29
19
31
30
15
21
30
14
1
7
11
31
2
23
2
21
23
32
13
24
4
13
19
20
1
22
5
19
23
26
26
20
20
27
25
30
32
13
32
29
32
20
32
17
32
31
31
32
32
32
29
31
30
32
23
32
5
32
19
30
31
23
13
28
31
0
2
32
32
29
31
0
14
30
32
10
31
6
32
3
31
31
