9
22
27
10
30
12
15
13
28
8
21
25
24
29
32
9
1
32
1
1
32
17
2
1
22
2
12
2
3
12
3
0
3
24
4
21
19
4
14
5
14
14
15
23
6
5
16
6
30
31
17
24
7
17
8
30
2
29
31
3
9
19
10
10
10
7
20
7
2
11
21
32
1
4
4
22
1
12
13
9
23
31
8
2
24
28
30
14
15
25
29
1
16
26
2
31
6
3
27
17
12
12
8
18
28
8
19
6
2
29
32
9
1
32
9
30
32
3
31
1
22
11
21
2
13
32
24
32
19
24
4
6
19
14
14
5
13
26
7
2
6
5
10
21
4
32
17
32
29
31
15
31
2
29
31
5
31
19
31
30
32
29
31
20
31
26
32
30
22
31
15
32
30
31
13
28
8
31
8
32
32
28
32
17
15
31
29
30
31
29
18
31
