21
13
11
32
27
22
32
8
18
16
16
32
13
9
20
10
29
1
10
11
17
11
1
2
26
19
20
12
23
3
18
13
23
3
4
14
24
14
1
5
14
16
15
6
6
6
3
22
22
7
3
1
17
31
8
25
18
8
27
9
19
7
10
19
10
20
3
20
21
11
21
21
0
10
2
22
31
12
13
23
31
23
31
24
14
0
24
25
15
2
25
30
26
16
30
26
4
7
10
17
27
31
32
8
15
28
15
32
29
19
20
29
20
30
30
7
30
21
1
14
31
13
22
23
23
3
18
32
23
22
18
21
25
20
1
5
5
16
15
12
27
6
3
22
29
7
31
20
31
31
31
32
32
26
31
28
19
32
10
31
25
31
28
31
24
31
31
31
0
31
12
23
31
27
30
31
22
32
31
24
32
0
32
5
31
9
28
24
31
16
14
14
