31
17
8
13
17
17
28
0
8
32
19
29
17
1
1
21
1
11
0
17
2
31
1
22
12
1
23
13
4
4
13
4
1
3
5
15
25
21
22
6
25
0
1
7
17
23
17
8
18
9
9
26
29
29
19
10
10
10
1
3
11
21
26
26
27
13
13
32
5
23
31
4
24
8
29
15
30
25
3
7
9
26
8
31
17
27
13
17
17
28
12
12
6
19
29
12
29
30
0
14
21
14
17
22
31
11
22
23
32
22
1
14
25
13
25
21
22
5
24
25
22
22
6
25
18
18
31
26
29
31
8
32
32
30
28
32
1
32
31
3
31
5
31
29
14
31
30
30
31
32
32
4
27
31
4
30
31
11
31
31
31
31
3
32
26
32
