13
15
8
28
16
19
31
8
22
9
32
18
1
0
24
19
2
11
2
20
3
35
32
3
4
0
36
24
5
28
15
2
6
16
28
7
17
17
17
8
19
29
1
9
5
5
32
36
21
11
22
28
12
3
35
13
35
13
24
10
14
33
31
25
15
26
26
27
32
27
17
28
18
28
34
29
29
9
15
30
21
21
0
31
21
22
9
32
18
33
15
24
16
24
34
2
25
22
35
24
36
4
21
36
28
22
28
26
21
25
14
18
28
6
31
36
36
18
36
17
35
34
35
35
36
36
35
11
35
34
35
35
35
35
36
36
33
14
33
35
26
0
26
26
34
35
32
32
28
35
8
34
35
29
