14
14
30
31
34
21
24
20
8
9
16
35
1
0
33
35
2
11
2
26
3
26
35
13
4
3
35
14
5
1
15
22
6
29
0
7
2
1
27
18
8
33
9
34
35
10
20
10
7
11
26
21
22
12
22
36
8
5
33
14
24
36
30
25
15
26
16
10
17
27
12
28
18
28
3
18
29
14
14
30
30
30
31
21
31
10
16
32
35
14
3
33
13
24
34
2
26
35
26
35
4
4
27
36
14
20
14
21
22
0
10
0
29
27
27
27
31
35
33
35
36
35
10
35
33
35
35
35
35
36
35
35
36
35
29
35
14
36
36
34
36
33
36
36
29
35
33
30
28
35
28
3
35
33
