19
20
9
28
11
10
31
10
19
12
26
10
1
10
23
26
2
23
2
27
3
13
34
3
4
22
36
20
15
5
27
6
6
6
4
7
17
4
30
8
18
25
9
25
5
20
10
35
21
11
34
22
36
22
12
13
23
23
14
24
31
14
25
15
31
26
35
16
7
27
3
33
28
2
18
19
29
14
34
30
20
15
34
31
21
11
35
32
9
36
33
23
12
34
36
34
25
3
35
36
3
36
16
36
18
28
22
15
17
22
6
4
7
7
25
30
36
35
35
33
35
5
35
35
35
32
35
34
35
36
35
32
35
31
36
35
35
36
35
33
35
31
35
35
35
35
35
35
33
36
31
36
19
35
