29
34
31
19
13
9
8
20
18
32
35
0
1
33
24
36
11
2
35
12
35
3
1
27
4
30
4
14
5
15
29
2
6
1
23
7
33
3
8
18
8
34
19
9
27
10
5
36
21
11
28
6
22
12
8
23
1
32
8
24
6
31
15
14
6
26
35
16
5
27
8
12
28
18
29
12
36
35
20
30
12
36
9
31
21
36
32
11
36
1
33
24
36
34
34
20
9
35
23
22
27
27
36
4
1
22
1
29
6
9
21
15
16
31
3
36
35
15
1
35
34
27
10
35
10
36
36
30
36
33
35
35
36
32
36
19
35
35
2
36
34
35
27
35
16
36
35
8
35
34
18
35
12
36
