12
16
30
13
21
19
8
18
14
1
1
1
29
35
2
17
2
21
3
14
36
4
14
2
5
2
5
6
28
6
28
7
17
8
19
31
25
29
9
6
10
5
11
21
34
28
30
13
23
13
29
14
35
4
25
15
6
1
5
17
27
4
36
28
14
29
19
12
16
30
9
21
31
35
36
32
15
1
1
33
24
34
16
2
35
15
26
13
36
14
16
25
26
4
6
28
30
28
21
20
36
35
22
35
29
35
34
35
35
36
35
35
35
30
35
35
35
35
24
35
13
35
18
35
31
35
18
35
0
35
28
33
35
19
