9
28
19
9
12
16
27
12
8
30
14
28
29
19
8
14
11
29
20
20
1
14
1
1
30
28
1
30
2
0
11
11
2
22
3
12
3
0
18
12
1
4
14
20
20
26
4
14
5
1
20
3
25
5
24
6
16
1
0
28
16
7
2
29
27
8
32
3
31
8
18
26
9
9
32
9
19
24
10
20
10
7
0
32
7
10
11
21
22
12
11
0
12
28
8
0
23
13
5
23
14
14
32
24
8
31
31
15
25
32
2
26
25
15
16
16
10
26
26
17
27
9
27
28
27
12
8
14
14
28
5
19
8
0
3
29
9
1
10
21
30
31
30
30
21
0
8
3
31
11
31
22
23
0
3
0
32
17
23
24
0
20
24
16
4
18
5
15
20
15
23
2
24
19
22
22
1
28
16
20
31
27
31
30
31
1
21
29
32
1
20
29
19
31
27
13
31
30
32
21
30
32
7
31
30
31
15
12
31
0
31
28
29
31
26
4
5
2
32
9
14
31
29
27
31
20
25
32
32
19
32
22
23
32
10
32
5
