17
8
17
9
13
0
9
31
16
31
24
18
15
21
16
8
8
28
29
22
1
25
10
1
21
30
2
2
1
21
2
19
22
20
3
3
32
3
13
23
21
1
4
13
13
23
1
1
25
5
20
20
32
15
6
6
6
2
2
6
25
7
32
24
2
23
7
8
2
18
31
27
9
8
19
26
19
9
31
10
29
27
26
11
1
26
11
21
0
27
0
12
22
27
27
22
22
28
6
23
0
1
14
13
24
30
8
15
1
31
25
15
4
30
31
3
26
16
17
17
31
10
27
18
4
31
18
2
28
18
28
8
19
29
8
32
29
15
15
8
20
30
12
32
32
3
32
21
31
11
22
15
3
5
15
3
6
32
0
24
4
15
8
25
1
15
25
5
25
17
0
18
6
6
19
2
25
6
23
28
32
26
31
31
22
32
25
17
31
29
31
27
7
31
29
25
31
10
12
30
32
22
10
28
22
6
31
28
2
29
32
32
6
32
29
18
32
29
0
31
9
31
30
30
31
7
1
0
32
21
5
20
31
9
26
16
31
