14
18
9
11
17
19
7
30
21
28
12
8
24
0
0
29
17
20
15
31
16
1
10
20
23
32
31
11
18
2
20
17
18
32
3
3
27
3
23
30
21
27
4
23
19
20
31
1
14
5
14
15
4
15
6
27
6
16
6
17
7
28
32
7
17
2
7
8
7
4
31
29
19
9
9
32
19
10
20
10
25
10
20
20
11
21
32
1
2
22
11
12
31
23
32
13
31
31
23
13
10
10
1
24
5
24
29
15
25
0
15
25
31
16
30
26
12
30
6
17
30
27
17
27
7
11
10
11
28
10
10
0
12
29
11
20
15
19
15
30
21
20
2
21
31
11
11
21
2
16
32
32
22
3
32
3
23
21
20
24
14
23
19
8
2
8
21
5
14
20
19
15
12
27
7
16
30
17
7
29
32
20
1
6
7
31
31
31
30
29
32
21
15
32
21
32
21
31
27
22
31
28
11
14
32
9
31
26
31
12
32
28
32
30
9
31
8
16
31
7
31
28
7
24
31
5
27
30
32
31
31
26
30
32
10
30
31
