31
15
6
8
27
12
18
17
24
28
21
12
27
18
32
0
9
20
21
0
23
1
0
10
20
21
16
2
11
2
24
25
11
0
3
2
3
32
13
28
21
4
13
4
28
4
23
5
0
5
1
15
5
15
6
28
25
28
28
16
7
6
0
17
2
32
1
18
8
29
24
24
26
9
19
2
32
19
20
4
10
5
27
31
21
11
2
21
12
22
12
27
5
22
27
12
13
5
23
13
32
29
13
1
24
1
15
5
15
7
7
15
6
7
16
30
26
16
31
17
17
8
27
12
18
32
12
18
5
28
3
19
32
20
29
20
0
0
1
7
30
5
20
12
4
31
11
2
22
14
15
17
16
11
18
32
19
24
12
9
2
4
0
24
18
9
0
23
25
24
2
7
10
1
14
18
28
19
27
31
20
31
8
30
0
32
1
1
15
4
29
31
16
2
26
32
21
4
32
26
26
15
31
27
2
30
31
21
9
32
4
22
31
12
27
25
31
4
3
32
1
25
31
1
0
5
28
31
0
0
6
26
31
19
21
29
26
