7
12
18
17
30
10
18
28
18
17
22
19
28
8
22
0
13
29
20
0
1
20
26
0
1
20
10
31
10
2
11
31
17
31
17
3
23
2
3
1
30
4
20
4
20
27
4
15
14
5
25
21
22
27
6
6
6
15
21
4
7
25
7
17
17
8
8
23
18
19
25
8
5
25
19
9
31
7
10
20
32
1
20
11
3
21
21
11
21
8
8
12
30
12
22
27
31
23
23
13
23
32
1
10
10
24
14
32
25
29
5
5
16
16
4
16
26
1
17
4
4
17
27
18
6
28
18
28
6
19
28
19
31
0
13
29
20
13
20
20
30
0
1
20
3
31
0
2
11
31
22
3
4
8
6
24
32
7
24
5
8
4
18
7
11
3
14
5
25
19
19
27
14
27
3
10
21
4
7
29
30
32
24
8
31
30
31
4
29
8
32
25
28
19
32
27
32
24
32
1
31
11
31
32
32
20
29
31
30
12
21
31
22
4
32
7
28
7
24
31
4
0
24
32
14
32
29
31
8
32
30
32
32
16
32
12
31
