10
17
16
11
26
20
0
28
31
8
15
28
11
17
9
31
29
27
20
14
9
1
13
17
18
15
16
0
11
2
15
12
22
12
3
23
3
22
32
23
21
4
13
4
19
13
19
4
5
1
28
20
32
25
23
6
16
24
25
28
7
2
7
18
17
23
7
3
8
18
18
28
9
24
19
20
20
19
20
20
10
21
30
22
1
5
21
11
21
32
32
5
12
6
7
4
13
7
23
11
12
13
14
7
24
3
8
15
10
11
3
25
5
4
30
26
7
26
7
17
16
15
27
15
31
5
28
17
15
28
15
19
14
6
29
14
29
19
20
21
30
21
10
2
9
1
32
2
31
22
7
12
3
14
32
1
32
7
2
4
24
16
2
25
13
4
5
23
24
0
1
11
23
11
16
24
17
29
7
30
25
32
27
1
4
25
30
32
18
4
13
27
31
24
29
32
32
28
30
32
30
0
15
5
32
11
15
32
1
31
12
23
31
4
32
14
32
3
5
31
12
17
1
31
9
26
10
11
31
30
23
4
31
8
32
24
4
