5
24
32
10
27
17
11
7
10
18
11
28
13
20
13
29
16
9
14
10
1
0
1
1
20
31
25
2
0
2
11
26
17
0
1
3
31
2
28
24
22
22
4
14
3
3
4
5
19
5
15
1
26
15
6
5
6
16
17
7
7
30
7
30
25
18
24
8
29
27
18
2
18
18
9
19
19
19
3
24
10
20
20
20
11
32
21
32
11
12
32
3
12
22
6
27
4
5
27
23
32
14
27
31
3
24
1
14
15
7
25
15
15
1
16
31
26
32
6
16
32
10
27
17
11
7
10
18
10
28
0
19
7
29
19
9
29
10
20
11
1
8
30
6
31
2
0
2
11
31
22
0
1
17
13
2
32
24
20
18
1
9
16
8
25
22
19
15
15
5
6
23
6
25
3
16
3
7
3
31
31
30
32
3
32
7
32
9
31
30
31
9
9
29
32
19
27
24
32
20
22
32
11
32
21
31
11
31
28
32
9
19
32
27
31
4
31
7
32
25
29
31
7
14
30
31
15
7
31
31
31
3
28
31
23
30
31
