17
30
13
31
17
31
7
8
12
27
8
28
23
29
19
9
9
9
17
21
1
1
1
19
10
10
11
1
2
31
12
2
22
2
3
3
12
3
1
23
1
27
4
1
21
1
14
21
5
20
5
5
25
32
6
5
6
16
17
27
22
7
6
25
26
7
8
29
30
8
18
31
5
9
19
0
5
10
20
10
9
20
1
30
11
10
11
0
21
27
22
12
31
29
3
32
4
23
13
5
23
14
24
5
5
5
24
3
14
15
25
7
3
7
5
16
26
11
17
1
10
32
17
27
8
6
12
18
8
28
17
29
19
6
6
20
29
20
18
20
1
30
20
30
20
9
21
0
16
31
16
2
10
10
23
6
32
23
1
7
14
1
0
1
25
21
11
20
5
4
25
0
6
5
4
27
0
27
11
7
31
25
31
30
32
2
30
32
31
31
30
32
30
31
5
31
22
32
29
31
31
30
32
10
27
15
31
3
26
12
31
25
2
32
0
29
13
31
6
16
31
6
31
30
11
3
31
9
25
8
31
28
4
16
32
11
1
