30
14
27
13
17
9
18
28
30
25
28
18
32
14
30
8
8
30
18
26
1
30
10
1
1
17
1
2
11
2
19
11
1
12
2
3
22
24
3
21
23
4
27
19
4
19
26
1
3
5
22
15
27
6
6
25
16
16
4
6
7
17
27
30
18
7
8
7
8
31
27
25
9
5
9
25
19
9
19
2
20
10
21
11
11
11
27
11
4
2
12
27
22
6
4
29
13
23
4
7
28
13
3
24
25
30
15
32
1
31
25
31
16
30
16
15
26
16
2
0
27
30
17
27
18
28
17
18
28
19
19
14
29
8
17
32
19
32
30
30
16
30
21
17
20
20
31
22
12
31
11
18
2
23
22
32
18
11
2
4
24
13
4
9
24
12
1
19
16
24
17
25
6
25
27
23
20
24
14
31
27
30
29
32
23
29
25
27
31
24
30
31
9
3
32
8
7
32
27
32
24
11
31
26
27
31
4
31
3
6
31
28
4
31
31
32
4
7
1
31
15
18
22
32
15
32
1
31
20
11
31
29
16
15
7
3
29
