11
16
16
23
30
20
27
14
8
10
19
6
8
26
29
26
32
32
16
19
30
1
15
16
31
10
17
22
30
2
20
22
31
22
23
18
13
25
0
3
4
4
19
24
4
25
14
25
5
14
2
14
27
28
6
31
16
27
16
2
7
26
7
7
17
28
3
8
1
18
31
4
2
9
25
9
28
10
19
20
5
0
10
20
21
11
29
32
26
29
27
22
12
7
23
22
22
13
23
31
24
23
7
32
32
15
4
15
25
9
25
32
25
15
16
0
1
3
26
16
16
32
8
6
27
9
13
19
19
28
8
13
19
8
32
8
29
12
30
1
30
4
0
30
15
13
22
7
22
31
7
12
16
23
13
17
16
32
15
12
23
12
16
18
18
17
8
13
2
14
5
18
6
19
16
6
16
2
9
19
7
32
21
1
32
30
14
28
32
4
28
9
31
22
29
31
3
31
22
31
10
32
1
32
12
32
26
32
7
32
12
31
12
31
11
31
23
31
24
32
7
26
32
20
4
32
25
9
10
32
30
29
32
5
32
29
22
