13 13 13 13 13 13 13 13 13 13 13 13 13 13 0 13 13 12 12 2 2 12 12 12 2 2 2 2 2 2 3 3 3 3 3 3 3 3 3 3 3 3 3 3 3 3 3 3 8 3 3 3 8 8 8 8 8 8 8 8 14 3 3 14 3 3 3 3 3 3 3 3 3 3 3 3 3 3 3 3
13 13 13 13 13 13 13 13 13 13 13 13 13 13 13 12 12 12 12 12 12 12 12 12 2 2 2 2 2 2 2 2 3 3 3 3 3 3 3 3 3 3 3 3 3 3 8 3 3 8 8 8 8 8 8 8 8 8 8 8 8 8 8 8 8 8 8 8 8 8 8 8 3 3 3 3 3 8 8 8
14 14 14 14 14 14 14 14 14 14 14 14 16 16 16 16 14 14 2 2 2 10 10 10 10 10 10 10 1 1 1 1 1 1 1 1 1 1 1 1 1 1 1 1 1 1 1 1 1 1 1 1 1 1 1 1 1 1 1 1 1 1 1 13 1 1 1 1 1 1 1 16 14 3 7 16 3 3 3 13
9 13 13 13 0 0 14 14 14 14 14 16 16 6 16 16 0 0 2 2 2 2 10 10 14 14 14 14 14 14 14 2 14 14 14 14 14 14 14 16 16 16 16 16 16 16 1 1 1 1 1 1 1 1 1 1 1 1 1 13 13 13 13 13 13 13 13 13 14 3 3 14 16 5 5 5 5 5 5 5
13 13 13 13 13 13 13 13 13 13 13 13 13 13 13 13 13 13 0 0 0 0 2 2 2 2 2 2 2 2 3 3 3 3 3 3 3 3 3 3 3 3 3 3 3 3 8 3 3 8 8 8 8 8 8 8 8 8 4 8 8 8 14 10 10 14 10 10 10 10 10 14 14 13 13 13 13 13 13 13
13 13 13 13 13 13 13 13 13 13 13 12 12 12 12 12 16 2 2 2 2 2 2 2 2 2 2 2 2 2 2 14 14 14 14 14 5 5 5 4 4 16 16 0 4 4 4 4 4 4 4 4 4 4 8 8 13 13 13 13 13 13 13 13 13 13 13 13 13 4 4 4 4 14 3 3 5 5 5 5
13 13 13 13 13 13 13 13 13 13 13 13 13 13 12 12 12 12 12 12 12 12 12 12 2 2 2 2 2 2 2 2 3 3 3 3 3 3 3 3 3 3 3 3 3 3 8 3 8 8 8 8 8 8 8 8 8 8 8 8 8 8 8 8 8 8 8 8 10 10 3 3 2 2 2 2 2 2 2 3
13 13 13 13 13 13 13 13 13 13 13 13 13 13 13 13 12 12 0 0 0 0 0 0 0 0 0 0 2 3 3 3 3 3 3 3 3 3 3 3 3 3 8 8 8 8 8 8 8 8 8 8 8 8 8 8 8 8 8 8 8 8 8 10 10 10 10 10 10 8 10 10 10 10 10 10 10 10 10 10
0 9 9 9 9 9 0 0 0 0 0 14 14 14 14 14 14 14 2 2 2 2 2 2 2 2 2 2 2 2 2 14 14 14 14 14 14 14 14 14 8 7 1 1 8 1 1 4 1 8 8 3 1 1 1 1 1 1 1 1 1 13 13 13 13 13 1 1 1 1 1 3 3 3 3 3 3 3 16 16
12 13 13 13 13 13 12 12 12 12 12 12 12 12 12 12 9 9 9 2 2 9 3 3 3 2 2 10 2 2 2 2 1 1 1 1 1 1 1 1 1 1 1 1 1 1 1 1 1 1 1 1 1 1 1 1 1 1 1 1 1 1 1 1 1 1 1 13 1 1 14 3 14 3 14 14 3 3 10 10
