# Results obtained using DQN. CPU time: 161.60861778259277
0.00763174  59.00000000  0.00565265  80.00000000  2686.20154034  0.00000000
0.01183564  70.00000000  0.00908352  80.00000000  1993.42733826  0.00000000
0.00116993  63.00000000  0.00034750  80.00000000  2810.02857854  0.00000000
0.00002171  78.00000000  0.00002171  80.00000000  1759.74724196  0.00000000
0.00012656  77.00000000  0.00009364  80.00000000  1422.58576939  0.00000000
0.00044547  76.00000000  0.00028482  80.00000000  1775.77959375  0.00000000
0.00933175  78.00000000  0.00933175  80.00000000  1740.48877796  0.13559618
0.00082842  75.00000000  0.00064139  80.00000000  2585.46007306  0.33282700
0.00033740  77.00000000  0.00032426  80.00000000  2365.96292693  0.53005781
0.02154903  66.00000000  0.00025813  80.00000000  2641.32271263  0.72728862
0.08455475  67.00000000  0.06891110  80.00000000  2513.60169462  0.92451944
0.00505961  78.00000000  0.00505961  80.00000000  3083.69573804  0.99000000
0.02521569  68.00000000  0.00890470  80.00000000  2639.34718710  0.99000000
0.02361694  68.00000000  0.00859134  80.00000000  2639.34250853  0.99000000
0.02361694  68.00000000  0.00859134  80.00000000  2639.34250853  0.99000000
0.00844933  78.00000000  0.00844933  80.00000000  2639.29634083  0.99000000
0.02361694  68.00000000  0.00859134  80.00000000  2639.34250853  0.99000000
0.02361694  68.00000000  0.00859134  80.00000000  2639.34250853  0.99000000
0.02432473  67.00000000  0.00222435  80.00000000  2639.98012116  0.99000000
0.02407848  69.00000000  0.00495389  80.00000000  2639.34537362  0.99000000
0.02326379  68.00000000  0.00842642  80.00000000  2639.34325590  0.99000000
0.02361694  68.00000000  0.00859134  80.00000000  2639.34250853  0.99000000
0.02361694  68.00000000  0.00859134  80.00000000  2639.34250853  0.99000000
0.02361694  68.00000000  0.00859134  80.00000000  2639.34250853  0.99000000
0.02361694  68.00000000  0.00963437  80.00000000  2639.34509459  0.99000000
0.02372851  66.00000000  0.00564840  80.00000000  2639.26248786  0.99000000
0.02361289  68.00000000  0.00860054  80.00000000  2639.34200667  0.99000000
0.02361694  68.00000000  0.00859134  80.00000000  2639.34250853  0.99000000
0.02361693  68.00000000  0.00859134  80.00000000  2639.34250883  0.99000000
0.02361694  68.00000000  0.00859134  80.00000000  2639.34250853  0.99000000
0.00107562  78.00000000  0.00107562  80.00000000  2679.43747093  0.99000000
0.02361694  68.00000000  0.00859162  80.00000000  2639.34269778  0.99000000
0.06985573  58.00000000  0.00295286  80.00000000  2063.88413666  0.99000000
0.02349798  52.00000000  0.01945445  80.00000000  2635.03710122  0.99000000
0.02361694  68.00000000  0.00859134  80.00000000  2639.34250853  0.99000000
0.02361694  68.00000000  0.00859134  80.00000000  2639.34250853  0.99000000
0.05063151  69.00000000  0.00997568  80.00000000  2826.87300386  0.99000000
0.00657034  78.00000000  0.00657034  80.00000000  2631.58945569  0.99000000
0.02361694  68.00000000  0.00859134  80.00000000  2639.34250853  0.99000000
0.02361694  68.00000000  0.00859134  80.00000000  2639.34250853  0.99000000
0.02361694  68.00000000  0.00859134  80.00000000  2639.34250853  0.99000000
0.02361694  68.00000000  0.00859134  80.00000000  2639.34250853  0.99000000
0.01272187  68.00000000  0.00236566  80.00000000  2637.67684765  0.99000000
0.02361469  68.00000000  0.00859142  80.00000000  2639.34265432  0.99000000
0.02505214  63.00000000  0.00532232  80.00000000  2623.52747164  0.99000000
0.02361694  68.00000000  0.00859134  80.00000000  2639.34250853  0.99000000
0.02361694  68.00000000  0.00859134  80.00000000  2639.34250853  0.99000000
0.02361694  68.00000000  0.00859134  80.00000000  2639.34250718  0.99000000
0.02361694  68.00000000  0.00859134  80.00000000  2639.34250853  0.99000000
0.02871065  65.00000000  0.00271020  80.00000000  2639.49956441  0.99000000
0.00693084  61.00000000  0.00112482  80.00000000  2639.29635443  0.99000000
0.02250528  67.00000000  0.00559973  80.00000000  2639.33222349  0.99000000
0.04942624  66.00000000  0.02835405  80.00000000  2418.74518458  0.99000000
0.02099466  68.00000000  0.00421030  80.00000000  2639.19736385  0.99000000
0.01834977  67.00000000  0.00467877  80.00000000  2637.19936046  0.99000000
0.02361694  68.00000000  0.00859134  80.00000000  2639.34250853  0.99000000
0.01236828  65.00000000  0.00779551  80.00000000  2712.59344979  0.99000000
0.02361694  68.00000000  0.00859134  80.00000000  2639.34251930  0.99000000
0.02361694  68.00000000  0.00859134  80.00000000  2639.34250853  0.99000000
0.02361694  68.00000000  0.00859134  80.00000000  2639.34250853  0.99000000
0.02361694  68.00000000  0.00859134  80.00000000  2639.34250853  0.99000000
0.02442230  68.00000000  0.00549242  80.00000000  2639.34172134  0.99000000
0.02361694  68.00000000  0.00859134  80.00000000  2639.34250853  0.99000000
0.02406078  67.00000000  0.00422837  80.00000000  2639.34476560  0.99000000
0.02361694  68.00000000  0.00859134  80.00000000  2639.34250853  0.99000000
0.01250889  65.00000000  0.00431263  80.00000000  2637.92726660  0.99000000
0.02361694  68.00000000  0.00859134  80.00000000  2639.34250853  0.99000000
0.02361694  68.00000000  0.00859134  80.00000000  2639.34250853  0.99000000
0.02359999  68.00000000  0.00358461  80.00000000  2639.34021656  0.99000000
0.02361694  68.00000000  0.00859134  80.00000000  2639.34250853  0.99000000
0.01169275  64.00000000  0.00070207  80.00000000  2649.13831991  0.99000000
0.02361648  68.00000000  0.00859142  80.00000000  2639.34260969  0.99000000
0.02312527  67.00000000  0.00845432  80.00000000  2639.34162660  0.99000000
0.02361694  68.00000000  0.00859134  80.00000000  2639.34250853  0.99000000
0.01929286  65.00000000  0.00237769  80.00000000  2639.32479777  0.99000000
0.04629447  68.00000000  0.00115827  80.00000000  2639.42397958  0.99000000
0.02361694  68.00000000  0.00859134  80.00000000  2639.34250853  0.99000000
0.02361694  68.00000000  0.00859134  80.00000000  2639.34250853  0.99000000
0.02361694  68.00000000  0.00859134  80.00000000  2639.34250853  0.99000000
0.02560357  67.00000000  0.00360955  80.00000000  2639.24381123  0.99000000
0.02359999  68.00000000  0.00466383  80.00000000  2639.34011358  0.99000000
0.02361694  68.00000000  0.00859134  80.00000000  2639.34250853  0.99000000
0.01299811  68.00000000  0.00694987  80.00000000  2520.28578994  0.99000000
0.61066480  70.00000000  0.14730198  80.00000000  2551.66260639  0.99000000
0.02361702  68.00000000  0.00866644  80.00000000  2639.34271258  0.99000000
0.00302131  78.00000000  0.00302131  80.00000000  2632.37882406  0.99000000
0.02205814  68.00000000  0.00877489  80.00000000  2639.35096490  0.99000000
0.02361694  68.00000000  0.00859134  80.00000000  2639.34250853  0.99000000
0.00164212  65.00000000  0.00073421  80.00000000  2597.17144075  0.99000000
0.02361694  68.00000000  0.00859134  80.00000000  2639.34250853  0.99000000
0.02361694  68.00000000  0.00859125  80.00000000  2639.34254915  0.99000000
0.02361694  68.00000000  0.00859134  80.00000000  2639.34250853  0.99000000
0.02361694  68.00000000  0.00859134  80.00000000  2639.34250853  0.99000000
0.02361694  68.00000000  0.00859134  80.00000000  2639.34250853  0.99000000
0.61066480  70.00000000  0.14730198  80.00000000  2551.66260639  0.99000000
0.02361694  68.00000000  0.00859134  80.00000000  2639.34250853  0.99000000
0.02332131  68.00000000  0.00843359  80.00000000  2639.33739527  0.99000000
0.02361694  68.00000000  0.00859134  80.00000000  2639.34250853  0.99000000
0.00414559  78.00000000  0.00414559  80.00000000  2632.18038553  0.99000000
0.02361694  68.00000000  0.00859134  80.00000000  2639.34250853  0.99000000
0.02361694  68.00000000  0.00859134  80.00000000  2639.34250853  0.99000000
0.02361694  68.00000000  0.00859134  80.00000000  2639.34250853  0.99000000
0.02363917  68.00000000  0.00856698  80.00000000  2639.32877592  0.99000000
0.02383540  66.00000000  0.00129820  80.00000000  2639.33729978  0.99000000
0.02361694  68.00000000  0.00859134  80.00000000  2639.34250853  0.99000000
0.02361694  68.00000000  0.00859134  80.00000000  2639.34251176  0.99000000
0.02361694  68.00000000  0.00859134  80.00000000  2639.34250853  0.99000000
0.00045112  76.00000000  0.00040853  80.00000000  2631.26013083  0.99000000
0.02361694  68.00000000  0.00859134  80.00000000  2639.34250853  0.99000000
0.04704686  60.00000000  0.00287374  80.00000000  2615.82877304  0.99000000
0.02361694  68.00000000  0.00859134  80.00000000  2639.34250853  0.99000000
0.01732522  65.00000000  0.00348852  80.00000000  2639.26196197  0.99000000
0.00636930  78.00000000  0.00636930  80.00000000  2631.71285382  0.99000000
0.02361694  68.00000000  0.00859134  80.00000000  2639.34250853  0.99000000
0.02361694  68.00000000  0.00859134  80.00000000  2639.34250853  0.99000000
0.02361446  68.00000000  0.00859096  80.00000000  2639.34237020  0.99000000
0.02370088  68.00000000  0.00604109  80.00000000  2639.34072604  0.99000000
0.02361694  68.00000000  0.00859134  80.00000000  2639.34250853  0.99000000
0.02361694  68.00000000  0.00859134  80.00000000  2639.34250853  0.99000000
0.01719467  68.00000000  0.00840315  80.00000000  2637.90646527  0.99000000
0.01771999  67.00000000  0.00806263  80.00000000  2637.56171462  0.99000000
0.02361694  68.00000000  0.00859134  80.00000000  2639.34250853  0.99000000
0.02361694  68.00000000  0.00859134  80.00000000  2639.34250853  0.99000000
0.00162678  70.00000000  0.00047065  80.00000000  3209.50791146  0.99000000
0.00029005  76.00000000  0.00028009  80.00000000  2653.98605315  0.99000000
0.01367507  70.00000000  0.00372788  80.00000000  2649.30594460  0.99000000
0.02361694  68.00000000  0.00859134  80.00000000  2639.34250853  0.99000000
0.02320888  78.00000000  0.02320888  80.00000000  3117.83330636  0.99000000
0.02361694  68.00000000  0.00859134  80.00000000  2639.34250853  0.99000000
0.01682448  72.00000000  0.00780532  80.00000000  2639.31665852  0.99000000
0.02361694  68.00000000  0.00859134  80.00000000  2639.34250853  0.99000000
0.03295532  55.00000000  0.01471104  80.00000000  2631.92571107  0.99000000
0.02361694  68.00000000  0.00859134  80.00000000  2639.34250853  0.99000000
0.01778024  68.00000000  0.00304414  80.00000000  2619.71251961  0.99000000
0.01504564  78.00000000  0.01504564  80.00000000  2846.87600611  0.99000000
0.01998167  68.00000000  0.00964261  80.00000000  2637.43345670  0.99000000
0.02392047  69.00000000  0.01099287  80.00000000  2640.30759149  0.99000000
0.02361634  68.00000000  0.00858943  80.00000000  2639.34113706  0.99000000
0.00794625  63.00000000  0.00139653  80.00000000  3295.71683720  0.99000000
0.02361694  68.00000000  0.00859134  80.00000000  2639.34250853  0.99000000
0.02361694  68.00000000  0.00859134  80.00000000  2639.34250853  0.99000000
0.02361694  68.00000000  0.00859163  80.00000000  2639.34251094  0.99000000
0.02360659  68.00000000  0.00548205  80.00000000  2639.34074358  0.99000000
0.02361694  68.00000000  0.00859162  80.00000000  2639.34249841  0.99000000
0.02377306  68.00000000  0.01646083  80.00000000  2639.34939705  0.99000000
0.00026732  78.00000000  0.00026732  80.00000000  2659.00076105  0.99000000
0.02361694  68.00000000  0.00859134  80.00000000  2639.34250853  0.99000000
0.00249411  78.00000000  0.00249411  80.00000000  2639.29568538  0.99000000
0.02896908  74.00000000  0.02462793  80.00000000  2639.36132078  0.99000000
0.02587982  66.00000000  0.00179253  80.00000000  2639.34409267  0.99000000
0.00107254  65.00000000  0.00022872  80.00000000  3239.91292084  0.99000000
0.02361694  68.00000000  0.00859134  80.00000000  2639.34250853  0.99000000
0.02361694  68.00000000  0.00859134  80.00000000  2639.34250718  0.99000000
0.03655380  68.00000000  0.00109227  80.00000000  2628.36178868  0.99000000
0.02361694  68.00000000  0.00859134  80.00000000  2639.34250853  0.99000000
0.02361694  68.00000000  0.00859134  80.00000000  2639.34250853  0.99000000
0.02346886  69.00000000  0.00471840  80.00000000  2639.06407617  0.99000000
0.01591642  70.00000000  0.00547965  80.00000000  2643.83017970  0.99000000
0.00493312  69.00000000  0.00146494  80.00000000  2945.60249089  0.99000000
0.02361694  68.00000000  0.00859134  80.00000000  2639.34250853  0.99000000
0.02361694  68.00000000  0.00859134  80.00000000  2639.34250853  0.99000000
0.02167437  66.00000000  0.00372080  80.00000000  2639.33414029  0.99000000
0.02361694  68.00000000  0.00859134  80.00000000  2639.34250853  0.99000000
0.02361694  68.00000000  0.00859134  80.00000000  2639.34250853  0.99000000
0.02361694  68.00000000  0.00859134  80.00000000  2639.34250853  0.99000000
0.00568198  49.00000000  0.00491901  80.00000000  2631.71271241  0.99000000
0.02361692  68.00000000  0.00859135  80.00000000  2639.34250463  0.99000000
0.02361694  68.00000000  0.00859134  80.00000000  2639.34250853  0.99000000
0.02361694  68.00000000  0.00859134  80.00000000  2639.34250853  0.99000000
0.02361694  68.00000000  0.00859134  80.00000000  2639.34250853  0.99000000
0.02361694  68.00000000  0.00859134  80.00000000  2639.34250853  0.99000000
0.02361694  68.00000000  0.00859134  80.00000000  2639.34250853  0.99000000
0.02361694  68.00000000  0.00859134  80.00000000  2639.34250853  0.99000000
0.00822075  63.00000000  0.00254592  80.00000000  3295.77677490  0.99000000
0.02361694  68.00000000  0.00859134  80.00000000  2639.34250853  0.99000000
0.01022653  74.00000000  0.00654753  80.00000000  2627.86047518  0.99000000
0.02361694  68.00000000  0.00859134  80.00000000  2639.34250853  0.99000000
0.02361694  68.00000000  0.00859134  80.00000000  2639.34250853  0.99000000
0.02361694  68.00000000  0.00859134  80.00000000  2639.34250853  0.99000000
0.02361694  68.00000000  0.00860432  80.00000000  2639.34251161  0.99000000
0.01800488  66.00000000  0.00604497  80.00000000  2637.94888867  0.99000000
0.02361694  68.00000000  0.00859134  80.00000000  2639.34250853  0.99000000
0.05281169  69.00000000  0.00906088  80.00000000  2601.29382451  0.99000000
0.02354647  68.00000000  0.00791454  80.00000000  2639.34253265  0.99000000
0.02361694  68.00000000  0.00859134  80.00000000  2639.34250853  0.99000000
0.02361694  68.00000000  0.00859134  80.00000000  2639.34250853  0.99000000
0.00821960  63.00000000  0.00254573  80.00000000  3295.77690688  0.99000000
0.56164355  71.00000000  0.16111658  80.00000000  2473.64370878  0.99000000
0.02361694  68.00000000  0.00859134  80.00000000  2639.34250853  0.99000000
0.02361694  68.00000000  0.00859134  80.00000000  2639.34250853  0.99000000
0.02361694  68.00000000  0.00859134  80.00000000  2639.34250853  0.99000000
0.02361694  68.00000000  0.00859134  80.00000000  2639.34250853  0.99000000
0.01111761  78.00000000  0.01111761  80.00000000  2920.26090351  0.99000000
0.02402209  67.00000000  0.00529826  80.00000000  2639.34156790  0.99000000
0.02361694  68.00000000  0.00859134  80.00000000  2639.34250853  0.99000000
0.02421714  67.00000000  0.00700116  80.00000000  2639.34400131  0.99000000
0.02361694  68.00000000  0.00859134  80.00000000  2639.34250853  0.99000000
0.02361694  68.00000000  0.00859134  80.00000000  2639.34250853  0.99000000
0.02361694  68.00000000  0.00859134  80.00000000  2639.34250853  0.99000000
0.02361694  68.00000000  0.00859134  80.00000000  2639.34250853  0.99000000
0.02377312  68.00000000  0.01676506  80.00000000  2639.35784685  0.99000000
0.02361694  68.00000000  0.00859162  80.00000000  2639.34250830  0.99000000
0.02408791  67.00000000  0.00556644  80.00000000  2639.33986468  0.99000000
0.02361694  68.00000000  0.00859134  80.00000000  2639.34250853  0.99000000
0.02361694  68.00000000  0.00859134  80.00000000  2639.34250853  0.99000000
0.02361694  68.00000000  0.00859162  80.00000000  2639.34263740  0.99000000
0.02311436  67.00000000  0.00339026  80.00000000  2639.35018944  0.99000000
0.01987715  67.00000000  0.00005316  80.00000000  2637.42622410  0.99000000
0.02361694  68.00000000  0.00859134  80.00000000  2639.34250853  0.99000000
0.00427889  78.00000000  0.00427889  80.00000000  2637.78133598  0.99000000
0.02361694  68.00000000  0.00859134  80.00000000  2639.34250853  0.99000000
0.02361694  68.00000000  0.00859134  80.00000000  2639.34250853  0.99000000
0.02361694  68.00000000  0.00859134  80.00000000  2639.34250853  0.99000000
0.00700942  77.00000000  0.00694454  80.00000000  2632.12759622  0.99000000
0.00026878  78.00000000  0.00026878  80.00000000  2659.00082004  0.99000000
0.02361694  68.00000000  0.00859134  80.00000000  2639.34250853  0.99000000
0.18024782  71.00000000  0.03538549  80.00000000  2915.23412084  0.99000000
0.02361694  68.00000000  0.00859134  80.00000000  2639.34250853  0.99000000
0.02361694  68.00000000  0.00859134  80.00000000  2639.34250853  0.99000000
0.02361746  68.00000000  0.00859112  80.00000000  2639.34225161  0.99000000
0.02361694  68.00000000  0.00523253  80.00000000  2639.34220073  0.99000000
0.02345288  68.00000000  0.01165082  80.00000000  2639.34463418  0.99000000
0.02361694  68.00000000  0.00859134  80.00000000  2639.34250853  0.99000000
0.02361694  68.00000000  0.00859134  80.00000000  2639.34250853  0.99000000
0.02361694  68.00000000  0.00859134  80.00000000  2639.34250853  0.99000000
0.02361692  68.00000000  0.00859135  80.00000000  2639.34250463  0.99000000
0.02418674  67.00000000  0.00576892  80.00000000  2639.36216678  0.99000000
0.02361694  68.00000000  0.00859134  80.00000000  2639.34250853  0.99000000
0.01547547  75.00000000  0.01484701  80.00000000  2637.25574633  0.99000000
0.01889122  65.00000000  0.01204703  80.00000000  2639.32471223  0.99000000
0.02395729  68.00000000  0.00466383  80.00000000  2639.34201355  0.99000000
0.02361694  68.00000000  0.00859134  80.00000000  2639.34250853  0.99000000
0.02361694  68.00000000  0.00859134  80.00000000  2639.34250853  0.99000000
0.02361694  68.00000000  0.00859134  80.00000000  2639.34250853  0.99000000
0.02361694  68.00000000  0.00859134  80.00000000  2639.34250853  0.99000000
0.02361694  68.00000000  0.00859134  80.00000000  2639.34250853  0.99000000
0.03022838  63.00000000  0.00157225  80.00000000  2714.48266554  0.99000000
0.02361694  68.00000000  0.00859134  80.00000000  2639.34250853  0.99000000
0.02349536  69.00000000  0.00800795  80.00000000  2641.02746796  0.99000000
0.00361818  78.00000000  0.00361818  80.00000000  3027.54644309  0.99000000
0.02436584  68.00000000  0.00430779  80.00000000  2639.82903254  0.99000000
0.02361694  68.00000000  0.00859134  80.00000000  2639.34250853  0.99000000
0.02361694  68.00000000  0.00859134  80.00000000  2639.34250853  0.99000000
0.02361694  68.00000000  0.00859134  80.00000000  2639.34250853  0.99000000
0.02361694  68.00000000  0.00859134  80.00000000  2639.34250853  0.99000000
0.02361694  68.00000000  0.00859134  80.00000000  2639.34250853  0.99000000
0.02361694  68.00000000  0.00859134  80.00000000  2639.34250853  0.99000000
0.00038394  65.00000000  0.00011247  80.00000000  2659.00538423  0.99000000
0.02361694  68.00000000  0.00859134  80.00000000  2639.34250853  0.99000000
0.02419728  67.00000000  0.00651889  80.00000000  2639.34442092  0.99000000
0.01783880  71.00000000  0.00507827  80.00000000  2639.30989727  0.99000000
0.02361694  68.00000000  0.00859134  80.00000000  2639.34250853  0.99000000
0.03720670  70.00000000  0.00523593  80.00000000  2059.96514400  0.99000000
0.66443368  64.00000000  0.03172620  80.00000000  3738.19078405  0.99000000
0.02361694  68.00000000  0.00859134  80.00000000  2639.34250853  0.99000000
0.02361694  68.00000000  0.00859134  80.00000000  2639.34250853  0.99000000
0.02396604  68.00000000  0.00793246  80.00000000  2639.33904266  0.99000000
0.01505361  59.00000000  0.00811715  80.00000000  2636.10187233  0.99000000
0.02361694  68.00000000  0.00859134  80.00000000  2639.34250853  0.99000000
0.02752780  72.00000000  0.01904471  80.00000000  2639.35984210  0.99000000
0.03333386  65.00000000  0.03205272  80.00000000  2860.74727300  0.99000000
0.02361786  68.00000000  0.00859127  80.00000000  2639.34270375  0.99000000
0.02361694  68.00000000  0.00859134  80.00000000  2639.34250853  0.99000000
0.02361694  68.00000000  0.00859134  80.00000000  2639.34250853  0.99000000
0.02361694  68.00000000  0.00859134  80.00000000  2639.34250853  0.99000000
0.02361694  68.00000000  0.00824758  80.00000000  2639.34404108  0.99000000
0.02361694  68.00000000  0.00859134  80.00000000  2639.34250853  0.99000000
0.02361694  68.00000000  0.00859134  80.00000000  2639.34250853  0.99000000
0.02361694  68.00000000  0.00859134  80.00000000  2639.34250853  0.99000000
0.01483720  69.00000000  0.00536632  80.00000000  2654.37957276  0.99000000
0.01727432  78.00000000  0.01727432  80.00000000  2671.94747260  0.99000000
0.02361694  68.00000000  0.00859134  80.00000000  2639.34250853  0.99000000
0.02361694  68.00000000  0.00859134  80.00000000  2639.34250853  0.99000000
0.02361694  68.00000000  0.00859134  80.00000000  2639.34250853  0.99000000
0.02361694  68.00000000  0.00859134  80.00000000  2639.34250853  0.99000000
0.02361694  68.00000000  0.00859134  80.00000000  2639.34250853  0.99000000
0.02361694  68.00000000  0.00859134  80.00000000  2639.34250853  0.99000000
0.02361694  68.00000000  0.00859134  80.00000000  2639.34250853  0.99000000
0.02167437  66.00000000  0.00372080  80.00000000  2639.33414029  0.99000000
0.02361694  68.00000000  0.00859134  80.00000000  2639.34250853  0.99000000
0.02238340  67.00000000  0.00319080  80.00000000  2639.32324129  0.99000000
0.02743570  66.00000000  0.00287416  80.00000000  2639.20289233  0.99000000
0.02361694  68.00000000  0.00859134  80.00000000  2639.34250853  0.99000000
0.02361694  68.00000000  0.00859134  80.00000000  2639.34250853  0.99000000
0.02361694  68.00000000  0.00859134  80.00000000  2639.34250853  0.99000000
0.02361694  68.00000000  0.00859134  80.00000000  2639.34250853  0.99000000
0.02361694  68.00000000  0.00859134  80.00000000  2639.34250853  0.99000000
0.02361694  68.00000000  0.00859134  80.00000000  2639.34250853  0.99000000
0.02361694  68.00000000  0.00859134  80.00000000  2639.34250853  0.99000000
0.02361694  68.00000000  0.00841873  80.00000000  2639.34260889  0.99000000
0.02361694  68.00000000  0.00859134  80.00000000  2639.34250853  0.99000000
0.02361694  68.00000000  0.00859134  80.00000000  2639.34250853  0.99000000
0.00046159  78.00000000  0.00046159  80.00000000  2659.05306181  0.99000000
0.02361694  68.00000000  0.00859134  80.00000000  2639.34250853  0.99000000
0.02361694  68.00000000  0.00859134  80.00000000  2639.34250853  0.99000000
0.02361694  68.00000000  0.00859134  80.00000000  2639.34250853  0.99000000
0.02361694  68.00000000  0.00859148  80.00000000  2639.34251014  0.99000000
0.02361694  68.00000000  0.00859134  80.00000000  2639.34250853  0.99000000
0.02361673  68.00000000  0.00858926  80.00000000  2639.34225153  0.99000000
0.02361694  68.00000000  0.00859134  80.00000000  2639.34250853  0.99000000
0.01011085  65.00000000  0.00215971  80.00000000  3294.93917677  0.99000000
0.62855633  71.00000000  0.29362983  80.00000000  2437.95040936  0.99000000
0.03112889  67.00000000  0.00655293  80.00000000  2639.50771577  0.99000000
0.00899796  67.00000000  0.00041126  80.00000000  2279.91975004  0.99000000
0.03965248  69.00000000  0.01184845  80.00000000  2627.78902104  0.99000000
0.02361694  68.00000000  0.00859134  80.00000000  2639.34250853  0.99000000
0.02296524  66.00000000  0.00235239  80.00000000  2639.33301432  0.99000000
0.02521512  68.00000000  0.00684934  80.00000000  2639.34319615  0.99000000
0.02361694  68.00000000  0.00859134  80.00000000  2639.34250853  0.99000000
0.02361694  68.00000000  0.00859134  80.00000000  2639.34250853  0.99000000
0.01482101  69.00000000  0.00759731  80.00000000  2637.32080117  0.99000000
0.02361694  68.00000000  0.00859134  80.00000000  2639.34250853  0.99000000
0.02361694  68.00000000  0.00859134  80.00000000  2639.34250853  0.99000000
0.02027142  68.00000000  0.00018976  80.00000000  2637.34715429  0.99000000
0.02361694  68.00000000  0.00859134  80.00000000  2639.34250853  0.99000000
0.02361694  68.00000000  0.00859134  80.00000000  2639.34250853  0.99000000
0.02361694  68.00000000  0.00859134  80.00000000  2639.34250853  0.99000000
0.02375305  68.00000000  0.01334818  80.00000000  2639.34615321  0.99000000
0.02361694  68.00000000  0.00859134  80.00000000  2639.34250853  0.99000000
0.02361694  68.00000000  0.00859134  80.00000000  2639.34250853  0.99000000
0.02361694  68.00000000  0.00859134  80.00000000  2639.34250853  0.99000000
0.06022371  69.00000000  0.01501741  80.00000000  2634.57267815  0.99000000
0.02361694  68.00000000  0.00859134  80.00000000  2639.34250853  0.99000000
0.02361694  68.00000000  0.00859137  80.00000000  2639.34258162  0.99000000
0.01033728  69.00000000  0.00188200  80.00000000  2638.94238213  0.99000000
0.02361694  68.00000000  0.00859134  80.00000000  2639.34250853  0.99000000
0.02361694  68.00000000  0.00859134  80.00000000  2639.34250853  0.99000000
0.02361694  68.00000000  0.00859134  80.00000000  2639.34250853  0.99000000
0.02359999  68.00000000  0.00358461  80.00000000  2639.34021656  0.99000000
0.02436327  67.00000000  0.00080077  80.00000000  2639.33967415  0.99000000
0.02383543  66.00000000  0.00129819  80.00000000  2639.33729641  0.99000000
0.02361694  68.00000000  0.00847744  80.00000000  2639.34248397  0.99000000
0.02361694  68.00000000  0.00859134  80.00000000  2639.34250853  0.99000000
0.00762484  60.00000000  0.00290403  80.00000000  2639.30026733  0.99000000
0.02370088  68.00000000  0.00581252  80.00000000  2639.34075706  0.99000000
0.02361694  68.00000000  0.00859134  80.00000000  2639.34250853  0.99000000
0.04331333  68.00000000  0.03772403  80.00000000  2598.48413315  0.99000000
0.02361694  68.00000000  0.00859134  80.00000000  2639.34250853  0.99000000
0.02361694  68.00000000  0.00859134  80.00000000  2639.34250853  0.99000000
0.07175272  78.00000000  0.07175272  80.00000000  2660.97014489  0.99000000
0.02361694  68.00000000  0.00859134  80.00000000  2639.34250853  0.99000000
0.02361694  68.00000000  0.00859134  80.00000000  2639.34250853  0.99000000
0.02361694  68.00000000  0.00859134  80.00000000  2639.34250853  0.99000000
0.00232082  46.00000000  0.00155729  80.00000000  2609.26583978  0.99000000
0.02361694  68.00000000  0.00859134  80.00000000  2639.34250853  0.99000000
0.00094974  78.00000000  0.00094974  80.00000000  2603.50035471  0.99000000
0.02361694  68.00000000  0.00859134  80.00000000  2639.34250853  0.99000000
0.01705305  66.00000000  0.00431610  80.00000000  2638.83458420  0.99000000
0.02402270  67.00000000  0.00491091  80.00000000  2639.34376991  0.99000000
0.02360817  68.00000000  0.00857029  80.00000000  2639.34295413  0.99000000
0.02420782  67.00000000  0.00445645  80.00000000  2639.35586354  0.99000000
0.02361694  68.00000000  0.00859134  80.00000000  2639.34250853  0.99000000
0.02361694  68.00000000  0.00859134  80.00000000  2639.34250853  0.99000000
0.01106442  66.00000000  0.00035093  80.00000000  2585.33072632  0.99000000
0.03098296  66.00000000  0.00562300  80.00000000  2639.36329649  0.99000000
0.02361694  68.00000000  0.00859134  80.00000000  2639.34250853  0.99000000
0.02361694  68.00000000  0.00859134  80.00000000  2639.34250853  0.99000000
0.02361694  68.00000000  0.00859134  80.00000000  2639.34250853  0.99000000
0.02361780  68.00000000  0.00859038  80.00000000  2639.34634796  0.99000000
0.02361694  68.00000000  0.00859134  80.00000000  2639.34250853  0.99000000
0.01839900  68.00000000  0.00450586  80.00000000  2635.82925370  0.99000000
0.02361694  68.00000000  0.00859134  80.00000000  2639.34250853  0.99000000
0.02361694  68.00000000  0.00859134  80.00000000  2639.34250853  0.99000000
0.03549032  69.00000000  0.00516425  80.00000000  2881.71661552  0.99000000
0.66443368  64.00000000  0.05355458  80.00000000  3738.57015057  0.99000000
0.00475675  64.00000000  0.00107469  80.00000000  2639.30488226  0.99000000
0.02361694  68.00000000  0.00859134  80.00000000  2639.34250853  0.99000000
0.02216152  72.00000000  0.00996025  80.00000000  2639.31832845  0.99000000
0.01141449  66.00000000  0.00787471  80.00000000  2875.49082645  0.99000000
0.02361694  68.00000000  0.00859134  80.00000000  2639.34250853  0.99000000
0.02361694  68.00000000  0.00859134  80.00000000  2639.34250853  0.99000000
0.02361694  68.00000000  0.00859134  80.00000000  2639.34250853  0.99000000
0.02361694  68.00000000  0.00859134  80.00000000  2639.34250853  0.99000000
0.02361694  68.00000000  0.00859134  80.00000000  2639.34250853  0.99000000
0.02801575  68.00000000  0.00295781  80.00000000  2639.44323908  0.99000000
0.02216650  65.00000000  0.01937097  80.00000000  2635.84798963  0.99000000
0.02361694  68.00000000  0.00859134  80.00000000  2639.34250853  0.99000000
0.02361694  68.00000000  0.00828842  80.00000000  2639.34248775  0.99000000
0.02361694  68.00000000  0.00859134  80.00000000  2639.34250852  0.99000000
0.03134164  66.00000000  0.00231192  80.00000000  2639.40098924  0.99000000
0.01810681  70.00000000  0.01043438  80.00000000  2638.82112755  0.99000000
0.02361694  68.00000000  0.00859134  80.00000000  2639.34250853  0.99000000
0.02361702  68.00000000  0.00865764  80.00000000  2639.35405725  0.99000000
0.02361694  68.00000000  0.00859134  80.00000000  2639.34250853  0.99000000
0.00692200  61.00000000  0.00112420  80.00000000  2639.29908269  0.99000000
0.02361694  68.00000000  0.00859134  80.00000000  2639.34250853  0.99000000
0.02361659  68.00000000  0.00859133  80.00000000  2639.34244882  0.99000000
0.02292497  71.00000000  0.01140225  80.00000000  2639.32353066  0.99000000
0.00116781  78.00000000  0.00116781  80.00000000  3239.91291278  0.99000000
0.01322365  67.00000000  0.00187941  80.00000000  2636.81824830  0.99000000
0.02361694  68.00000000  0.00859134  80.00000000  2639.34250853  0.99000000
0.02361694  68.00000000  0.00859134  80.00000000  2639.34250853  0.99000000
0.02361694  68.00000000  0.00856842  80.00000000  2639.34265039  0.99000000
0.02361694  68.00000000  0.00859134  80.00000000  2639.34250853  0.99000000
0.02361694  68.00000000  0.00859134  80.00000000  2639.34250853  0.99000000
0.02361694  68.00000000  0.00859134  80.00000000  2639.34250853  0.99000000
0.02420694  67.00000000  0.00433821  80.00000000  2639.33680470  0.99000000
0.02361694  68.00000000  0.00859134  80.00000000  2639.34250853  0.99000000
0.03417269  66.00000000  0.00325304  80.00000000  2639.09899785  0.99000000
0.02234431  68.00000000  0.00755418  80.00000000  2639.33152995  0.99000000
0.02361694  68.00000000  0.00859134  80.00000000  2639.34250853  0.99000000
0.02774483  66.00000000  0.00546571  80.00000000  2637.31063747  0.99000000
0.00740051  66.00000000  0.00649226  80.00000000  2688.31203040  0.99000000
0.02361694  68.00000000  0.00859134  80.00000000  2639.34251203  0.99000000
0.02367430  66.00000000  0.00561178  80.00000000  2639.23476594  0.99000000
0.02361694  68.00000000  0.00859134  80.00000000  2639.34250853  0.99000000
0.01686436  72.00000000  0.00780040  80.00000000  2639.31062025  0.99000000
0.02238603  65.00000000  0.00018463  80.00000000  2639.16281069  0.99000000
0.02361694  68.00000000  0.00859134  80.00000000  2639.34250853  0.99000000
0.01943416  69.00000000  0.00416369  80.00000000  2638.99984825  0.99000000
0.02361694  68.00000000  0.00859134  80.00000000  2639.34250853  0.99000000
0.02361694  68.00000000  0.00859134  80.00000000  2639.34250853  0.99000000
0.02361694  68.00000000  0.00859134  80.00000000  2639.34250853  0.99000000
0.02361694  68.00000000  0.00859134  80.00000000  2639.34250853  0.99000000
0.02142669  70.00000000  0.00391150  80.00000000  2639.31595045  0.99000000
0.02361694  68.00000000  0.00859134  80.00000000  2639.34250853  0.99000000
0.02361694  68.00000000  0.00859134  80.00000000  2639.34250853  0.99000000
0.02362716  68.00000000  0.00852162  80.00000000  2638.69388282  0.99000000
0.02358492  68.00000000  0.00847425  80.00000000  2629.68854156  0.99000000
0.01792115  66.00000000  0.00114859  80.00000000  2637.15224824  0.99000000
0.02307221  68.00000000  0.00504455  80.00000000  2639.35605245  0.99000000
0.03061993  66.00000000  0.00664686  80.00000000  2639.56283643  0.99000000
0.02361694  68.00000000  0.00859134  80.00000000  2639.34250853  0.99000000
0.02361694  68.00000000  0.00859134  80.00000000  2639.34250853  0.99000000
0.02361694  68.00000000  0.00859134  80.00000000  2639.34250853  0.99000000
0.02521512  68.00000000  0.00654322  80.00000000  2639.34688939  0.99000000
0.02361694  68.00000000  0.00859163  80.00000000  2639.34251162  0.99000000
0.02326293  68.00000000  0.00881352  80.00000000  2639.34385623  0.99000000
0.02361694  68.00000000  0.00859134  80.00000000  2639.34250853  0.99000000
0.02361694  68.00000000  0.00859134  80.00000000  2639.34250853  0.99000000
0.02361694  68.00000000  0.00859134  80.00000000  2639.34250853  0.99000000
0.02361694  68.00000000  0.00859134  80.00000000  2639.34250853  0.99000000
0.06151921  65.00000000  0.03079110  80.00000000  2321.55754583  0.99000000
0.02361694  68.00000000  0.00859134  80.00000000  2639.34250853  0.99000000
0.02361694  68.00000000  0.00859134  80.00000000  2639.34250853  0.99000000
0.02361694  68.00000000  0.00859134  80.00000000  2639.34250853  0.99000000
0.02361694  68.00000000  0.00859134  80.00000000  2639.34250853  0.99000000
0.02361694  68.00000000  0.00859134  80.00000000  2639.34250853  0.99000000
0.03314757  67.00000000  0.00261789  80.00000000  2603.39670374  0.99000000
0.02330673  78.00000000  0.02330673  80.00000000  2672.88757760  0.99000000
0.00385424  78.00000000  0.00385424  80.00000000  2617.97913458  0.99000000
0.02361694  68.00000000  0.00859134  80.00000000  2639.34250853  0.99000000
0.01692756  70.00000000  0.00240442  80.00000000  2633.89272595  0.99000000
0.02346886  69.00000000  0.00718480  80.00000000  2639.06459702  0.99000000
0.02361694  68.00000000  0.00859134  80.00000000  2639.34251079  0.99000000
0.02361694  68.00000000  0.00859134  80.00000000  2639.34250853  0.99000000
0.01086045  63.00000000  0.00023063  80.00000000  2608.21312131  0.99000000
0.01691935  71.00000000  0.00353355  80.00000000  2639.23466655  0.99000000
0.09458047  63.00000000  0.00031012  80.00000000  2576.58085176  0.99000000
0.02361694  68.00000000  0.00859134  80.00000000  2639.34250853  0.99000000
0.02361694  68.00000000  0.00859134  80.00000000  2639.34250853  0.99000000
0.02401928  68.00000000  0.00989103  80.00000000  2639.34377584  0.99000000
0.02357654  68.00000000  0.00858209  80.00000000  2639.35461605  0.99000000
0.02360739  68.00000000  0.00859147  80.00000000  2639.34469233  0.99000000
0.02361694  68.00000000  0.00859134  80.00000000  2639.34250853  0.99000000
0.00568334  78.00000000  0.00568334  80.00000000  2636.63139410  0.99000000
0.02361694  68.00000000  0.00859134  80.00000000  2639.34250853  0.99000000
0.00510827  56.00000000  0.00502550  80.00000000  2639.15129340  0.99000000
0.02800216  67.00000000  0.00674111  80.00000000  2639.45741406  0.99000000
0.02621882  70.00000000  0.00935888  80.00000000  2639.34122168  0.99000000
0.02361694  68.00000000  0.00859134  80.00000000  2639.34250853  0.99000000
0.01460614  76.00000000  0.01339102  80.00000000  2639.11378661  0.99000000
0.02220862  66.00000000  0.00411727  80.00000000  2639.33041111  0.99000000
0.02926221  66.00000000  0.00415116  80.00000000  2642.27666127  0.99000000
0.03112889  67.00000000  0.00655293  80.00000000  2639.50771577  0.99000000
0.00835477  78.00000000  0.00835477  80.00000000  2639.29757116  0.99000000
0.02361694  68.00000000  0.00859134  80.00000000  2639.34250853  0.99000000
0.02715136  65.00000000  0.00171451  80.00000000  2639.68298462  0.99000000
0.00013090  78.00000000  0.00013090  80.00000000  2507.23255154  0.99000000
0.02099074  67.00000000  0.00209277  80.00000000  2638.82254443  0.99000000
0.01672076  78.00000000  0.01672076  80.00000000  2639.30632127  0.99000000
0.00579418  49.00000000  0.00496641  80.00000000  2632.06493895  0.99000000
0.01427986  66.00000000  0.00061892  80.00000000  2636.95724253  0.99000000
0.02823085  67.00000000  0.00459025  80.00000000  2639.34002476  0.99000000
0.01929286  65.00000000  0.00237769  80.00000000  2639.32479775  0.99000000
0.02361694  68.00000000  0.00859134  80.00000000  2639.34248928  0.99000000
0.02311380  67.00000000  0.00266235  80.00000000  2639.33988940  0.99000000
0.02361694  68.00000000  0.00859134  80.00000000  2639.34250853  0.99000000
0.02258419  65.00000000  0.00100619  80.00000000  2639.33254042  0.99000000
0.03409872  69.00000000  0.00688107  80.00000000  2636.50785439  0.99000000
0.00534813  66.00000000  0.00062025  80.00000000  2477.28056117  0.99000000
0.01897322  66.00000000  0.01226929  80.00000000  2639.33880400  0.99000000
0.01353986  63.00000000  0.00304262  80.00000000  2639.16996791  0.99000000
0.02345285  68.00000000  0.01163321  80.00000000  2639.34465698  0.99000000
0.01526105  63.00000000  0.01205541  80.00000000  2639.31941583  0.99000000
0.02361694  68.00000000  0.00859134  80.00000000  2639.34250853  0.99000000
0.02548242  67.00000000  0.00294355  80.00000000  2639.30964405  0.99000000
0.04629447  68.00000000  0.00115827  80.00000000  2639.42397958  0.99000000
0.62282990  65.00000000  0.01549463  80.00000000  3202.00799053  0.99000000
0.05021292  64.00000000  0.00007536  80.00000000  2236.12673119  0.99000000
0.00687277  65.00000000  0.00257036  80.00000000  2638.68750018  0.99000000
0.02361694  68.00000000  0.00494012  80.00000000  2639.34324623  0.99000000
0.02836588  67.00000000  0.00106842  80.00000000  2639.31268788  0.99000000
0.02395914  68.00000000  0.00866085  80.00000000  2639.34452259  0.99000000
0.02397057  68.00000000  0.00863367  80.00000000  2639.34618247  0.99000000
0.02361694  68.00000000  0.00859134  80.00000000  2639.34250853  0.99000000
0.02359999  68.00000000  0.00368017  80.00000000  2639.34031634  0.99000000
0.02377306  68.00000000  0.01646083  80.00000000  2639.34939705  0.99000000
0.02361694  68.00000000  0.00859134  80.00000000  2639.34250853  0.99000000
0.01715202  68.00000000  0.00308350  80.00000000  2633.27980541  0.99000000
0.48544154  67.00000000  0.10108775  80.00000000  4192.66001197  0.99000000
0.03661874  77.00000000  0.03487556  80.00000000  3061.14774576  0.99000000
0.03430533  65.00000000  0.00695982  80.00000000  2455.49873047  0.99000000
0.00261008  78.00000000  0.00261008  80.00000000  1740.93148947  0.99000000
0.01426854  73.00000000  0.01088590  80.00000000  2907.69787711  0.99000000
0.01246421  77.00000000  0.01193635  80.00000000  2359.43137720  0.99000000
0.01737657  55.00000000  0.00075636  80.00000000  2438.46193257  0.99000000
0.00057038  78.00000000  0.00057038  80.00000000  2562.26068414  0.99000000
0.00966755  76.00000000  0.00895342  80.00000000  2914.79214788  0.99000000
0.00613292  78.00000000  0.00613292  80.00000000  2638.01991125  0.99000000
0.07015146  73.00000000  0.03003807  80.00000000  2546.83212713  0.99000000
0.00323313  78.00000000  0.00323313  80.00000000  2623.69700854  0.99000000
0.14793139  63.00000000  0.00190221  80.00000000  2664.98198123  0.99000000
0.25740589  58.00000000  0.01385202  80.00000000  3989.61995214  0.99000000
0.69816245  61.00000000  0.01162097  80.00000000  4223.90936096  0.99000000
0.19023047  62.00000000  0.01697828  80.00000000  2812.93007185  0.99000000
0.70309783  61.00000000  0.03389352  80.00000000  4231.70053354  0.99000000
0.49674873  60.00000000  0.12392798  80.00000000  4049.19406929  0.99000000
0.45363297  76.00000000  0.43698679  80.00000000  3183.90397189  0.99000000
0.52518079  61.00000000  0.02968695  80.00000000  4041.72853498  0.99000000
0.70392912  61.00000000  0.02730548  80.00000000  4230.93040487  0.99000000
0.64009575  64.00000000  0.01804859  80.00000000  4142.35565182  0.99000000
0.31735726  62.00000000  0.00404088  80.00000000  3716.69386217  0.99000000
0.07261427  78.00000000  0.07261427  80.00000000  3860.33834414  0.99000000
0.39041342  60.00000000  0.14941050  80.00000000  3876.58836358  0.99000000
0.71189982  60.00000000  0.08672307  80.00000000  4257.40440226  0.99000000
0.33973819  77.00000000  0.33662555  80.00000000  4182.36481616  0.99000000
0.63386999  59.00000000  0.56307054  80.00000000  4227.63089623  0.99000000
0.69636415  61.00000000  0.40542339  80.00000000  4232.69302869  0.99000000
0.71616382  61.00000000  0.39815247  80.00000000  4226.09352272  0.99000000
0.04308453  68.00000000  0.01909208  80.00000000  3899.35674935  0.99000000
0.24431677  59.00000000  0.06663914  80.00000000  3723.86633338  0.99000000
0.30874681  59.00000000  0.05196094  80.00000000  3801.66164161  0.99000000
0.04147554  78.00000000  0.04147554  80.00000000  3435.72235424  0.99000000
0.10042001  53.00000000  0.00820024  80.00000000  3580.33220222  0.99000000
0.71573736  61.00000000  0.01361433  80.00000000  4231.97750982  0.99000000
0.37541914  61.00000000  0.18702158  80.00000000  3847.28854703  0.99000000
0.42640515  64.00000000  0.05671293  80.00000000  3906.64666871  0.99000000
0.20838067  59.00000000  0.03997676  80.00000000  4171.02057508  0.99000000
0.00356556  47.00000000  0.00148459  80.00000000  3881.11401881  0.99000000
0.00686470  78.00000000  0.00686470  80.00000000  4175.20743426  0.99000000
0.31406379  68.00000000  0.02643772  80.00000000  3849.28277626  0.99000000
0.04401459  78.00000000  0.04401459  80.00000000  4166.64269348  0.99000000
0.10773007  76.00000000  0.10134268  80.00000000  3902.38357071  0.99000000
0.10595265  73.00000000  0.05508633  80.00000000  3694.04672768  0.99000000
0.20172186  67.00000000  0.08096475  80.00000000  3902.68463283  0.99000000
0.41007751  71.00000000  0.20979285  80.00000000  4194.18365885  0.99000000
0.14471957  68.00000000  0.05246254  80.00000000  4160.08781670  0.99000000
0.16108307  76.00000000  0.14837679  80.00000000  4163.75123837  0.99000000
0.10711877  78.00000000  0.10711877  80.00000000  4166.79277363  0.99000000
0.00201485  78.00000000  0.00201485  80.00000000  4178.25947581  0.99000000
0.05231184  69.00000000  0.02204065  80.00000000  4144.97486514  0.99000000
0.10040557  78.00000000  0.10040557  80.00000000  3944.88433216  0.99000000
0.01452666  73.00000000  0.00651462  80.00000000  3629.32846068  0.99000000
0.25947505  76.00000000  0.25497211  80.00000000  3626.30711875  0.99000000
0.05733650  78.00000000  0.05733650  80.00000000  4163.52269062  0.99000000
0.04754053  78.00000000  0.04754053  80.00000000  4128.08054219  0.99000000
0.09032420  68.00000000  0.03209682  80.00000000  4173.66214699  0.99000000
0.00995157  78.00000000  0.00995157  80.00000000  4064.27562367  0.99000000
0.00670311  69.00000000  0.00056350  80.00000000  4051.49079418  0.99000000
0.00116283  45.00000000  0.00030911  80.00000000  4166.28107158  0.99000000
0.03254838  78.00000000  0.03254838  80.00000000  4173.38066774  0.99000000
0.02402861  78.00000000  0.02402861  80.00000000  4163.11767108  0.99000000
0.00862939  78.00000000  0.00862939  80.00000000  4182.82768899  0.99000000
0.00252647  78.00000000  0.00252647  80.00000000  4182.82864171  0.99000000
0.03445805  77.00000000  0.03379706  80.00000000  4158.43948731  0.99000000
0.08515133  78.00000000  0.08515133  80.00000000  4162.59339148  0.99000000
0.00996693  47.00000000  0.00274185  80.00000000  4193.59351744  0.99000000
0.06991059  78.00000000  0.06991059  80.00000000  4101.34646740  0.99000000
0.02682187  51.00000000  0.00615274  80.00000000  4041.68907135  0.99000000
0.00902118  75.00000000  0.00761873  80.00000000  4012.94016098  0.99000000
0.00319766  74.00000000  0.00233687  80.00000000  3993.28814143  0.99000000
0.06595819  78.00000000  0.06595819  80.00000000  3262.46791676  0.99000000
0.05645671  78.00000000  0.05645671  80.00000000  4202.89377499  0.99000000
0.01538685  78.00000000  0.01538685  80.00000000  4158.20930257  0.99000000
0.17707646  67.00000000  0.01663734  80.00000000  4042.91687648  0.99000000
0.02045451  78.00000000  0.02045451  80.00000000  4043.91311493  0.99000000
0.00941907  78.00000000  0.00941907  80.00000000  3644.82312498  0.99000000
0.00744584  73.00000000  0.00255262  80.00000000  4174.87856175  0.99000000
0.04760013  77.00000000  0.04640158  80.00000000  4021.87436974  0.99000000
0.01321234  78.00000000  0.01321234  80.00000000  3777.03429633  0.99000000
0.05437435  69.00000000  0.02974254  80.00000000  3793.40878850  0.99000000
0.00471757  77.00000000  0.00451478  80.00000000  4019.34297060  0.99000000
0.00160708  49.00000000  0.00023195  80.00000000  4014.24197076  0.99000000
0.02363375  78.00000000  0.02363375  80.00000000  4128.31015977  0.99000000
0.02364694  49.00000000  0.02002760  80.00000000  4055.76858343  0.99000000
0.00022774  61.00000000  0.00006016  80.00000000  3993.95250822  0.99000000
0.00778446  78.00000000  0.00778446  80.00000000  3993.16093011  0.99000000
0.00024803  75.00000000  0.00022459  80.00000000  4183.01365538  0.99000000
0.15854120  78.00000000  0.15854120  80.00000000  4166.16632304  0.99000000
0.03785957  74.00000000  0.02550264  80.00000000  3992.36170320  0.99000000
0.10793020  78.00000000  0.10793020  80.00000000  4037.32156371  0.99000000
0.10331847  76.00000000  0.09036304  80.00000000  4163.55291395  0.99000000
0.12160703  78.00000000  0.12160703  80.00000000  4059.83743044  0.99000000
0.00064367  75.00000000  0.00054358  80.00000000  3950.44038212  0.99000000
0.01993148  78.00000000  0.01993148  80.00000000  4131.57485140  0.99000000
0.06715442  78.00000000  0.06715442  80.00000000  4175.16512112  0.99000000
0.03664337  66.00000000  0.00700372  80.00000000  4068.56544236  0.99000000
0.01037256  78.00000000  0.01037256  80.00000000  4008.39975813  0.99000000
0.01691377  78.00000000  0.01691377  80.00000000  3362.39357724  0.99000000
0.00342310  52.00000000  0.00334045  80.00000000  4022.17584844  0.99000000
0.00682901  78.00000000  0.00682901  80.00000000  4001.74116848  0.99000000
0.01383661  78.00000000  0.01383661  80.00000000  4036.99687212  0.99000000
0.00346106  53.00000000  0.00207278  80.00000000  3474.57239289  0.99000000
0.07468431  78.00000000  0.07468431  80.00000000  4062.79761847  0.99000000
0.07794373  72.00000000  0.03771762  80.00000000  4070.17335469  0.99000000
0.06548449  78.00000000  0.06548449  80.00000000  3896.89842617  0.99000000
0.03760628  68.00000000  0.01253551  80.00000000  4041.23684905  0.99000000
0.03326384  49.00000000  0.01598802  80.00000000  4033.80358504  0.99000000
0.04844114  74.00000000  0.04646807  80.00000000  3383.50878709  0.99000000
0.06284026  69.00000000  0.01925207  80.00000000  4049.23877303  0.99000000
0.02446338  52.00000000  0.00137793  80.00000000  4040.52405806  0.99000000
0.11368030  68.00000000  0.02811214  80.00000000  3845.48102936  0.99000000
0.06247236  76.00000000  0.05803040  80.00000000  4022.75944784  0.99000000
0.00664704  50.00000000  0.00643501  80.00000000  4031.03722656  0.99000000
0.29259193  78.00000000  0.29259193  80.00000000  4042.58079696  0.99000000
0.17459671  78.00000000  0.17459671  80.00000000  3818.76040870  0.99000000
0.11141409  75.00000000  0.09463254  80.00000000  3936.58720847  0.99000000
0.03070572  67.00000000  0.00067709  80.00000000  4050.98810559  0.99000000
0.02355489  77.00000000  0.02318322  80.00000000  4018.12498550  0.99000000
0.00163747  45.00000000  0.00118230  80.00000000  4003.32426107  0.99000000
0.08517242  78.00000000  0.08517242  80.00000000  4036.24036817  0.99000000
0.01020279  59.00000000  0.00116491  80.00000000  4094.94296769  0.99000000
0.01457972  52.00000000  0.00088549  80.00000000  4059.54741652  0.99000000
0.18585059  78.00000000  0.18585059  80.00000000  4090.20479931  0.99000000
0.28222731  66.00000000  0.08479140  80.00000000  4104.64080187  0.99000000
0.00670565  49.00000000  0.00038928  80.00000000  4003.45855002  0.99000000
0.20254738  78.00000000  0.20254738  80.00000000  4083.53508349  0.99000000
0.05550532  78.00000000  0.05550532  80.00000000  4001.10770227  0.99000000
0.16661986  72.00000000  0.08358574  80.00000000  4020.49076975  0.99000000
0.05671876  67.00000000  0.00598613  80.00000000  4012.32827459  0.99000000
0.00984488  74.00000000  0.00540308  80.00000000  4019.45146054  0.99000000
0.23272617  66.00000000  0.05401756  80.00000000  4065.00126453  0.99000000
0.03352915  78.00000000  0.03352915  80.00000000  2146.25813096  0.99000000
0.00103742  77.00000000  0.00070305  80.00000000  4028.95393823  0.99000000
0.08235932  74.00000000  0.07770660  80.00000000  4134.76208532  0.99000000
0.27194879  57.00000000  0.15788324  80.00000000  4194.15694142  0.99000000
0.20608615  77.00000000  0.20407105  80.00000000  4227.56428149  0.99000000
0.11161318  72.00000000  0.03268724  80.00000000  4053.38129885  0.99000000
0.05325705  78.00000000  0.05325705  80.00000000  4160.32317294  0.99000000
0.78080660  63.00000000  0.18326595  80.00000000  4208.32446690  0.99000000
0.00349273  56.00000000  0.00160904  80.00000000  1893.49238654  0.99000000
0.05846039  59.00000000  0.02422761  80.00000000  4047.67368718  0.99000000
0.40940164  59.00000000  0.12220567  80.00000000  4187.67397261  0.99000000
0.02125416  72.00000000  0.01717989  80.00000000  4022.53492925  0.99000000
0.18842130  59.00000000  0.02430112  80.00000000  3290.73066267  0.99000000
0.02395413  63.00000000  0.00806579  80.00000000  3382.38710197  0.99000000
0.00680351  53.00000000  0.00142862  80.00000000  3446.78039967  0.99000000
0.02173016  67.00000000  0.01678328  80.00000000  4135.52989958  0.99000000
0.03259514  68.00000000  0.03173027  80.00000000  3727.49319683  0.99000000
0.23735922  70.00000000  0.06191765  80.00000000  4128.07132348  0.99000000
0.03598856  76.00000000  0.03144890  80.00000000  4093.30945434  0.99000000
0.08695785  63.00000000  0.07788793  80.00000000  4186.15933418  0.99000000
0.09772225  67.00000000  0.08754353  80.00000000  4038.49100427  0.99000000
0.74048322  61.00000000  0.03155579  80.00000000  4294.51640069  0.99000000
0.04093620  52.00000000  0.01629254  80.00000000  4005.99625508  0.99000000
0.04271876  60.00000000  0.02423261  80.00000000  3425.95084714  0.99000000
0.01889207  78.00000000  0.01889207  80.00000000  4066.37363583  0.99000000
0.34240884  65.00000000  0.11482179  80.00000000  4123.80052271  0.99000000
0.34676777  61.00000000  0.03454893  80.00000000  4159.64177394  0.99000000
0.05093887  76.00000000  0.04673023  80.00000000  4051.23562175  0.99000000
0.81577570  62.00000000  0.00218697  80.00000000  4275.41125981  0.99000000
0.05069801  78.00000000  0.05069801  80.00000000  4055.05577843  0.99000000
0.13986197  71.00000000  0.03003375  80.00000000  4055.14677978  0.99000000
0.07283816  78.00000000  0.07283816  80.00000000  3995.27308020  0.99000000
0.07538815  78.00000000  0.07538815  80.00000000  4046.47264794  0.99000000
0.12468054  74.00000000  0.12114389  80.00000000  4142.91535404  0.99000000
0.14877554  78.00000000  0.14877554  80.00000000  3987.11916475  0.99000000
0.15692455  77.00000000  0.14873509  80.00000000  4087.87581506  0.99000000
0.16090814  68.00000000  0.04121598  80.00000000  4221.58788666  0.99000000
0.07909673  69.00000000  0.04979004  80.00000000  4174.31819078  0.99000000
0.21911169  70.00000000  0.05137125  80.00000000  4218.76316006  0.99000000
0.02731071  65.00000000  0.02186826  80.00000000  4164.52624234  0.99000000
0.72906449  63.00000000  0.50333486  80.00000000  4057.65429286  0.99000000
0.04794262  78.00000000  0.04794262  80.00000000  4021.29465594  0.99000000
0.03208366  62.00000000  0.03095138  80.00000000  4217.65475104  0.99000000
0.04104777  69.00000000  0.00273020  80.00000000  4092.17493130  0.99000000
0.75769542  63.00000000  0.27247818  80.00000000  4248.96972899  0.99000000
0.07191908  62.00000000  0.03857740  80.00000000  4109.51546266  0.99000000
0.49385612  76.00000000  0.44075569  80.00000000  4075.87024535  0.99000000
0.02219550  71.00000000  0.02050679  80.00000000  3934.11869866  0.99000000
0.18107737  78.00000000  0.18107737  80.00000000  4166.53073130  0.99000000
0.20881462  67.00000000  0.03249570  80.00000000  4143.62738237  0.99000000
0.05742215  56.00000000  0.01735895  80.00000000  4184.83385199  0.99000000
0.26178361  66.00000000  0.01272563  80.00000000  4201.97398209  0.99000000
0.27380908  68.00000000  0.01991540  80.00000000  4109.92503244  0.99000000
0.02311686  74.00000000  0.02280338  80.00000000  4046.87282771  0.99000000
0.61424038  66.00000000  0.02743349  80.00000000  4197.10353010  0.99000000
0.07336863  78.00000000  0.07336863  80.00000000  4037.92462114  0.99000000
0.09868847  67.00000000  0.02806823  80.00000000  4179.12676442  0.99000000
0.15146568  52.00000000  0.08780551  80.00000000  4229.30559033  0.99000000
0.02242186  78.00000000  0.02242186  80.00000000  4191.63772817  0.99000000
0.49898330  72.00000000  0.26103754  80.00000000  4239.53960370  0.99000000
0.48312368  71.00000000  0.26966611  80.00000000  4064.46124139  0.99000000
0.02658706  78.00000000  0.02658706  80.00000000  4077.84700115  0.99000000
0.05122016  78.00000000  0.05122016  80.00000000  4142.27578747  0.99000000
0.17390110  75.00000000  0.14290238  80.00000000  4121.18490068  0.99000000
0.26068992  78.00000000  0.26068992  80.00000000  4102.61376421  0.99000000
0.03157343  71.00000000  0.01867402  80.00000000  3844.27336366  0.99000000
0.00439603  78.00000000  0.00439603  80.00000000  2741.90300066  0.99000000
0.09514067  78.00000000  0.09514067  80.00000000  4136.76667966  0.99000000
0.21475466  67.00000000  0.07111806  80.00000000  4077.74696490  0.99000000
0.09429047  78.00000000  0.09429047  80.00000000  4133.72647060  0.99000000
0.49089172  71.00000000  0.10180536  80.00000000  4206.06485359  0.99000000
0.68840315  73.00000000  0.39188441  80.00000000  4240.73556974  0.99000000
0.00561954  78.00000000  0.00561954  80.00000000  3807.98886954  0.99000000
0.03749805  73.00000000  0.02145630  80.00000000  4038.11568981  0.99000000
0.01802278  77.00000000  0.01780846  80.00000000  4081.80614304  0.99000000
0.32600958  78.00000000  0.32600958  80.00000000  4059.62087285  0.99000000
0.10761577  73.00000000  0.04480904  80.00000000  4120.42895584  0.99000000
0.12421872  73.00000000  0.06520116  80.00000000  3828.95198025  0.99000000
0.02207185  57.00000000  0.01545419  80.00000000  4038.70132285  0.99000000
0.17892668  78.00000000  0.17892668  80.00000000  4055.71787811  0.99000000
0.11699913  78.00000000  0.11699913  80.00000000  4081.75888304  0.99000000
0.03656486  65.00000000  0.03219748  80.00000000  4050.23247463  0.99000000
0.02992914  53.00000000  0.00795768  80.00000000  4096.72887347  0.99000000
0.02310865  72.00000000  0.00948654  80.00000000  3435.78233826  0.99000000
0.00550833  72.00000000  0.00455319  80.00000000  3673.33577321  0.99000000
0.07021204  78.00000000  0.07021204  80.00000000  4114.64908270  0.99000000
0.00442943  76.00000000  0.00384670  80.00000000  4074.60349331  0.99000000
0.05354927  72.00000000  0.02714960  80.00000000  4053.32370763  0.99000000
0.01441413  74.00000000  0.01089569  80.00000000  4217.25506570  0.99000000
0.17684324  78.00000000  0.17684324  80.00000000  3981.38362836  0.99000000
0.37513903  71.00000000  0.28357407  80.00000000  4233.88657824  0.99000000
0.03137735  62.00000000  0.03113229  80.00000000  4119.26905905  0.99000000
0.02484605  65.00000000  0.00065130  80.00000000  4124.81397173  0.99000000
0.36909739  76.00000000  0.34079988  80.00000000  4178.15599874  0.99000000
0.55454204  71.00000000  0.23895372  80.00000000  4199.84231984  0.99000000
0.03466238  65.00000000  0.00116813  80.00000000  4220.79426688  0.99000000
0.08733861  69.00000000  0.00776420  80.00000000  4063.22510331  0.99000000
0.30935476  62.00000000  0.02258095  80.00000000  4222.14907077  0.99000000
0.19106476  68.00000000  0.14030589  80.00000000  4212.53121783  0.99000000
0.35230380  78.00000000  0.35230380  80.00000000  4102.61335514  0.99000000
0.18829995  53.00000000  0.14884392  80.00000000  4188.67040055  0.99000000
0.25944514  78.00000000  0.25944514  80.00000000  4115.16256182  0.99000000
0.01043089  78.00000000  0.01043089  80.00000000  4154.11556338  0.99000000
0.02203164  78.00000000  0.02203164  80.00000000  3598.29977610  0.99000000
0.02832558  78.00000000  0.02832558  80.00000000  4144.96705328  0.99000000
0.02565133  78.00000000  0.02565133  80.00000000  4115.31241846  0.99000000
0.35851642  78.00000000  0.35851642  80.00000000  3984.18725229  0.99000000
0.02186267  73.00000000  0.01867357  80.00000000  4141.88404530  0.99000000
0.15362678  73.00000000  0.07114591  80.00000000  4021.25904635  0.99000000
0.02593935  78.00000000  0.02593935  80.00000000  4208.65071462  0.99000000
0.32997824  67.00000000  0.04790616  80.00000000  4214.77854826  0.99000000
0.66215040  66.00000000  0.02464425  80.00000000  4232.81446521  0.99000000
0.29140159  69.00000000  0.09906921  80.00000000  4165.40619083  0.99000000
0.35582652  70.00000000  0.07527939  80.00000000  4101.02391007  0.99000000
0.12858344  78.00000000  0.12858344  80.00000000  4040.77346662  0.99000000
0.15945151  78.00000000  0.15945151  80.00000000  4144.07591502  0.99000000
0.01972971  78.00000000  0.01972971  80.00000000  4079.63585938  0.99000000
0.31583520  70.00000000  0.26005132  80.00000000  4209.60561346  0.99000000
0.43760902  69.00000000  0.05171214  80.00000000  4160.36941724  0.99000000
0.46049477  69.00000000  0.01266370  80.00000000  4168.70218468  0.99000000
0.03810421  77.00000000  0.03591950  80.00000000  4146.28493412  0.99000000
0.08408700  77.00000000  0.08236416  80.00000000  4041.27777120  0.99000000
0.20697411  78.00000000  0.20697411  80.00000000  4165.68057208  0.99000000
0.22171877  78.00000000  0.22171877  80.00000000  3951.55556851  0.99000000
0.06684147  55.00000000  0.00663303  80.00000000  4072.25158674  0.99000000
0.52056421  75.00000000  0.43726504  80.00000000  4102.65557812  0.99000000
0.01941567  78.00000000  0.01941567  80.00000000  3909.83624822  0.99000000
0.00512761  78.00000000  0.00512761  80.00000000  4149.38561107  0.99000000
0.04237282  58.00000000  0.00247557  80.00000000  4152.54612959  0.99000000
0.01644421  49.00000000  0.01598111  80.00000000  4158.73987127  0.99000000
0.09037569  73.00000000  0.05968055  80.00000000  4105.47339518  0.99000000
0.28623350  78.00000000  0.28623350  80.00000000  4183.62211469  0.99000000
0.58776715  74.00000000  0.43888220  80.00000000  4191.99227712  0.99000000
0.01367547  77.00000000  0.01342176  80.00000000  3923.53482293  0.99000000
0.11691411  68.00000000  0.10128572  80.00000000  4168.77719561  0.99000000
0.07049928  75.00000000  0.06372141  80.00000000  4105.96016194  0.99000000
0.02095967  67.00000000  0.00822198  80.00000000  3837.70066669  0.99000000
0.41053843  67.00000000  0.03927085  80.00000000  4158.27257700  0.99000000
0.23812598  74.00000000  0.17222782  80.00000000  4133.60493258  0.99000000
0.00615752  78.00000000  0.00615752  80.00000000  3740.56373173  0.99000000
0.28568885  66.00000000  0.22470256  80.00000000  4118.16963938  0.99000000
0.13819553  76.00000000  0.12695583  80.00000000  3927.06172454  0.99000000
0.36574165  65.00000000  0.11468982  80.00000000  4231.95745537  0.99000000
0.34462949  69.00000000  0.31326634  80.00000000  3994.42425916  0.99000000
0.07399642  64.00000000  0.00387187  80.00000000  4202.91119066  0.99000000
0.02678481  72.00000000  0.01486094  80.00000000  3928.77503730  0.99000000
0.15523984  78.00000000  0.15523984  80.00000000  4018.26126342  0.99000000
0.09888783  78.00000000  0.09888783  80.00000000  4140.50127150  0.99000000
0.08492369  67.00000000  0.00822722  80.00000000  4088.77349180  0.99000000
0.16466833  60.00000000  0.06108269  80.00000000  3917.48347464  0.99000000
0.32603151  67.00000000  0.03398905  80.00000000  4038.49277802  0.99000000
0.02172515  78.00000000  0.02172515  80.00000000  3771.54407267  0.99000000
0.08499297  77.00000000  0.08319585  80.00000000  3958.24588454  0.99000000
0.02762704  77.00000000  0.02628508  80.00000000  3800.19953418  0.99000000
0.00714466  57.00000000  0.00201123  80.00000000  3794.88953833  0.99000000
0.00710275  55.00000000  0.00549785  80.00000000  3823.48685988  0.99000000
0.15183212  74.00000000  0.09629800  80.00000000  4120.28393165  0.99000000
0.12062996  72.00000000  0.08550777  80.00000000  3912.05817834  0.99000000
0.02228173  78.00000000  0.02228173  80.00000000  3932.05234446  0.99000000
0.09356251  78.00000000  0.09356251  80.00000000  3858.70527060  0.99000000
0.10548142  72.00000000  0.01648429  80.00000000  3843.53638506  0.99000000
0.01632399  78.00000000  0.01632399  80.00000000  3944.49523594  0.99000000
0.07925738  78.00000000  0.07925738  80.00000000  3982.41138689  0.99000000
0.01272489  55.00000000  0.00681435  80.00000000  3759.69670062  0.99000000
0.00501958  76.00000000  0.00384535  80.00000000  3747.18869196  0.99000000
0.06106275  70.00000000  0.00856336  80.00000000  3910.05814095  0.99000000
0.06626337  66.00000000  0.03946893  80.00000000  3964.90566830  0.99000000
0.14236914  69.00000000  0.00947241  80.00000000  3921.19140798  0.99000000
