13
33
30
26
26
20
25
20
22
19
15
33
1
24
20
11
1
2
34
25
12
3
12
19
1
4
14
0
15
5
27
21
15
24
31
7
7
6
4
8
36
2
4
9
19
9
5
36
20
10
11
27
32
22
3
12
29
8
8
13
24
30
6
25
8
25
35
16
32
8
0
27
17
6
18
28
0
18
29
13
19
30
8
21
15
31
5
0
14
32
9
36
23
33
24
16
11
34
25
35
9
12
9
21
36
14
36
17
28
27
19
29
26
2
7
25
31
29
36
36
3
35
35
36
36
35
36
35
10
35
31
35
35
36
36
33
35
31
13
35
30
25
36
34
25
35
33
29
35
33
2
35
9
18
35
33
18
33
