29
19
20
20
14
13
31
8
13
14
9
36
1
9
20
1
2
2
2
12
3
3
2
3
4
4
14
4
5
29
5
28
22
6
17
27
17
7
17
24
8
18
5
9
6
9
10
26
20
20
11
1
21
0
8
5
13
23
29
13
14
36
33
25
8
6
10
26
31
32
17
16
27
5
28
18
33
29
19
29
19
30
14
8
35
31
0
21
32
23
36
1
23
33
10
2
12
34
25
19
35
18
3
23
24
36
26
7
29
2
28
6
15
30
1
30
8
17
31
28
35
5
35
7
35
34
31
35
21
11
36
31
0
35
34
35
35
35
35
31
36
11
36
36
36
10
35
35
35
17
33
35
33
35
36
33
36
34
