35
34
25
35
6
25
0
12
32
13
9
36
1
23
33
10
1
2
23
25
12
1
3
16
16
4
1
14
5
2
5
24
6
22
28
23
17
7
32
8
8
18
29
9
9
4
10
20
6
10
11
33
33
22
12
22
23
13
13
24
14
30
2
9
25
15
32
16
26
1
11
2
18
18
7
28
28
29
19
35
7
30
35
2
11
31
2
22
0
32
36
4
15
33
7
1
12
34
16
25
35
3
12
21
21
36
28
27
28
5
24
24
22
28
23
28
11
17
29
8
35
29
36
35
25
36
31
35
33
36
22
35
12
36
33
23
35
23
36
32
35
28
36
30
35
32
36
3
35
34
36
18
35
3
28
35
29
19
