15
20
10
13
35
21
31
31
18
15
32
36
1
18
10
10
2
24
2
25
23
3
13
26
23
4
14
1
5
5
3
29
6
3
3
6
7
27
17
36
8
36
36
9
19
0
10
9
3
10
11
27
2
22
1
4
13
23
29
13
24
14
25
36
15
7
31
35
16
10
6
27
2
9
33
28
18
4
29
0
20
19
30
35
21
31
31
12
13
32
36
33
13
24
33
34
24
2
25
21
26
35
26
36
4
4
17
27
24
15
29
6
26
3
27
29
27
2
33
35
36
36
34
36
30
35
35
28
35
11
36
32
35
31
29
35
23
26
35
1
36
21
36
15
35
33
35
31
35
31
35
2
2
36
31
36
36
19
