13
8
12
19
20
10
31
36
22
0
18
1
1
35
1
18
2
2
30
2
3
26
3
26
13
4
13
2
5
5
33
2
6
1
6
0
7
17
27
3
8
28
9
2
33
1
10
9
10
21
11
27
11
22
35
33
13
13
23
9
14
29
14
10
15
25
9
4
31
3
27
17
35
0
28
28
19
29
14
13
19
30
34
0
21
31
36
32
0
22
36
16
33
36
6
34
18
34
24
7
35
16
17
20
27
36
19
5
14
18
18
6
30
6
30
21
17
30
16
36
26
36
32
33
35
34
35
33
36
34
36
35
35
35
35
34
36
4
36
14
36
34
35
13
8
35
33
26
3
35
33
12
36
28
36
19
35
27
