30
30
34
31
21
21
25
15
32
33
33
10
1
34
34
11
2
2
2
1
2
3
0
13
4
24
4
35
24
5
3
16
6
6
3
7
17
18
7
8
8
25
2
9
35
25
10
10
21
6
21
11
23
22
12
22
1
13
2
0
14
2
6
25
15
26
26
34
10
16
27
12
18
28
18
7
29
19
34
35
30
34
31
21
21
13
14
32
33
1
33
12
23
34
24
35
2
36
35
2
25
26
36
17
20
25
2
24
18
28
5
7
21
30
23
15
34
33
8
36
32
30
9
35
35
36
36
33
35
31
36
14
35
28
36
34
36
2
31
35
33
36
25
35
27
26
36
10
16
35
32
36
36
36
35
36
19
35
