12
0
23
34
35
21
15
8
14
31
34
13
1
33
19
33
2
21
2
1
19
3
22
1
13
4
36
21
14
5
15
6
6
2
16
30
30
7
23
17
26
8
19
9
25
6
10
20
10
1
21
11
6
35
22
5
4
13
23
8
24
24
14
10
25
4
25
30
26
16
3
1
27
3
28
18
13
19
29
3
0
30
34
15
21
31
4
14
13
32
36
1
33
23
33
0
34
2
1
3
35
22
3
6
21
36
24
5
29
26
27
28
2
2
30
3
7
23
33
34
36
19
35
36
35
33
36
25
36
36
36
34
35
4
35
36
35
35
8
35
24
35
0
35
32
34
35
7
35
35
36
27
35
28
35
0
36
29
