25
11
36
30
7
14
31
8
21
0
18
1
33
1
16
17
34
2
35
25
26
3
21
26
23
4
14
22
1
5
25
6
6
1
33
2
23
17
7
18
8
5
5
19
9
1
10
4
6
21
11
21
35
34
1
22
12
13
23
29
14
14
31
15
25
15
6
26
36
11
27
27
3
18
28
36
18
19
29
8
14
36
30
13
36
31
32
21
8
17
1
33
23
16
16
34
34
34
25
26
11
26
4
36
12
14
1
26
25
22
29
6
1
31
17
27
23
29
18
35
34
30
36
30
3
35
36
32
36
11
35
35
11
35
34
36
35
32
35
9
29
35
15
35
19
35
26
36
34
35
33
9
35
28
36
36
35
35
