14
35
35
30
36
21
14
35
31
32
32
23
1
35
10
1
2
2
2
18
20
3
25
2
25
4
36
21
5
5
26
0
6
24
17
6
7
3
33
18
8
31
1
9
25
9
19
21
11
11
10
32
27
34
22
23
12
23
13
35
8
24
15
36
26
25
30
16
11
16
5
32
27
10
13
33
18
29
18
29
34
35
30
36
21
1
31
31
8
32
23
1
21
33
23
0
12
34
20
21
5
35
19
0
27
36
4
24
5
16
0
5
6
26
30
8
0
8
4
8
35
33
31
35
33
15
35
33
35
36
32
35
34
26
13
35
32
34
36
35
35
16
36
35
36
36
32
35
19
5
35
28
35
2
35
32
36
36
