1 1 4 8 4 4 4 4 0 3 0 0 0 0 0 0 0 0 5 1 0 0 0 0 7 7 7 7 7 8 8 1 0 0 0 0 0 0 1 4
1 1 4 4 4 4 4 4 4 0 0 0 0 5 5 5 5 5 5 5 5 8 8 8 8 8 8 8 8 8 8 8 1 4 5 5 5 5 5 5
1 1 4 4 4 4 4 4 0 3 0 0 0 0 0 0 0 0 5 1 0 0 0 0 7 7 7 7 7 8 8 1 0 0 0 0 0 0 1 4
1 1 4 4 4 3 0 0 0 0 0 0 0 0 0 5 5 8 8 8 8 8 4 4 1 4 4 0 0 0 0 5 0 0 0 5 7 7 5 7
1 1 4 4 4 4 4 4 1 1 0 0 0 6 6 8 8 8 8 8 8 8 8 1 1 1 1 1 0 0 4 4 1 1 1 1 1 1 1 1
1 1 4 1 1 0 0 0 0 0 0 7 7 7 8 8 8 8 8 1 1 1 1 1 1 1 0 1 1 1 1 1 1 1 1 1 1 1 1 1
4 4 4 4 4 4 5 5 5 5 5 5 5 5 5 5 5 1 1 1 1 1 1 1 1 1 1 1 1 1 1 1 1 1 1 1 4 4 4 4
1 1 4 4 0 4 4 4 1 1 0 0 0 6 7 8 8 8 8 8 8 8 1 1 1 1 1 1 0 0 4 4 1 1 1 1 1 1 0 1
4 4 4 4 4 4 4 4 5 5 5 7 5 5 5 5 5 5 1 1 1 1 1 1 1 1 1 1 1 1 1 1 1 1 1 5 5 5 5 5
4 4 4 4 5 5 5 5 5 5 5 5 5 5 5 1 5 1 1 1 1 1 1 1 1 1 1 1 1 1 1 1 1 1 1 1 1 5 1 5
