# Results obtained using DQN. CPU time: 201.48234510421753
0.03720496  38.00000000  0.03720496  40.00000000  1992.12548172  0.00000000
0.00089882  38.00000000  0.00089882  40.00000000  1124.56377080  0.00000000
0.00028210  38.00000000  0.00028210  40.00000000  1168.80098577  0.00000000
0.00809693  31.00000000  0.00348968  40.00000000  1702.98221542  0.00000000
0.01322168  31.00000000  0.00396056  40.00000000  1285.27214440  0.00000000
0.01216685  38.00000000  0.01216685  40.00000000  2044.63419287  0.00000000
0.00773983  35.00000000  0.00168740  40.00000000  1064.70049689  0.00000000
0.00608527  35.00000000  0.00124465  40.00000000  1211.28989625  0.00000000
0.04466621  37.00000000  0.04464901  40.00000000  1976.99232067  0.00000000
0.01277565  38.00000000  0.01277565  40.00000000  1208.33618571  0.00000000
0.02410348  36.00000000  0.02068075  40.00000000  1048.41318552  0.00000000
0.00039973  38.00000000  0.00039973  40.00000000  1018.35844356  0.00000000
0.00292921  38.00000000  0.00292921  40.00000000  1626.96726412  0.00117400
0.00063832  25.00000000  0.00029872  40.00000000  1023.68876961  0.00430466
0.00469639  37.00000000  0.00305278  40.00000000  1832.24275840  0.00743533
0.00084923  36.00000000  0.00076689  40.00000000  907.82836595  0.01056599
0.00356354  34.00000000  0.00330152  40.00000000  1141.75396454  0.01369666
0.00042417  31.00000000  0.00031164  40.00000000  1127.01766630  0.01682732
0.00096798  35.00000000  0.00053483  40.00000000  1746.40211013  0.01995799
0.00173513  35.00000000  0.00085185  40.00000000  1243.12263173  0.02308865
0.00317753  34.00000000  0.00156525  40.00000000  1024.05866915  0.02621932
0.00161842  25.00000000  0.00143421  40.00000000  1447.80075765  0.02934998
0.00031355  35.00000000  0.00022508  40.00000000  1636.69295330  0.03248065
0.00238647  38.00000000  0.00238647  40.00000000  1128.98569276  0.03561131
0.00135729  35.00000000  0.00100346  40.00000000  912.48331957  0.03874197
0.00079147  33.00000000  0.00017803  40.00000000  1609.27425670  0.04187264
0.00488317  38.00000000  0.00488317  40.00000000  1745.22426729  0.04500330
0.00170457  38.00000000  0.00170457  40.00000000  1169.59265257  0.04813397
0.00066184  35.00000000  0.00060920  40.00000000  1268.68528554  0.05126463
0.01477384  38.00000000  0.01477384  40.00000000  2398.02497940  0.05439530
0.00135637  38.00000000  0.00135637  40.00000000  977.97540720  0.05752596
0.00681818  38.00000000  0.00681818  40.00000000  1038.25442228  0.06065663
0.00075427  36.00000000  0.00029660  40.00000000  1317.51253849  0.06378729
0.00672101  38.00000000  0.00672101  40.00000000  2500.54002213  0.06691796
0.00639686  38.00000000  0.00639686  40.00000000  1018.25745416  0.07004862
0.01808495  38.00000000  0.01808495  40.00000000  1371.09605105  0.07317929
0.01026981  32.00000000  0.00255888  40.00000000  1336.29021778  0.07630995
0.02520329  38.00000000  0.02520329  40.00000000  921.10782730  0.07944061
0.00066292  37.00000000  0.00065489  40.00000000  1058.17713268  0.08257128
0.00027808  38.00000000  0.00027808  40.00000000  1158.11844383  0.08570194
0.00073840  38.00000000  0.00073840  40.00000000  1047.37277846  0.08883261
0.00785003  36.00000000  0.00339454  40.00000000  1912.70950515  0.09196327
0.01277159  38.00000000  0.01277159  40.00000000  906.06273673  0.09509394
0.00138353  30.00000000  0.00110231  40.00000000  1500.64008983  0.09822460
0.00035258  38.00000000  0.00035258  40.00000000  1172.60355790  0.10135527
0.00392984  38.00000000  0.00392984  40.00000000  910.26486832  0.10448593
0.00332440  33.00000000  0.00327138  40.00000000  1625.48561342  0.10761660
0.00091443  38.00000000  0.00091443  40.00000000  961.75752723  0.11074726
0.00672772  34.00000000  0.00429772  40.00000000  1143.13896212  0.11387793
0.00059174  38.00000000  0.00059174  40.00000000  1534.14187510  0.11700859
0.00093894  36.00000000  0.00092722  40.00000000  1066.58026762  0.12013925
0.03936388  34.00000000  0.01055937  40.00000000  1999.56700520  0.12326992
0.01868491  38.00000000  0.01868491  40.00000000  1066.65848505  0.12640058
0.00436628  38.00000000  0.00436628  40.00000000  1200.62694106  0.12953125
0.00826976  38.00000000  0.00826976  40.00000000  1622.91457090  0.13266191
0.00029976  38.00000000  0.00029976  40.00000000  1083.98652767  0.13579258
0.00764437  38.00000000  0.00764437  40.00000000  945.56498898  0.13892324
0.00190929  36.00000000  0.00179661  40.00000000  1060.49935204  0.14205391
0.00853947  36.00000000  0.00804999  40.00000000  1364.09668586  0.14518457
0.00282356  33.00000000  0.00185792  40.00000000  1189.19206069  0.14831524
0.01516804  34.00000000  0.00915355  40.00000000  1128.75456994  0.15144590
0.05511817  38.00000000  0.05511817  40.00000000  1095.98305022  0.15457657
0.00122522  29.00000000  0.00048818  40.00000000  1450.90511330  0.15770723
0.00356189  38.00000000  0.00356189  40.00000000  1257.27496386  0.16083789
0.00059011  38.00000000  0.00059011  40.00000000  1092.28215339  0.16396856
0.00008621  38.00000000  0.00008621  40.00000000  954.22189666  0.16709922
0.00007624  37.00000000  0.00006867  40.00000000  1183.82666479  0.17022989
0.04641848  36.00000000  0.02881884  40.00000000  1813.79116855  0.17336055
0.00024582  38.00000000  0.00024582  40.00000000  942.76866207  0.17649122
0.00612569  38.00000000  0.00612569  40.00000000  1130.43419556  0.17962188
0.00060634  38.00000000  0.00060634  40.00000000  1512.41460248  0.18275255
0.00769063  38.00000000  0.00769063  40.00000000  1247.66171968  0.18588321
0.00046859  38.00000000  0.00046859  40.00000000  962.06873875  0.18901388
0.00011587  31.00000000  0.00002829  40.00000000  960.29640074  0.19214454
0.00452552  38.00000000  0.00452552  40.00000000  1298.22498682  0.19527520
0.00128409  38.00000000  0.00128409  40.00000000  853.61051740  0.19840587
0.01254178  34.00000000  0.01001153  40.00000000  1574.42142308  0.20153653
0.00900006  37.00000000  0.00892612  40.00000000  1383.36595221  0.20466720
0.01065861  37.00000000  0.01058908  40.00000000  1423.21483569  0.20779786
0.00032506  38.00000000  0.00032506  40.00000000  1000.17585482  0.21092853
0.02508091  38.00000000  0.02508091  40.00000000  1839.11102786  0.21405919
0.01764998  37.00000000  0.01762429  40.00000000  1556.77888649  0.21718986
0.00601210  37.00000000  0.00599486  40.00000000  1577.92801066  0.22032052
0.00081930  37.00000000  0.00079109  40.00000000  1582.25865875  0.22345119
0.02593346  38.00000000  0.02593346  40.00000000  1874.58691528  0.22658185
0.00861066  38.00000000  0.00861066  40.00000000  1806.08213340  0.22971252
0.02367706  38.00000000  0.02367706  40.00000000  1391.33615240  0.23284318
0.00180283  35.00000000  0.00071038  40.00000000  1546.36640653  0.23597384
0.08795028  38.00000000  0.08795028  40.00000000  1232.46356858  0.23910451
0.03189531  38.00000000  0.03189531  40.00000000  1226.47334011  0.24223517
0.00733353  38.00000000  0.00733353  40.00000000  985.18029970  0.24536584
0.00039897  38.00000000  0.00039897  40.00000000  988.60565910  0.24849650
0.01671457  38.00000000  0.01671457  40.00000000  1630.07260456  0.25162717
0.00019268  33.00000000  0.00016635  40.00000000  1086.72770199  0.25475783
0.00461530  36.00000000  0.00366743  40.00000000  1262.61095425  0.25788850
0.02677954  38.00000000  0.02677954  40.00000000  973.57180257  0.26101916
0.01515075  38.00000000  0.01515075  40.00000000  1941.84549664  0.26414983
0.00103608  33.00000000  0.00019912  40.00000000  970.62393689  0.26728049
0.00030219  38.00000000  0.00030219  40.00000000  1306.86404151  0.27041116
0.00167882  38.00000000  0.00167882  40.00000000  1192.26027036  0.27354182
0.00181844  36.00000000  0.00164863  40.00000000  1156.07698911  0.27667248
0.00012047  35.00000000  0.00005355  40.00000000  938.71558657  0.27980315
0.00154162  38.00000000  0.00154162  40.00000000  1616.51260118  0.28293381
0.00245407  37.00000000  0.00236890  40.00000000  1540.46028512  0.28606448
0.00017408  37.00000000  0.00015987  40.00000000  1224.38933803  0.28919514
0.01344643  35.00000000  0.00256621  40.00000000  2005.27720143  0.29232581
0.01699754  32.00000000  0.00286873  40.00000000  1429.56706159  0.29545647
0.00126489  35.00000000  0.00064432  40.00000000  1355.99288695  0.29858714
0.00382327  38.00000000  0.00382327  40.00000000  1685.07604920  0.30171780
0.00356112  38.00000000  0.00356112  40.00000000  995.28157616  0.30484847
0.00611752  38.00000000  0.00611752  40.00000000  1717.36480029  0.30797913
0.00070133  38.00000000  0.00070133  40.00000000  1124.92284068  0.31110980
0.00952992  38.00000000  0.00952992  40.00000000  1138.25758256  0.31424046
0.00128749  38.00000000  0.00128749  40.00000000  1221.10053215  0.31737112
0.00869894  35.00000000  0.00610294  40.00000000  1413.76549913  0.32050179
0.00427580  38.00000000  0.00427580  40.00000000  1221.89707400  0.32363245
0.00011400  38.00000000  0.00011400  40.00000000  1128.00120832  0.32676312
0.00806883  38.00000000  0.00806883  40.00000000  1751.57807626  0.32989378
0.04837757  37.00000000  0.04826718  40.00000000  1437.64452374  0.33302445
0.00086558  32.00000000  0.00007492  40.00000000  1075.76773781  0.33615511
0.01524579  38.00000000  0.01524579  40.00000000  1579.59889789  0.33928578
0.02066804  34.00000000  0.00599147  40.00000000  2046.37580429  0.34241644
0.02707668  38.00000000  0.02707668  40.00000000  1540.80014691  0.34554711
0.00982672  35.00000000  0.00726279  40.00000000  1993.41876251  0.34867777
0.00209574  33.00000000  0.00050901  40.00000000  1130.72645509  0.35180844
0.00177102  38.00000000  0.00177102  40.00000000  1188.28352026  0.35493910
0.00216982  38.00000000  0.00216982  40.00000000  1371.05963692  0.35806976
0.02178544  31.00000000  0.01011184  40.00000000  1816.37612106  0.36120043
0.00811696  38.00000000  0.00811696  40.00000000  1336.88035333  0.36433109
0.00023498  27.00000000  0.00014587  40.00000000  1652.58356620  0.36746176
0.01023440  38.00000000  0.01023440  40.00000000  1435.16352108  0.37059242
0.00419946  33.00000000  0.00008702  40.00000000  1427.79601466  0.37372309
0.05005889  38.00000000  0.05005889  40.00000000  2151.79304184  0.37685375
0.00007770  36.00000000  0.00002616  40.00000000  1732.59804415  0.37998442
0.04435594  37.00000000  0.03901844  40.00000000  1624.91365190  0.38311508
0.00124509  31.00000000  0.00103127  40.00000000  1369.69247372  0.38624575
0.02006597  38.00000000  0.02006597  40.00000000  1556.81021786  0.38937641
0.00349228  38.00000000  0.00349228  40.00000000  963.45364276  0.39250708
0.03301322  38.00000000  0.03301322  40.00000000  1084.30560461  0.39563774
0.01572934  31.00000000  0.01031171  40.00000000  1662.96591289  0.39876840
0.00397529  32.00000000  0.00251306  40.00000000  1503.99484822  0.40189907
0.12629922  32.00000000  0.08044497  40.00000000  1976.30007576  0.40502973
0.00211530  38.00000000  0.00211530  40.00000000  1416.31490230  0.40816040
0.00069624  33.00000000  0.00004939  40.00000000  1233.08895026  0.41129106
0.00324240  38.00000000  0.00324240  40.00000000  1168.15566853  0.41442173
0.00326945  37.00000000  0.00176759  40.00000000  1156.34793209  0.41755239
0.00277406  33.00000000  0.00038903  40.00000000  1106.86161544  0.42068306
0.00823035  37.00000000  0.00498908  40.00000000  1764.96901832  0.42381372
0.00021707  36.00000000  0.00011181  40.00000000  2201.24452794  0.42694439
0.00850374  38.00000000  0.00850374  40.00000000  1027.37052549  0.43007505
0.00015504  38.00000000  0.00015504  40.00000000  1608.42996718  0.43320572
0.22566682  38.00000000  0.22566682  40.00000000  1709.31964410  0.43633638
0.00061585  38.00000000  0.00061585  40.00000000  1296.25568936  0.43946704
0.00137761  35.00000000  0.00124940  40.00000000  1466.24138815  0.44259771
0.00815687  38.00000000  0.00815687  40.00000000  1032.35977109  0.44572837
0.00086998  36.00000000  0.00085567  40.00000000  2022.38633340  0.44885904
0.00207821  38.00000000  0.00207821  40.00000000  1288.66624165  0.45198970
0.03082826  35.00000000  0.01445943  40.00000000  1222.59620676  0.45512037
0.00491878  38.00000000  0.00491878  40.00000000  1478.39880733  0.45825103
0.00461730  37.00000000  0.00451022  40.00000000  911.60197205  0.46138170
0.02808479  38.00000000  0.02808479  40.00000000  1893.76882461  0.46451236
0.00098363  34.00000000  0.00080969  40.00000000  1829.46117138  0.46764303
0.00113663  38.00000000  0.00113663  40.00000000  1726.15534503  0.47077369
0.00503462  38.00000000  0.00503462  40.00000000  1288.89006427  0.47390436
0.00086566  38.00000000  0.00086566  40.00000000  1355.50177742  0.47703502
0.01010501  38.00000000  0.01010501  40.00000000  1614.12090102  0.48016568
0.00331185  35.00000000  0.00294997  40.00000000  910.45202847  0.48329635
0.00521268  38.00000000  0.00521268  40.00000000  2099.49687273  0.48642701
0.07035431  38.00000000  0.07035431  40.00000000  1564.84236219  0.48955768
0.00099676  30.00000000  0.00072642  40.00000000  971.37331287  0.49268834
0.01008559  27.00000000  0.00463191  40.00000000  1552.79618071  0.49581901
0.00112504  38.00000000  0.00112504  40.00000000  1085.93168023  0.49894967
0.00228733  38.00000000  0.00228733  40.00000000  1113.89511805  0.50208034
0.03991223  38.00000000  0.03991223  40.00000000  1526.42991727  0.50521100
0.00170753  29.00000000  0.00039882  40.00000000  1058.02840027  0.50834167
0.00732386  28.00000000  0.00171709  40.00000000  1155.61069677  0.51147233
0.01317389  32.00000000  0.00637412  40.00000000  1411.28916443  0.51460299
0.00973033  38.00000000  0.00973033  40.00000000  1351.19746093  0.51773366
0.01551555  38.00000000  0.01551555  40.00000000  1163.44325651  0.52086432
0.01211546  38.00000000  0.01211546  40.00000000  1562.44943843  0.52399499
0.00049642  37.00000000  0.00044218  40.00000000  1081.40745337  0.52712565
0.05123541  33.00000000  0.03584240  40.00000000  1211.68018266  0.53025632
0.00022416  38.00000000  0.00022416  40.00000000  1046.51966268  0.53338698
0.00012162  38.00000000  0.00012162  40.00000000  1103.07205317  0.53651765
0.05758935  33.00000000  0.03337912  40.00000000  1902.77802820  0.53964831
0.00650776  38.00000000  0.00650776  40.00000000  1086.64082583  0.54277898
0.00821858  32.00000000  0.00178300  40.00000000  1591.63508122  0.54590964
0.00686790  38.00000000  0.00686790  40.00000000  1273.60927476  0.54904031
0.04684687  38.00000000  0.04684687  40.00000000  1293.47513160  0.55217097
0.00073845  27.00000000  0.00028545  40.00000000  1077.64576091  0.55530163
0.00080234  33.00000000  0.00042184  40.00000000  2087.70689213  0.55843230
0.00553323  27.00000000  0.00226080  40.00000000  1520.43576072  0.56156296
0.01338575  38.00000000  0.01338575  40.00000000  1386.86468495  0.56469363
0.01514536  35.00000000  0.00724610  40.00000000  2163.46261186  0.56782429
0.00194131  38.00000000  0.00194131  40.00000000  1208.78440112  0.57095496
0.08526251  34.00000000  0.06450767  40.00000000  1415.07122436  0.57408562
0.01046933  35.00000000  0.00626121  40.00000000  1337.45908678  0.57721629
0.00374758  35.00000000  0.00335576  40.00000000  2071.14450723  0.58034695
0.00010872  38.00000000  0.00010872  40.00000000  1178.52639110  0.58347762
0.00227906  22.00000000  0.00059273  40.00000000  1812.50463572  0.58660828
0.18555253  30.00000000  0.11153713  40.00000000  2220.15682280  0.58973895
0.00098922  24.00000000  0.00044667  40.00000000  1457.13617498  0.59286961
0.00471478  38.00000000  0.00471478  40.00000000  1121.41231690  0.59600027
0.01366235  38.00000000  0.01366235  40.00000000  1227.85115808  0.59913094
0.02390783  38.00000000  0.02390783  40.00000000  1547.97664272  0.60226160
0.00090830  28.00000000  0.00060599  40.00000000  1906.79484326  0.60539227
0.02957608  38.00000000  0.02957608  40.00000000  2053.18790400  0.60852293
0.00921115  34.00000000  0.00532112  40.00000000  1605.98850461  0.61165360
0.01001729  38.00000000  0.01001729  40.00000000  1459.81563320  0.61478426
0.02071794  34.00000000  0.00792266  40.00000000  2151.68479255  0.61791493
0.00116059  38.00000000  0.00116059  40.00000000  945.09971263  0.62104559
0.00077985  32.00000000  0.00000121  40.00000000  1854.04122541  0.62417626
0.01819078  38.00000000  0.01819078  40.00000000  1979.94403221  0.62730692
0.01418252  38.00000000  0.01418252  40.00000000  1522.94805277  0.63043759
0.00330555  30.00000000  0.00209272  40.00000000  1053.50676010  0.63356825
0.08782486  38.00000000  0.08782486  40.00000000  2039.48027370  0.63669891
0.00808698  32.00000000  0.00541866  40.00000000  1671.37124319  0.63982958
0.00177967  31.00000000  0.00080261  40.00000000  1876.25397296  0.64296024
0.08717316  38.00000000  0.08717316  40.00000000  2104.66790300  0.64609091
0.00169168  37.00000000  0.00165909  40.00000000  1086.92776180  0.64922157
0.04800862  38.00000000  0.04800862  40.00000000  1813.34182362  0.65235224
0.00573097  38.00000000  0.00573097  40.00000000  1007.10066558  0.65548290
0.00525693  37.00000000  0.00523198  40.00000000  1221.75015060  0.65861357
0.00006091  35.00000000  0.00000861  40.00000000  2193.88400955  0.66174423
0.13354459  38.00000000  0.13354459  40.00000000  1747.20027285  0.66487490
0.01313480  38.00000000  0.01313480  40.00000000  1594.06171490  0.66800556
0.00047719  37.00000000  0.00040140  40.00000000  1148.90712617  0.67113623
0.00024950  38.00000000  0.00024950  40.00000000  2198.43373997  0.67426689
0.00443058  35.00000000  0.00425052  40.00000000  1890.83763593  0.67739755
0.00139576  38.00000000  0.00139576  40.00000000  1296.51992900  0.68052822
0.00734635  38.00000000  0.00734635  40.00000000  1280.56798015  0.68365888
0.01325952  38.00000000  0.01325952  40.00000000  1124.87864652  0.68678955
0.00651174  38.00000000  0.00651174  40.00000000  1260.98376656  0.68992021
0.11039442  38.00000000  0.11039442  40.00000000  1859.55329722  0.69305088
0.02611274  38.00000000  0.02611274  40.00000000  1741.27418425  0.69618154
0.06629220  38.00000000  0.06629220  40.00000000  1939.80854401  0.69931221
0.01021970  37.00000000  0.01004867  40.00000000  1188.40071319  0.70244287
0.04402669  33.00000000  0.01897906  40.00000000  1991.23850224  0.70557354
0.01399162  38.00000000  0.01399162  40.00000000  1111.12714831  0.70870420
0.01038196  38.00000000  0.01038196  40.00000000  1678.18902634  0.71183487
0.00105295  38.00000000  0.00105295  40.00000000  2053.04422587  0.71496553
0.00764085  34.00000000  0.00478690  40.00000000  2053.05312598  0.71809619
0.00936690  26.00000000  0.00393295  40.00000000  1565.91053175  0.72122686
0.02860777  32.00000000  0.02027235  40.00000000  1981.01151693  0.72435752
0.00337305  29.00000000  0.00241299  40.00000000  1512.00092058  0.72748819
0.01168297  31.00000000  0.00499049  40.00000000  1241.12973894  0.73061885
0.02841234  38.00000000  0.02841234  40.00000000  1270.44515889  0.73374952
0.00679879  36.00000000  0.00585477  40.00000000  1180.66586348  0.73688018
0.00004091  25.00000000  0.00001290  40.00000000  1015.90543077  0.74001085
0.00622516  33.00000000  0.00127113  40.00000000  928.46379667  0.74314151
0.09424655  38.00000000  0.09424655  40.00000000  1999.08081611  0.74627218
0.04357249  38.00000000  0.04357249  40.00000000  2009.17317347  0.74940284
0.01846905  38.00000000  0.01846905  40.00000000  1330.00698713  0.75253351
0.01122624  38.00000000  0.01122624  40.00000000  1489.62269964  0.75566417
0.00395277  28.00000000  0.00018481  40.00000000  1263.27248548  0.75879483
0.00323957  38.00000000  0.00323957  40.00000000  1454.36720283  0.76192550
0.05222534  38.00000000  0.05222534  40.00000000  2008.18441609  0.76505616
0.00290983  38.00000000  0.00290983  40.00000000  1853.57154697  0.76818683
0.00798381  38.00000000  0.00798381  40.00000000  1451.67686068  0.77131749
0.01161588  38.00000000  0.01161588  40.00000000  1739.13009245  0.77444816
0.06956225  38.00000000  0.06956225  40.00000000  1097.52298306  0.77757882
0.00606396  31.00000000  0.00601576  40.00000000  1621.08594307  0.78070949
0.04217936  38.00000000  0.04217936  40.00000000  2041.39599547  0.78384015
0.01927027  31.00000000  0.00008087  40.00000000  2055.37940066  0.78697082
0.04068246  38.00000000  0.04068246  40.00000000  1258.21975779  0.79010148
0.03450601  30.00000000  0.03403015  40.00000000  1619.51094754  0.79323215
0.20275473  38.00000000  0.20275473  40.00000000  1410.53105667  0.79636281
0.00194213  36.00000000  0.00176473  40.00000000  1764.32894760  0.79949347
0.02548214  36.00000000  0.02407671  40.00000000  1944.37546498  0.80262414
0.02416908  38.00000000  0.02416908  40.00000000  1263.53524906  0.80575480
0.57598413  36.00000000  0.52180607  40.00000000  1940.12464668  0.80888547
0.00322131  38.00000000  0.00322131  40.00000000  1725.63915901  0.81201613
0.01026208  38.00000000  0.01026208  40.00000000  1179.80500200  0.81514680
0.00426719  38.00000000  0.00426719  40.00000000  1553.87195989  0.81827746
0.01208646  38.00000000  0.01208646  40.00000000  1702.81995954  0.82140813
0.00787491  37.00000000  0.00785856  40.00000000  1992.19922498  0.82453879
0.23664016  37.00000000  0.23099048  40.00000000  2113.15505794  0.82766946
0.02079696  33.00000000  0.00974429  40.00000000  1984.88186750  0.83080012
0.04988550  32.00000000  0.04886152  40.00000000  1993.05516683  0.83393079
0.00039900  38.00000000  0.00039900  40.00000000  2191.49382256  0.83706145
0.20174911  38.00000000  0.20174911  40.00000000  1843.99340131  0.84019211
0.09039887  33.00000000  0.07287504  40.00000000  2004.83449460  0.84332278
0.10863788  38.00000000  0.10863788  40.00000000  1994.83052760  0.84645344
0.01836531  38.00000000  0.01836531  40.00000000  1473.63514402  0.84958411
0.02614923  38.00000000  0.02614923  40.00000000  1981.03956701  0.85271477
0.14347852  38.00000000  0.14347852  40.00000000  1745.85275084  0.85584544
0.03059188  30.00000000  0.01602930  40.00000000  1685.73387498  0.85897610
0.00135557  32.00000000  0.00063511  40.00000000  1739.48361949  0.86210677
0.00528134  32.00000000  0.00257239  40.00000000  1752.65225811  0.86523743
0.00855943  35.00000000  0.00854678  40.00000000  1996.48710719  0.86836810
0.10806860  38.00000000  0.10806860  40.00000000  1831.01920593  0.87149876
0.03025633  38.00000000  0.03025633  40.00000000  1838.43684106  0.87462942
0.16849401  38.00000000  0.16849401  40.00000000  1984.58729327  0.87776009
0.01059485  38.00000000  0.01059485  40.00000000  1986.50087647  0.88089075
0.00989816  38.00000000  0.00989816  40.00000000  2021.50549489  0.88402142
0.12621312  38.00000000  0.12621312  40.00000000  1994.42826712  0.88715208
0.01176358  35.00000000  0.00406896  40.00000000  1848.20837660  0.89028275
0.01443065  38.00000000  0.01443065  40.00000000  1483.52049642  0.89341341
0.07794665  38.00000000  0.07794665  40.00000000  1320.06478948  0.89654408
0.19016980  37.00000000  0.15022232  40.00000000  1344.54928204  0.89967474
0.14249842  38.00000000  0.14249842  40.00000000  1994.61665948  0.90280541
0.03144846  38.00000000  0.03144846  40.00000000  1836.30879666  0.90593607
0.09873431  38.00000000  0.09873431  40.00000000  2026.78640899  0.90906674
0.00637020  34.00000000  0.00051859  40.00000000  2034.46390674  0.91219740
0.01640076  37.00000000  0.01507118  40.00000000  1992.23886349  0.91532806
0.34335564  36.00000000  0.32731449  40.00000000  1985.93455049  0.91845873
0.06115771  38.00000000  0.06115771  40.00000000  1826.81714195  0.92158939
0.14249842  38.00000000  0.14249842  40.00000000  1994.61665948  0.92472006
0.14566752  38.00000000  0.14566752  40.00000000  1995.56696684  0.92785072
0.11469637  38.00000000  0.11469637  40.00000000  1994.24842518  0.93098139
0.12936738  38.00000000  0.12936738  40.00000000  1982.90878825  0.93411205
0.14249842  38.00000000  0.14249842  40.00000000  1994.61665948  0.93724272
0.01316403  34.00000000  0.01024889  40.00000000  1914.57141602  0.94037338
0.14249842  38.00000000  0.14249842  40.00000000  1994.61665948  0.94350405
0.01337185  34.00000000  0.01244177  40.00000000  2012.85848239  0.94663471
0.14249842  38.00000000  0.14249842  40.00000000  1994.61665948  0.94976538
0.02464546  38.00000000  0.02464546  40.00000000  1341.05291756  0.95289604
0.23286202  37.00000000  0.23179232  40.00000000  2122.12075238  0.95602670
0.13665626  38.00000000  0.13665626  40.00000000  1994.50928429  0.95915737
0.14450616  38.00000000  0.14450616  40.00000000  1994.75793424  0.96228803
0.14484291  38.00000000  0.14484291  40.00000000  1994.87620215  0.96541870
0.03051691  37.00000000  0.02833003  40.00000000  1941.64538022  0.96854936
0.14937443  38.00000000  0.14937443  40.00000000  1996.73159087  0.97168003
0.14576259  34.00000000  0.11368135  40.00000000  1958.35471048  0.97481069
0.13341316  38.00000000  0.13341316  40.00000000  1986.74369248  0.97794136
0.14249842  38.00000000  0.14249842  40.00000000  1994.61665948  0.98107202
0.13626734  38.00000000  0.13626734  40.00000000  1994.48726779  0.98420269
0.14217886  38.00000000  0.14217886  40.00000000  1994.39322552  0.98733335
0.14249842  38.00000000  0.14249842  40.00000000  1994.61665948  0.99000000
0.14249842  38.00000000  0.14249842  40.00000000  1994.61665948  0.99000000
0.06385657  31.00000000  0.05004758  40.00000000  2002.29660835  0.99000000
0.14249842  38.00000000  0.14249842  40.00000000  1994.61665948  0.99000000
0.14249842  38.00000000  0.14249842  40.00000000  1994.61665948  0.99000000
0.14257680  38.00000000  0.14257680  40.00000000  1994.62742189  0.99000000
0.14249842  38.00000000  0.14249842  40.00000000  1994.61665948  0.99000000
0.14249842  38.00000000  0.14249842  40.00000000  1994.61665948  0.99000000
0.14249842  38.00000000  0.14249842  40.00000000  1994.61665948  0.99000000
0.14249842  38.00000000  0.14249842  40.00000000  1994.61665948  0.99000000
0.14249842  38.00000000  0.14249842  40.00000000  1994.61665948  0.99000000
0.14249842  38.00000000  0.14249842  40.00000000  1994.61665948  0.99000000
0.14249842  38.00000000  0.14249842  40.00000000  1994.61665948  0.99000000
0.14249842  38.00000000  0.14249842  40.00000000  1994.57195701  0.99000000
0.14249842  38.00000000  0.14249842  40.00000000  1994.61665948  0.99000000
0.14800082  38.00000000  0.14800082  40.00000000  2022.69888564  0.99000000
0.14249842  38.00000000  0.14249842  40.00000000  1994.61665948  0.99000000
0.14249842  38.00000000  0.14249842  40.00000000  1994.61665948  0.99000000
0.14249842  38.00000000  0.14249842  40.00000000  1994.61665948  0.99000000
0.14249842  38.00000000  0.14249842  40.00000000  1994.61665948  0.99000000
0.14249842  38.00000000  0.14249842  40.00000000  1994.61665948  0.99000000
0.14249842  38.00000000  0.14249842  40.00000000  1994.61665948  0.99000000
0.14249842  38.00000000  0.14249842  40.00000000  1994.61665948  0.99000000
0.14249842  38.00000000  0.14249842  40.00000000  1994.61665948  0.99000000
0.14249842  38.00000000  0.14249842  40.00000000  1994.61665948  0.99000000
0.14249842  38.00000000  0.14249842  40.00000000  1994.61665948  0.99000000
0.13198769  38.00000000  0.13198769  40.00000000  1994.55544336  0.99000000
0.14249404  38.00000000  0.14249404  40.00000000  1994.61780350  0.99000000
0.14249842  38.00000000  0.14249842  40.00000000  1994.61665948  0.99000000
0.26430297  38.00000000  0.26430297  40.00000000  1553.23505496  0.99000000
0.14249842  38.00000000  0.14249842  40.00000000  1994.61665948  0.99000000
0.14249842  38.00000000  0.14249842  40.00000000  1994.61665948  0.99000000
0.14249842  38.00000000  0.14249842  40.00000000  1994.61665948  0.99000000
0.04123083  38.00000000  0.04123083  40.00000000  2041.19427440  0.99000000
0.14171964  38.00000000  0.14171964  40.00000000  1994.61013208  0.99000000
0.14249842  38.00000000  0.14249842  40.00000000  1994.61665948  0.99000000
0.14249842  38.00000000  0.14249842  40.00000000  1994.61665948  0.99000000
0.14249842  38.00000000  0.14249842  40.00000000  1994.61665948  0.99000000
0.14249842  38.00000000  0.14249842  40.00000000  1994.61665948  0.99000000
0.14249842  38.00000000  0.14249842  40.00000000  1994.61665948  0.99000000
0.14249842  38.00000000  0.14249842  40.00000000  1994.61665948  0.99000000
0.14249842  38.00000000  0.14249842  40.00000000  1994.61665948  0.99000000
0.14249842  38.00000000  0.14249842  40.00000000  1994.61665948  0.99000000
0.14249842  38.00000000  0.14249842  40.00000000  1994.61665948  0.99000000
0.02735738  38.00000000  0.02735738  40.00000000  1529.21835559  0.99000000
0.13626734  38.00000000  0.13626734  40.00000000  1994.48726779  0.99000000
0.14250509  38.00000000  0.14250509  40.00000000  1994.27413301  0.99000000
0.14249842  38.00000000  0.14249842  40.00000000  1994.61665948  0.99000000
0.14249842  38.00000000  0.14249842  40.00000000  1994.61665948  0.99000000
0.14249842  38.00000000  0.14249842  40.00000000  1994.61665948  0.99000000
0.14249842  38.00000000  0.14249842  40.00000000  1994.61665948  0.99000000
0.00742018  38.00000000  0.00742018  40.00000000  1992.19688855  0.99000000
0.14248440  38.00000000  0.14248440  40.00000000  1994.61695535  0.99000000
0.14249842  38.00000000  0.14249842  40.00000000  1994.61665948  0.99000000
0.14249842  38.00000000  0.14249842  40.00000000  1994.61665948  0.99000000
0.14249842  38.00000000  0.14249842  40.00000000  1994.61665948  0.99000000
0.14249842  38.00000000  0.14249842  40.00000000  1994.61665948  0.99000000
0.14412174  38.00000000  0.14412174  40.00000000  1997.73556647  0.99000000
0.07746602  38.00000000  0.07746602  40.00000000  1992.64491914  0.99000000
0.14249842  38.00000000  0.14249842  40.00000000  1994.61665948  0.99000000
0.02605059  38.00000000  0.02605059  40.00000000  1992.25636357  0.99000000
0.14249842  38.00000000  0.14249842  40.00000000  1994.61665948  0.99000000
0.14249842  38.00000000  0.14249842  40.00000000  1994.61665948  0.99000000
0.14166869  38.00000000  0.14166869  40.00000000  2023.56499549  0.99000000
0.14249842  38.00000000  0.14249842  40.00000000  1994.61665948  0.99000000
0.13303375  38.00000000  0.13303375  40.00000000  1994.56083318  0.99000000
0.14150110  38.00000000  0.14150110  40.00000000  1933.92885302  0.99000000
0.14249842  38.00000000  0.14249842  40.00000000  1994.61665948  0.99000000
0.00742018  38.00000000  0.00742018  40.00000000  1992.19688855  0.99000000
0.14249842  38.00000000  0.14249842  40.00000000  1994.61665948  0.99000000
0.14249842  38.00000000  0.14249842  40.00000000  1994.61665948  0.99000000
0.14249842  38.00000000  0.14249842  40.00000000  1994.61665948  0.99000000
0.14249842  38.00000000  0.14249842  40.00000000  1994.61665948  0.99000000
0.14249842  38.00000000  0.14249842  40.00000000  1994.61665948  0.99000000
0.00105351  36.00000000  0.00089249  40.00000000  1187.15692862  0.99000000
0.14249842  38.00000000  0.14249842  40.00000000  1994.61665948  0.99000000
0.14249842  38.00000000  0.14249842  40.00000000  1994.61665948  0.99000000
0.02539586  33.00000000  0.00940707  40.00000000  1992.36078000  0.99000000
0.14249842  38.00000000  0.14249842  40.00000000  1994.61665948  0.99000000
0.14249842  38.00000000  0.14249842  40.00000000  1994.61665948  0.99000000
0.14249842  38.00000000  0.14249842  40.00000000  1994.61665948  0.99000000
0.14249842  38.00000000  0.14249842  40.00000000  1994.61665948  0.99000000
0.14249842  38.00000000  0.14249842  40.00000000  1994.61665948  0.99000000
0.14249842  38.00000000  0.14249842  40.00000000  1994.61665948  0.99000000
0.06933121  38.00000000  0.06933121  40.00000000  2067.95055150  0.99000000
0.14249842  38.00000000  0.14249842  40.00000000  1994.61665948  0.99000000
0.14249842  38.00000000  0.14249842  40.00000000  1994.61665948  0.99000000
0.14249842  38.00000000  0.14249842  40.00000000  1994.61665948  0.99000000
0.14249842  38.00000000  0.14249842  40.00000000  1994.61665948  0.99000000
0.13231586  38.00000000  0.13231586  40.00000000  1996.05647248  0.99000000
0.14249842  38.00000000  0.14249842  40.00000000  1994.61665948  0.99000000
0.14249842  38.00000000  0.14249842  40.00000000  1994.61665948  0.99000000
0.15554860  38.00000000  0.15554860  40.00000000  1994.14628846  0.99000000
0.02386341  38.00000000  0.02386341  40.00000000  1975.62657500  0.99000000
0.14249842  38.00000000  0.14249842  40.00000000  1994.61665948  0.99000000
0.13612789  38.00000000  0.13612789  40.00000000  1994.53585513  0.99000000
0.14936025  38.00000000  0.14936025  40.00000000  1995.28818475  0.99000000
0.14249842  38.00000000  0.14249842  40.00000000  1994.61665948  0.99000000
0.14249842  38.00000000  0.14249842  40.00000000  1994.61665948  0.99000000
0.14249842  38.00000000  0.14249842  40.00000000  1994.61665948  0.99000000
0.14249842  38.00000000  0.14249842  40.00000000  1994.61665948  0.99000000
0.16772792  38.00000000  0.16772792  40.00000000  1996.62902700  0.99000000
0.14249842  38.00000000  0.14249842  40.00000000  1994.61665948  0.99000000
0.14249842  38.00000000  0.14249842  40.00000000  1994.61665948  0.99000000
0.04003935  38.00000000  0.04003935  40.00000000  1991.91418932  0.99000000
0.14249842  38.00000000  0.14249842  40.00000000  1994.61665948  0.99000000
0.02046109  38.00000000  0.02046109  40.00000000  1992.31960297  0.99000000
0.14249842  38.00000000  0.14249842  40.00000000  1994.61665948  0.99000000
0.14249842  38.00000000  0.14249842  40.00000000  1994.61665948  0.99000000
0.02647508  38.00000000  0.02647508  40.00000000  1992.23110246  0.99000000
0.14249842  38.00000000  0.14249842  40.00000000  1994.61665948  0.99000000
0.06324158  36.00000000  0.05681974  40.00000000  1993.12058359  0.99000000
0.12648870  38.00000000  0.12648870  40.00000000  1994.52317849  0.99000000
0.01207160  30.00000000  0.00740917  40.00000000  1992.23647329  0.99000000
0.14249842  38.00000000  0.14249842  40.00000000  1994.61665948  0.99000000
0.11469637  38.00000000  0.11469637  40.00000000  1994.24842518  0.99000000
0.14249842  38.00000000  0.14249842  40.00000000  1994.61665948  0.99000000
0.14249842  38.00000000  0.14249842  40.00000000  1994.61665948  0.99000000
0.04519522  38.00000000  0.04519522  40.00000000  1897.15604391  0.99000000
0.01831560  38.00000000  0.01831560  40.00000000  1989.94945839  0.99000000
0.14249842  38.00000000  0.14249842  40.00000000  1994.61665948  0.99000000
0.14249842  38.00000000  0.14249842  40.00000000  1994.61665948  0.99000000
0.14249842  38.00000000  0.14249842  40.00000000  1994.61665948  0.99000000
0.14249842  38.00000000  0.14249842  40.00000000  1994.61665948  0.99000000
0.14249842  38.00000000  0.14249842  40.00000000  1994.61665948  0.99000000
0.14249842  38.00000000  0.14249842  40.00000000  1994.61665948  0.99000000
0.14249842  38.00000000  0.14249842  40.00000000  1994.61665948  0.99000000
0.14249842  38.00000000  0.14249842  40.00000000  1994.61665948  0.99000000
0.14249842  38.00000000  0.14249842  40.00000000  1994.61665948  0.99000000
0.14249842  38.00000000  0.14249842  40.00000000  1994.61665948  0.99000000
0.14009901  38.00000000  0.14009901  40.00000000  1994.51250031  0.99000000
0.14249842  38.00000000  0.14249842  40.00000000  1994.61665948  0.99000000
0.14249842  38.00000000  0.14249842  40.00000000  1994.61665948  0.99000000
0.14249842  38.00000000  0.14249842  40.00000000  1994.61665948  0.99000000
0.12621312  38.00000000  0.12621312  40.00000000  1994.42826712  0.99000000
0.14249842  38.00000000  0.14249842  40.00000000  1994.61665948  0.99000000
0.14249842  38.00000000  0.14249842  40.00000000  1994.61665948  0.99000000
0.14249842  38.00000000  0.14249842  40.00000000  1994.61665948  0.99000000
0.14249842  38.00000000  0.14249842  40.00000000  1994.61665948  0.99000000
0.14249842  38.00000000  0.14249842  40.00000000  1994.61665948  0.99000000
0.14249842  38.00000000  0.14249842  40.00000000  1994.61665948  0.99000000
0.14249842  38.00000000  0.14249842  40.00000000  1994.61665948  0.99000000
0.14164925  38.00000000  0.14164925  40.00000000  1993.17593485  0.99000000
0.14249842  38.00000000  0.14249842  40.00000000  1994.61665948  0.99000000
0.14249842  38.00000000  0.14249842  40.00000000  1994.61665948  0.99000000
0.14249842  38.00000000  0.14249842  40.00000000  1994.61665948  0.99000000
0.14217886  38.00000000  0.14217886  40.00000000  1994.39322552  0.99000000
0.14249842  38.00000000  0.14249842  40.00000000  1994.61665948  0.99000000
0.14249842  38.00000000  0.14249842  40.00000000  1994.61665948  0.99000000
0.14249842  38.00000000  0.14249842  40.00000000  1994.61665948  0.99000000
0.14249842  38.00000000  0.14249842  40.00000000  1994.61665948  0.99000000
0.14249842  38.00000000  0.14249842  40.00000000  1994.61665948  0.99000000
0.10202650  36.00000000  0.07921377  40.00000000  1993.94345462  0.99000000
0.14249842  38.00000000  0.14249842  40.00000000  1994.61665948  0.99000000
0.04393247  38.00000000  0.04393247  40.00000000  1914.74545719  0.99000000
0.14249842  38.00000000  0.14249842  40.00000000  1994.61665948  0.99000000
0.14249842  38.00000000  0.14249842  40.00000000  1994.61665948  0.99000000
0.14249842  38.00000000  0.14249842  40.00000000  1994.61665948  0.99000000
0.14230202  38.00000000  0.14230202  40.00000000  1994.78991399  0.99000000
0.13341316  38.00000000  0.13341316  40.00000000  1986.74369248  0.99000000
0.14249842  38.00000000  0.14249842  40.00000000  1994.61665948  0.99000000
0.03764493  38.00000000  0.03764493  40.00000000  1747.97851840  0.99000000
0.14249842  38.00000000  0.14249842  40.00000000  1994.61665948  0.99000000
0.26434211  38.00000000  0.26434211  40.00000000  1553.01539997  0.99000000
0.14249842  38.00000000  0.14249842  40.00000000  1994.61665948  0.99000000
0.14249842  38.00000000  0.14249842  40.00000000  1994.61665948  0.99000000
0.14249842  38.00000000  0.14249842  40.00000000  1994.61665948  0.99000000
0.14249842  38.00000000  0.14249842  40.00000000  1994.61665948  0.99000000
0.14249842  38.00000000  0.14249842  40.00000000  1994.61665948  0.99000000
0.14249842  38.00000000  0.14249842  40.00000000  1994.61665948  0.99000000
0.14249842  38.00000000  0.14249842  40.00000000  1994.61665948  0.99000000
0.14249842  38.00000000  0.14249842  40.00000000  1994.61665948  0.99000000
0.14249842  38.00000000  0.14249842  40.00000000  1994.61665948  0.99000000
0.14249842  38.00000000  0.14249842  40.00000000  1994.61665948  0.99000000
0.14164900  38.00000000  0.14164900  40.00000000  1993.17593578  0.99000000
0.01653389  38.00000000  0.01653389  40.00000000  1323.88664503  0.99000000
0.07746602  38.00000000  0.07746602  40.00000000  1992.64491914  0.99000000
0.14249842  38.00000000  0.14249842  40.00000000  1994.61665948  0.99000000
0.14249842  38.00000000  0.14249842  40.00000000  1994.61665948  0.99000000
0.14249842  38.00000000  0.14249842  40.00000000  1994.61665948  0.99000000
0.14249842  38.00000000  0.14249842  40.00000000  1994.61665948  0.99000000
0.14249842  38.00000000  0.14249842  40.00000000  1994.61665948  0.99000000
0.14249842  38.00000000  0.14249842  40.00000000  1994.61665948  0.99000000
0.14249842  38.00000000  0.14249842  40.00000000  1994.61665948  0.99000000
0.15171568  38.00000000  0.15171568  40.00000000  2009.96502250  0.99000000
0.14249842  38.00000000  0.14249842  40.00000000  1994.61665948  0.99000000
0.14249842  38.00000000  0.14249842  40.00000000  1994.61665948  0.99000000
0.04264722  34.00000000  0.02774173  40.00000000  1992.65507451  0.99000000
0.14249842  38.00000000  0.14249842  40.00000000  1994.61665948  0.99000000
0.10874462  37.00000000  0.10868943  40.00000000  1995.02368625  0.99000000
0.14249842  38.00000000  0.14249842  40.00000000  1994.61665948  0.99000000
0.14249842  38.00000000  0.14249842  40.00000000  1994.61665948  0.99000000
0.00217840  36.00000000  0.00126282  40.00000000  1852.67258091  0.99000000
0.14249842  38.00000000  0.14249842  40.00000000  1994.61665948  0.99000000
0.14249842  38.00000000  0.14249842  40.00000000  1994.61665948  0.99000000
0.14249842  38.00000000  0.14249842  40.00000000  1994.61665948  0.99000000
0.14249842  38.00000000  0.14249842  40.00000000  1994.61665948  0.99000000
0.14249842  38.00000000  0.14249842  40.00000000  1994.61665948  0.99000000
0.14249842  38.00000000  0.14249842  40.00000000  1994.61665948  0.99000000
0.14249842  38.00000000  0.14249842  40.00000000  1994.61665948  0.99000000
0.14249404  38.00000000  0.14249404  40.00000000  1994.61780350  0.99000000
0.14249842  38.00000000  0.14249842  40.00000000  1994.61665948  0.99000000
0.12906972  38.00000000  0.12906972  40.00000000  1982.82019820  0.99000000
0.14249842  38.00000000  0.14249842  40.00000000  1994.61665948  0.99000000
0.14249842  38.00000000  0.14249842  40.00000000  1994.61665948  0.99000000
0.14249842  38.00000000  0.14249842  40.00000000  1994.61665948  0.99000000
0.14249842  38.00000000  0.14249842  40.00000000  1994.61665948  0.99000000
0.14249842  38.00000000  0.14249842  40.00000000  1994.61665948  0.99000000
0.14249842  38.00000000  0.14249842  40.00000000  1994.61665948  0.99000000
0.00425183  38.00000000  0.00425183  40.00000000  1180.65994464  0.99000000
0.14166869  38.00000000  0.14166869  40.00000000  2023.56499549  0.99000000
0.14249842  38.00000000  0.14249842  40.00000000  1994.61665948  0.99000000
0.14249842  38.00000000  0.14249842  40.00000000  1994.61665948  0.99000000
0.09593552  33.00000000  0.09494219  40.00000000  1957.75685360  0.99000000
0.14249842  38.00000000  0.14249842  40.00000000  1994.61665948  0.99000000
0.14149235  38.00000000  0.14149235  40.00000000  2023.23851618  0.99000000
0.14249842  38.00000000  0.14249842  40.00000000  1994.61665948  0.99000000
0.01572768  38.00000000  0.01572768  40.00000000  1599.43753662  0.99000000
0.14329871  38.00000000  0.14329871  40.00000000  1994.69668149  0.99000000
0.14249842  38.00000000  0.14249842  40.00000000  1994.61665948  0.99000000
0.14249842  38.00000000  0.14249842  40.00000000  1994.61665948  0.99000000
0.14249842  38.00000000  0.14249842  40.00000000  1994.61665948  0.99000000
0.14249842  38.00000000  0.14249842  40.00000000  1994.61665948  0.99000000
0.05395349  33.00000000  0.00705439  40.00000000  1992.65587598  0.99000000
0.02029853  31.00000000  0.01169705  40.00000000  1992.28317284  0.99000000
0.14249842  38.00000000  0.14249842  40.00000000  1994.61665948  0.99000000
0.00619180  38.00000000  0.00619180  40.00000000  1271.95206639  0.99000000
0.12906627  38.00000000  0.12906627  40.00000000  1982.81680116  0.99000000
0.14249842  38.00000000  0.14249842  40.00000000  1994.61665948  0.99000000
0.21972134  38.00000000  0.21972134  40.00000000  1561.97859694  0.99000000
0.13198769  38.00000000  0.13198769  40.00000000  1994.55544336  0.99000000
0.14019015  38.00000000  0.14019015  40.00000000  1995.12981900  0.99000000
0.04149051  38.00000000  0.04149051  40.00000000  2040.93458527  0.99000000
0.14249842  38.00000000  0.14249842  40.00000000  1994.61665948  0.99000000
0.14249842  38.00000000  0.14249842  40.00000000  1994.61665948  0.99000000
0.14249842  38.00000000  0.14249842  40.00000000  1994.61665948  0.99000000
0.14249842  38.00000000  0.14249842  40.00000000  1994.61665948  0.99000000
0.14249842  38.00000000  0.14249842  40.00000000  1994.61665948  0.99000000
0.19633546  32.00000000  0.05382712  40.00000000  1723.64937727  0.99000000
0.14249842  38.00000000  0.14249842  40.00000000  1994.61665948  0.99000000
0.02446298  25.00000000  0.01689572  40.00000000  1655.65511390  0.99000000
0.14249842  38.00000000  0.14249842  40.00000000  1994.61665948  0.99000000
0.14249842  38.00000000  0.14249842  40.00000000  1994.61665948  0.99000000
0.14249842  38.00000000  0.14249842  40.00000000  1994.61665948  0.99000000
0.14245731  38.00000000  0.14245731  40.00000000  1994.62091696  0.99000000
0.14409431  38.00000000  0.14409431  40.00000000  1994.10704999  0.99000000
0.10202650  36.00000000  0.07921377  40.00000000  1993.94345462  0.99000000
0.14249842  38.00000000  0.14249842  40.00000000  1994.61665948  0.99000000
0.20629617  38.00000000  0.20629617  40.00000000  1343.89108404  0.99000000
0.14131098  38.00000000  0.14131098  40.00000000  2027.40354221  0.99000000
0.14249842  38.00000000  0.14249842  40.00000000  1994.61665948  0.99000000
0.14249842  38.00000000  0.14249842  40.00000000  1994.61665948  0.99000000
0.14249842  38.00000000  0.14249842  40.00000000  1994.61665948  0.99000000
0.14249842  38.00000000  0.14249842  40.00000000  1994.61665948  0.99000000
0.14249842  38.00000000  0.14249842  40.00000000  1994.61665948  0.99000000
0.14249842  38.00000000  0.14249842  40.00000000  1994.61665948  0.99000000
0.14249842  38.00000000  0.14249842  40.00000000  1994.61665948  0.99000000
0.14250285  38.00000000  0.14250285  40.00000000  1994.61696472  0.99000000
0.14249842  38.00000000  0.14249842  40.00000000  1994.61665948  0.99000000
0.14249842  38.00000000  0.14249842  40.00000000  1994.61665948  0.99000000
0.14249842  38.00000000  0.14249842  40.00000000  1994.61665948  0.99000000
0.14249842  38.00000000  0.14249842  40.00000000  1994.61665948  0.99000000
0.14249842  38.00000000  0.14249842  40.00000000  1994.61665948  0.99000000
0.14249842  38.00000000  0.14249842  40.00000000  1994.61665948  0.99000000
0.14249842  38.00000000  0.14249842  40.00000000  1994.61665948  0.99000000
0.14249842  38.00000000  0.14249842  40.00000000  1994.61665948  0.99000000
0.14249842  38.00000000  0.14249842  40.00000000  1994.61665948  0.99000000
0.06505043  34.00000000  0.03291614  40.00000000  1992.97956636  0.99000000
0.14249842  38.00000000  0.14249842  40.00000000  1994.61665948  0.99000000
0.14249842  38.00000000  0.14249842  40.00000000  1994.61665948  0.99000000
0.14249842  38.00000000  0.14249842  40.00000000  1994.61665948  0.99000000
0.14249842  38.00000000  0.14249842  40.00000000  1994.61665948  0.99000000
0.14249842  38.00000000  0.14249842  40.00000000  1994.61665948  0.99000000
0.14249842  38.00000000  0.14249842  40.00000000  1994.61665948  0.99000000
0.14249842  38.00000000  0.14249842  40.00000000  1994.61665948  0.99000000
0.14291234  38.00000000  0.14291234  40.00000000  1994.89741832  0.99000000
0.14249842  38.00000000  0.14249842  40.00000000  1994.61665948  0.99000000
0.14249842  38.00000000  0.14249842  40.00000000  1994.61665948  0.99000000
0.14249842  38.00000000  0.14249842  40.00000000  1994.61665948  0.99000000
0.14418080  38.00000000  0.14418080  40.00000000  1994.65352930  0.99000000
0.14249842  38.00000000  0.14249842  40.00000000  1994.61665948  0.99000000
0.14171964  38.00000000  0.14171964  40.00000000  1994.61013208  0.99000000
0.14249842  38.00000000  0.14249842  40.00000000  1994.61665948  0.99000000
0.14249842  38.00000000  0.14249842  40.00000000  1994.61665948  0.99000000
0.14249842  38.00000000  0.14249842  40.00000000  1994.61665948  0.99000000
0.14249842  38.00000000  0.14249842  40.00000000  1994.61665948  0.99000000
0.14249842  38.00000000  0.14249842  40.00000000  1994.61665948  0.99000000
0.14249842  38.00000000  0.14249842  40.00000000  1994.61665948  0.99000000
0.14249842  38.00000000  0.14249842  40.00000000  1994.61665948  0.99000000
0.14249842  38.00000000  0.14249842  40.00000000  1994.61665948  0.99000000
0.14249842  38.00000000  0.14249842  40.00000000  1994.61665948  0.99000000
0.11658303  37.00000000  0.11654640  40.00000000  1994.31368528  0.99000000
0.14019015  38.00000000  0.14019015  40.00000000  1995.12981900  0.99000000
0.14249842  38.00000000  0.14249842  40.00000000  1994.61665948  0.99000000
0.14249842  38.00000000  0.14249842  40.00000000  1994.61665948  0.99000000
0.14902105  38.00000000  0.14902105  40.00000000  1994.97081937  0.99000000
0.01746082  38.00000000  0.01746082  40.00000000  1523.35251286  0.99000000
0.06505043  34.00000000  0.03291614  40.00000000  1992.97956636  0.99000000
0.14249842  38.00000000  0.14249842  40.00000000  1994.61665948  0.99000000
0.14249842  38.00000000  0.14249842  40.00000000  1994.61665948  0.99000000
0.14249842  38.00000000  0.14249842  40.00000000  1994.61665948  0.99000000
0.14199709  38.00000000  0.14199709  40.00000000  1994.60025973  0.99000000
0.14249842  38.00000000  0.14249842  40.00000000  1994.61665948  0.99000000
0.14249842  38.00000000  0.14249842  40.00000000  1994.61665948  0.99000000
0.14249842  38.00000000  0.14249842  40.00000000  1994.61665948  0.99000000
0.14249842  38.00000000  0.14249842  40.00000000  1994.61665948  0.99000000
0.14249842  38.00000000  0.14249842  40.00000000  1994.61665948  0.99000000
0.14249842  38.00000000  0.14249842  40.00000000  1994.61665948  0.99000000
0.05482961  38.00000000  0.05482961  40.00000000  2000.92528402  0.99000000
0.14249842  38.00000000  0.14249842  40.00000000  1994.61665948  0.99000000
0.14249842  38.00000000  0.14249842  40.00000000  1994.61665948  0.99000000
0.14249842  38.00000000  0.14249842  40.00000000  1994.61665948  0.99000000
0.14249842  38.00000000  0.14249842  40.00000000  1994.61665948  0.99000000
0.14249842  38.00000000  0.14249842  40.00000000  1994.61665948  0.99000000
0.02259338  38.00000000  0.02259338  40.00000000  2026.70503106  0.99000000
0.14249842  38.00000000  0.14249842  40.00000000  1994.61665948  0.99000000
0.14249842  38.00000000  0.14249842  40.00000000  1994.61665948  0.99000000
0.14249842  38.00000000  0.14249842  40.00000000  1994.61665948  0.99000000
0.14249842  38.00000000  0.14249842  40.00000000  1994.61665948  0.99000000
0.14249842  38.00000000  0.14249842  40.00000000  1994.61665948  0.99000000
0.14249842  38.00000000  0.14249842  40.00000000  1994.61665948  0.99000000
0.14249842  38.00000000  0.14249842  40.00000000  1994.61665948  0.99000000
0.00088637  38.00000000  0.00088637  40.00000000  1992.18779474  0.99000000
0.13626734  38.00000000  0.13626734  40.00000000  1994.48726779  0.99000000
0.14249842  38.00000000  0.14249842  40.00000000  1994.61665948  0.99000000
0.14249842  38.00000000  0.14249842  40.00000000  1994.61665948  0.99000000
0.14249842  38.00000000  0.14249842  40.00000000  1994.61665948  0.99000000
0.14249842  38.00000000  0.14249842  40.00000000  1994.61665948  0.99000000
0.14249842  38.00000000  0.14249842  40.00000000  1994.61665948  0.99000000
0.14249842  38.00000000  0.14249842  40.00000000  1994.61665948  0.99000000
0.08601814  38.00000000  0.08601814  40.00000000  1385.50907269  0.99000000
0.14249842  38.00000000  0.14249842  40.00000000  1994.57195701  0.99000000
0.01012505  36.00000000  0.00628268  40.00000000  1992.20990606  0.99000000
0.14249842  38.00000000  0.14249842  40.00000000  1994.61665948  0.99000000
0.14249842  38.00000000  0.14249842  40.00000000  1994.61665948  0.99000000
0.12936738  38.00000000  0.12936738  40.00000000  1982.90878825  0.99000000
0.14249842  38.00000000  0.14249842  40.00000000  1994.61665948  0.99000000
0.14249842  38.00000000  0.14249842  40.00000000  1994.61665948  0.99000000
0.14249842  38.00000000  0.14249842  40.00000000  1994.61665948  0.99000000
0.06384196  31.00000000  0.05003672  40.00000000  2002.29578814  0.99000000
0.14249842  38.00000000  0.14249842  40.00000000  1994.61665948  0.99000000
0.14249842  38.00000000  0.14249842  40.00000000  1994.61665948  0.99000000
0.03583261  38.00000000  0.03583261  40.00000000  1940.59388005  0.99000000
0.14249842  38.00000000  0.14249842  40.00000000  1994.61665948  0.99000000
0.05609352  38.00000000  0.05609352  40.00000000  1992.45943895  0.99000000
0.14249842  38.00000000  0.14249842  40.00000000  1994.61665948  0.99000000
0.14249842  38.00000000  0.14249842  40.00000000  1994.61665948  0.99000000
0.14249842  38.00000000  0.14249842  40.00000000  1994.61665948  0.99000000
0.03125895  38.00000000  0.03125895  40.00000000  1876.48703745  0.99000000
0.14244030  38.00000000  0.14244030  40.00000000  1994.52832872  0.99000000
0.14249842  38.00000000  0.14249842  40.00000000  1994.61665948  0.99000000
0.17315290  38.00000000  0.17315290  40.00000000  2020.36052271  0.99000000
0.00542142  38.00000000  0.00542142  40.00000000  1852.67447758  0.99000000
0.14249842  38.00000000  0.14249842  40.00000000  1994.61665948  0.99000000
0.14249842  38.00000000  0.14249842  40.00000000  1994.61665948  0.99000000
0.00901565  38.00000000  0.00901565  40.00000000  1872.95224146  0.99000000
0.14249842  38.00000000  0.14249842  40.00000000  1994.59083052  0.99000000
0.14249842  38.00000000  0.14249842  40.00000000  1994.61665948  0.99000000
0.14249842  38.00000000  0.14249842  40.00000000  1994.61665948  0.99000000
0.14249842  38.00000000  0.14249842  40.00000000  1994.61665948  0.99000000
0.11992453  38.00000000  0.11992453  40.00000000  1994.37968345  0.99000000
0.14249842  38.00000000  0.14249842  40.00000000  1994.61665948  0.99000000
0.15112441  38.00000000  0.15112441  40.00000000  2009.92018588  0.99000000
0.09332803  37.00000000  0.09130223  40.00000000  1994.40120324  0.99000000
0.02538661  38.00000000  0.02538661  40.00000000  1869.86694887  0.99000000
0.14249842  38.00000000  0.14249842  40.00000000  1994.61665948  0.99000000
0.12923234  38.00000000  0.12923234  40.00000000  1995.22532127  0.99000000
0.14249842  38.00000000  0.14249842  40.00000000  1994.61665948  0.99000000
0.14249842  38.00000000  0.14249842  40.00000000  1994.61665948  0.99000000
0.31546143  38.00000000  0.31546143  40.00000000  1976.32334729  0.99000000
0.14249842  38.00000000  0.14249842  40.00000000  1994.61665948  0.99000000
0.14249842  38.00000000  0.14249842  40.00000000  1994.61665948  0.99000000
0.06522086  38.00000000  0.06522086  40.00000000  1908.80947848  0.99000000
0.14249842  38.00000000  0.14249842  40.00000000  1994.61665948  0.99000000
0.14249842  38.00000000  0.14249842  40.00000000  1994.61665948  0.99000000
0.02029853  31.00000000  0.01169705  40.00000000  1992.28317284  0.99000000
0.04708276  33.00000000  0.01053648  40.00000000  1992.53135765  0.99000000
0.14249842  38.00000000  0.14249842  40.00000000  1994.61665948  0.99000000
0.14256774  38.00000000  0.14256774  40.00000000  1994.62520391  0.99000000
0.14012215  38.00000000  0.14012215  40.00000000  1995.18391872  0.99000000
0.03896295  38.00000000  0.03896295  40.00000000  1992.37567413  0.99000000
0.14249842  38.00000000  0.14249842  40.00000000  1994.61665948  0.99000000
0.14249842  38.00000000  0.14249842  40.00000000  1994.61665948  0.99000000
0.02605059  38.00000000  0.02605059  40.00000000  1992.25636357  0.99000000
0.14249842  38.00000000  0.14249842  40.00000000  1994.61665948  0.99000000
0.14249758  38.00000000  0.14249758  40.00000000  1994.61737150  0.99000000
0.01494443  29.00000000  0.00653526  40.00000000  1629.89035143  0.99000000
0.14249842  38.00000000  0.14249842  40.00000000  1994.61665948  0.99000000
0.11296338  38.00000000  0.11296338  40.00000000  1992.41583667  0.99000000
0.14249842  38.00000000  0.14249842  40.00000000  1994.61665948  0.99000000
0.14249842  38.00000000  0.14249842  40.00000000  1994.61665948  0.99000000
0.24163239  38.00000000  0.24163239  40.00000000  2001.81590614  0.99000000
0.14249842  38.00000000  0.14249842  40.00000000  1994.61665948  0.99000000
0.14249842  38.00000000  0.14249842  40.00000000  1994.61665948  0.99000000
0.14249842  38.00000000  0.14249842  40.00000000  1994.61665948  0.99000000
0.14249842  38.00000000  0.14249842  40.00000000  1994.61665948  0.99000000
0.00793609  28.00000000  0.00645848  40.00000000  1993.67441987  0.99000000
0.14249842  38.00000000  0.14249842  40.00000000  1994.61665948  0.99000000
0.14249842  38.00000000  0.14249842  40.00000000  1994.61665948  0.99000000
0.14249842  38.00000000  0.14249842  40.00000000  1994.61665948  0.99000000
0.14249842  38.00000000  0.14249842  40.00000000  1994.61665948  0.99000000
0.05220641  38.00000000  0.05220641  40.00000000  1992.45876956  0.99000000
0.14249842  38.00000000  0.14249842  40.00000000  1994.61665948  0.99000000
0.14249842  38.00000000  0.14249842  40.00000000  1994.61665948  0.99000000
0.14249842  38.00000000  0.14249842  40.00000000  1994.61665948  0.99000000
0.14249842  38.00000000  0.14249842  40.00000000  1994.61665948  0.99000000
0.14249842  38.00000000  0.14249842  40.00000000  1994.61665948  0.99000000
0.13748602  38.00000000  0.13748602  40.00000000  1994.81890717  0.99000000
0.14249842  38.00000000  0.14249842  40.00000000  1994.61665948  0.99000000
0.14249842  38.00000000  0.14249842  40.00000000  1994.61665948  0.99000000
0.14249842  38.00000000  0.14249842  40.00000000  1994.61665948  0.99000000
0.09442206  37.00000000  0.08863855  40.00000000  1993.78688855  0.99000000
0.14249842  38.00000000  0.14249842  40.00000000  1994.61665948  0.99000000
0.12966317  38.00000000  0.12966317  40.00000000  1995.06822626  0.99000000
0.10081071  37.00000000  0.09816319  40.00000000  1994.10020302  0.99000000
0.14249842  38.00000000  0.14249842  40.00000000  1994.61665948  0.99000000
0.14249842  38.00000000  0.14249842  40.00000000  1994.61665948  0.99000000
0.14249842  38.00000000  0.14249842  40.00000000  1994.61665948  0.99000000
0.10494938  38.00000000  0.10494938  40.00000000  1993.79271352  0.99000000
0.14249842  38.00000000  0.14249842  40.00000000  1994.61665948  0.99000000
0.06933121  38.00000000  0.06933121  40.00000000  2067.95055150  0.99000000
0.14249842  38.00000000  0.14249842  40.00000000  1994.61665948  0.99000000
0.14249842  38.00000000  0.14249842  40.00000000  1994.61665948  0.99000000
0.14249842  38.00000000  0.14249842  40.00000000  1994.61665948  0.99000000
0.14500165  38.00000000  0.14500165  40.00000000  1994.80174103  0.99000000
0.14249842  38.00000000  0.14249842  40.00000000  1994.61665948  0.99000000
0.14249842  38.00000000  0.14249842  40.00000000  1994.61665948  0.99000000
0.14130923  38.00000000  0.14130923  40.00000000  2027.32972883  0.99000000
0.12906972  38.00000000  0.12906972  40.00000000  1982.82019820  0.99000000
0.14249842  38.00000000  0.14249842  40.00000000  1994.61665948  0.99000000
0.14249842  38.00000000  0.14249842  40.00000000  1994.61665948  0.99000000
0.14029678  38.00000000  0.14029678  40.00000000  1994.60670223  0.99000000
0.14249842  38.00000000  0.14249842  40.00000000  1994.61665948  0.99000000
0.14248796  38.00000000  0.14248796  40.00000000  1994.61800618  0.99000000
0.14249842  38.00000000  0.14249842  40.00000000  1994.61665948  0.99000000
0.10428033  37.00000000  0.09994724  40.00000000  1995.22084041  0.99000000
0.14249842  38.00000000  0.14249842  40.00000000  1994.61665948  0.99000000
0.14937403  38.00000000  0.14937403  40.00000000  1996.73166341  0.99000000
0.14249842  38.00000000  0.14249842  40.00000000  1994.61665948  0.99000000
0.14249842  38.00000000  0.14249842  40.00000000  1994.61665948  0.99000000
0.14249842  38.00000000  0.14249842  40.00000000  1994.61665948  0.99000000
0.14249842  38.00000000  0.14249842  40.00000000  1994.61665948  0.99000000
0.14249842  38.00000000  0.14249842  40.00000000  1994.61665948  0.99000000
0.14249842  38.00000000  0.14249842  40.00000000  1994.61665948  0.99000000
0.14249842  38.00000000  0.14249842  40.00000000  1994.61665948  0.99000000
0.13335135  38.00000000  0.13335135  40.00000000  1986.22903242  0.99000000
0.14249842  38.00000000  0.14249842  40.00000000  1994.61665948  0.99000000
0.14249842  38.00000000  0.14249842  40.00000000  1994.61665948  0.99000000
0.14249842  38.00000000  0.14249842  40.00000000  1994.61665948  0.99000000
0.13900569  38.00000000  0.13900569  40.00000000  1994.58567255  0.99000000
0.14249842  38.00000000  0.14249842  40.00000000  1994.61665948  0.99000000
0.10072006  37.00000000  0.09869244  40.00000000  1993.96394533  0.99000000
0.14249842  38.00000000  0.14249842  40.00000000  1994.61665948  0.99000000
0.00088637  38.00000000  0.00088637  40.00000000  1992.18779474  0.99000000
0.14249842  38.00000000  0.14249842  40.00000000  1994.61665948  0.99000000
0.14249842  38.00000000  0.14249842  40.00000000  1994.61665948  0.99000000
0.09244144  38.00000000  0.09244144  40.00000000  1995.21222656  0.99000000
0.00713120  38.00000000  0.00713120  40.00000000  1180.66310223  0.99000000
0.14249842  38.00000000  0.14249842  40.00000000  1994.61665948  0.99000000
0.14412174  38.00000000  0.14412174  40.00000000  1997.73556647  0.99000000
0.14249842  38.00000000  0.14249842  40.00000000  1994.61665948  0.99000000
0.14249842  38.00000000  0.14249842  40.00000000  1994.61665948  0.99000000
0.87685051  38.00000000  0.87685051  40.00000000  1760.93905279  0.99000000
0.14249842  38.00000000  0.14249842  40.00000000  1994.61665948  0.99000000
0.14249842  38.00000000  0.14249842  40.00000000  1994.61665948  0.99000000
0.29934879  37.00000000  0.29789641  40.00000000  1833.22215738  0.99000000
0.09538810  38.00000000  0.09538810  40.00000000  1923.68868605  0.99000000
0.14249842  38.00000000  0.14249842  40.00000000  1994.61665948  0.99000000
0.14249842  38.00000000  0.14249842  40.00000000  1994.61665948  0.99000000
0.14249842  38.00000000  0.14249842  40.00000000  1994.61665948  0.99000000
0.14218413  38.00000000  0.14218413  40.00000000  1994.40267422  0.99000000
0.14249842  38.00000000  0.14249842  40.00000000  1994.61665948  0.99000000
0.14249842  38.00000000  0.14249842  40.00000000  1994.61665948  0.99000000
0.14248024  38.00000000  0.14248024  40.00000000  1994.50196360  0.99000000
0.14249842  38.00000000  0.14249842  40.00000000  1994.61665948  0.99000000
0.01021913  30.00000000  0.00597466  40.00000000  1992.44095862  0.99000000
0.14246890  38.00000000  0.14246890  40.00000000  1994.62552084  0.99000000
0.07440931  38.00000000  0.07440931  40.00000000  1177.88480305  0.99000000
0.14249842  38.00000000  0.14249842  40.00000000  1994.61665948  0.99000000
0.14249842  38.00000000  0.14249842  40.00000000  1994.61665948  0.99000000
0.14157569  38.00000000  0.14157569  40.00000000  1992.21068154  0.99000000
0.14249842  38.00000000  0.14249842  40.00000000  1994.61665948  0.99000000
0.14249842  38.00000000  0.14249842  40.00000000  1994.61665948  0.99000000
0.14249842  38.00000000  0.14249842  40.00000000  1994.61665948  0.99000000
0.14249842  38.00000000  0.14249842  40.00000000  1994.61665948  0.99000000
0.14249842  38.00000000  0.14249842  40.00000000  1994.61665948  0.99000000
0.14249842  38.00000000  0.14249842  40.00000000  1994.61665948  0.99000000
0.14249842  38.00000000  0.14249842  40.00000000  1994.61665948  0.99000000
0.14249842  38.00000000  0.14249842  40.00000000  1994.61665948  0.99000000
0.05614919  36.00000000  0.05054558  40.00000000  1981.65270105  0.99000000
0.14249842  38.00000000  0.14249842  40.00000000  1994.61665948  0.99000000
0.04519522  38.00000000  0.04519522  40.00000000  1897.15604391  0.99000000
0.14249842  38.00000000  0.14249842  40.00000000  1994.61665948  0.99000000
0.14249842  38.00000000  0.14249842  40.00000000  1994.61665948  0.99000000
0.14249842  38.00000000  0.14249842  40.00000000  1994.61665948  0.99000000
0.14249842  38.00000000  0.14249842  40.00000000  1994.61665948  0.99000000
0.14249842  38.00000000  0.14249842  40.00000000  1994.61665948  0.99000000
0.14249842  38.00000000  0.14249842  40.00000000  1994.61665948  0.99000000
0.14249842  38.00000000  0.14249842  40.00000000  1994.61665948  0.99000000
0.14249842  38.00000000  0.14249842  40.00000000  1994.61665948  0.99000000
0.14249842  38.00000000  0.14249842  40.00000000  1994.61665948  0.99000000
0.14249842  38.00000000  0.14249842  40.00000000  1994.61665948  0.99000000
0.14311255  38.00000000  0.14311255  40.00000000  1994.73678773  0.99000000
0.14249842  38.00000000  0.14249842  40.00000000  1994.61665948  0.99000000
0.02735738  38.00000000  0.02735738  40.00000000  1529.21835559  0.99000000
0.14249842  38.00000000  0.14249842  40.00000000  1994.61665948  0.99000000
0.14068805  38.00000000  0.14068805  40.00000000  1994.57058976  0.99000000
0.14249842  38.00000000  0.14249842  40.00000000  1994.61665948  0.99000000
0.14249842  38.00000000  0.14249842  40.00000000  1994.61665948  0.99000000
0.14249842  38.00000000  0.14249842  40.00000000  1994.61665948  0.99000000
0.14149235  38.00000000  0.14149235  40.00000000  2023.23851618  0.99000000
0.14249842  38.00000000  0.14249842  40.00000000  1994.61665948  0.99000000
0.14249842  38.00000000  0.14249842  40.00000000  1994.61665948  0.99000000
0.24183823  33.00000000  0.23504751  40.00000000  2087.92942904  0.99000000
0.14249842  38.00000000  0.14249842  40.00000000  1994.61665948  0.99000000
0.14249842  38.00000000  0.14249842  40.00000000  1994.61665948  0.99000000
0.14249842  38.00000000  0.14249842  40.00000000  1994.61665948  0.99000000
0.14249842  38.00000000  0.14249842  40.00000000  1994.61665948  0.99000000
0.14249842  38.00000000  0.14249842  40.00000000  1994.61665948  0.99000000
0.14249842  38.00000000  0.14249842  40.00000000  1994.61665948  0.99000000
0.14249842  38.00000000  0.14249842  40.00000000  1994.61665948  0.99000000
0.14244030  38.00000000  0.14244030  40.00000000  1994.52832872  0.99000000
0.06933121  38.00000000  0.06933121  40.00000000  2067.95055145  0.99000000
0.14249842  38.00000000  0.14249842  40.00000000  1994.61665948  0.99000000
0.14249842  38.00000000  0.14249842  40.00000000  1994.61665948  0.99000000
0.13129283  38.00000000  0.13129283  40.00000000  1830.58750629  0.99000000
0.10072006  37.00000000  0.09869244  40.00000000  1993.96394533  0.99000000
0.14253465  38.00000000  0.14253465  40.00000000  1994.61734266  0.99000000
0.14249842  38.00000000  0.14249842  40.00000000  1994.61665948  0.99000000
0.14249842  38.00000000  0.14249842  40.00000000  1994.61665948  0.99000000
0.14249842  38.00000000  0.14249842  40.00000000  1994.61665948  0.99000000
0.14249842  38.00000000  0.14249842  40.00000000  1994.61665948  0.99000000
0.02181895  34.00000000  0.02044270  40.00000000  2013.16369011  0.99000000
0.14249842  38.00000000  0.14249842  40.00000000  1994.61665948  0.99000000
0.09248150  38.00000000  0.09248150  40.00000000  1995.00295055  0.99000000
0.14249842  38.00000000  0.14249842  40.00000000  1994.61665948  0.99000000
0.02181895  34.00000000  0.02044270  40.00000000  2013.16369011  0.99000000
0.14249842  38.00000000  0.14249842  40.00000000  1994.61665948  0.99000000
0.14249842  38.00000000  0.14249842  40.00000000  1994.61665948  0.99000000
0.05220641  38.00000000  0.05220641  40.00000000  1992.45876956  0.99000000
0.14249842  38.00000000  0.14249842  40.00000000  1994.61665948  0.99000000
0.14249842  38.00000000  0.14249842  40.00000000  1994.61665948  0.99000000
0.14249842  38.00000000  0.14249842  40.00000000  1994.61665948  0.99000000
0.14249842  38.00000000  0.14249842  40.00000000  1994.61665948  0.99000000
0.13272358  38.00000000  0.13272358  40.00000000  1995.04437059  0.99000000
0.14249842  38.00000000  0.14249842  40.00000000  1994.61665948  0.99000000
0.14249842  38.00000000  0.14249842  40.00000000  1994.61665948  0.99000000
0.14249842  38.00000000  0.14249842  40.00000000  1994.61665948  0.99000000
0.14249842  38.00000000  0.14249842  40.00000000  1994.61665948  0.99000000
0.03978340  37.00000000  0.03903898  40.00000000  2067.63629882  0.99000000
0.14249842  38.00000000  0.14249842  40.00000000  1994.61665948  0.99000000
0.14218426  38.00000000  0.14218426  40.00000000  1994.40267925  0.99000000
0.14249842  38.00000000  0.14249842  40.00000000  1994.61665948  0.99000000
0.14249842  38.00000000  0.14249842  40.00000000  1994.61665948  0.99000000
0.14249842  38.00000000  0.14249842  40.00000000  1994.61665948  0.99000000
0.14249842  38.00000000  0.14249842  40.00000000  1994.61665948  0.99000000
0.02778555  37.00000000  0.02565563  40.00000000  1940.73347651  0.99000000
0.14230202  38.00000000  0.14230202  40.00000000  1994.78991399  0.99000000
0.12341701  37.00000000  0.12286917  40.00000000  2027.31230959  0.99000000
0.14249842  38.00000000  0.14249842  40.00000000  1994.61665948  0.99000000
0.14249842  38.00000000  0.14249842  40.00000000  1994.61665948  0.99000000
0.14249842  38.00000000  0.14249842  40.00000000  1994.61665948  0.99000000
0.14249842  38.00000000  0.14249842  40.00000000  1994.61665948  0.99000000
0.14249842  38.00000000  0.14249842  40.00000000  1994.61665948  0.99000000
0.14249842  38.00000000  0.14249842  40.00000000  1994.61665948  0.99000000
0.02029853  31.00000000  0.01169705  40.00000000  1992.28317284  0.99000000
0.09372540  38.00000000  0.09372540  40.00000000  1993.38612441  0.99000000
0.02778555  37.00000000  0.02565563  40.00000000  1940.73347651  0.99000000
0.14249842  38.00000000  0.14249842  40.00000000  1994.61665948  0.99000000
0.14249842  38.00000000  0.14249842  40.00000000  1994.61665948  0.99000000
0.14249842  38.00000000  0.14249842  40.00000000  1994.61665948  0.99000000
0.14249842  38.00000000  0.14249842  40.00000000  1994.61665948  0.99000000
0.00686196  38.00000000  0.00686196  40.00000000  1500.24971700  0.99000000
0.31523211  38.00000000  0.31523211  40.00000000  1976.08506699  0.99000000
0.14249842  38.00000000  0.14249842  40.00000000  1994.61665948  0.99000000
0.14249842  38.00000000  0.14249842  40.00000000  1994.61665948  0.99000000
0.14249842  38.00000000  0.14249842  40.00000000  1994.61665948  0.99000000
0.14249842  38.00000000  0.14249842  40.00000000  1994.61665948  0.99000000
0.14249842  38.00000000  0.14249842  40.00000000  1994.61665948  0.99000000
0.14249842  38.00000000  0.14249842  40.00000000  1994.61665948  0.99000000
0.31546143  38.00000000  0.31546143  40.00000000  1976.32334729  0.99000000
0.14249842  38.00000000  0.14249842  40.00000000  1994.61665948  0.99000000
0.14249842  38.00000000  0.14249842  40.00000000  1994.61665948  0.99000000
0.14249842  38.00000000  0.14249842  40.00000000  1994.61665948  0.99000000
0.14249842  38.00000000  0.14249842  40.00000000  1994.61665948  0.99000000
0.57909253  36.00000000  0.52324115  40.00000000  1933.63528503  0.99000000
0.14249842  38.00000000  0.14249842  40.00000000  1994.61665948  0.99000000
0.14249842  38.00000000  0.14249842  40.00000000  1994.61665948  0.99000000
0.14246890  38.00000000  0.14246890  40.00000000  1994.62552084  0.99000000
0.14249842  38.00000000  0.14249842  40.00000000  1994.61665948  0.99000000
0.14249842  38.00000000  0.14249842  40.00000000  1994.61665948  0.99000000
0.14166869  38.00000000  0.14166869  40.00000000  2023.56499549  0.99000000
0.03234740  32.00000000  0.02160818  40.00000000  1992.47812952  0.99000000
0.14249842  38.00000000  0.14249842  40.00000000  1994.61665948  0.99000000
0.14249842  38.00000000  0.14249842  40.00000000  1994.61665948  0.99000000
0.18952164  38.00000000  0.18952164  40.00000000  1996.97382726  0.99000000
0.13447183  38.00000000  0.13447183  40.00000000  1969.27530470  0.99000000
0.14248024  38.00000000  0.14248024  40.00000000  1994.50196360  0.99000000
0.14937066  38.00000000  0.14937066  40.00000000  1996.72913066  0.99000000
0.14249842  38.00000000  0.14249842  40.00000000  1994.61665948  0.99000000
0.14249842  38.00000000  0.14249842  40.00000000  1994.61665948  0.99000000
0.14249842  38.00000000  0.14249842  40.00000000  1994.61665948  0.99000000
0.14249842  38.00000000  0.14249842  40.00000000  1994.61665948  0.99000000
0.11837679  38.00000000  0.11837679  40.00000000  1828.69396620  0.99000000
0.14249842  38.00000000  0.14249842  40.00000000  1994.61665948  0.99000000
0.13398343  38.00000000  0.13398343  40.00000000  1994.53122075  0.99000000
0.14249842  38.00000000  0.14249842  40.00000000  1994.61665948  0.99000000
0.14249842  38.00000000  0.14249842  40.00000000  1994.61665948  0.99000000
0.14249842  38.00000000  0.14249842  40.00000000  1994.61665948  0.99000000
0.14249842  38.00000000  0.14249842  40.00000000  1994.61665948  0.99000000
0.14249842  38.00000000  0.14249842  40.00000000  1994.61665948  0.99000000
0.06324158  36.00000000  0.05681974  40.00000000  1993.12058359  0.99000000
0.14249842  38.00000000  0.14249842  40.00000000  1994.61665948  0.99000000
0.14249860  38.00000000  0.14249860  40.00000000  1994.45984095  0.99000000
0.14730160  38.00000000  0.14730160  40.00000000  1994.81526714  0.99000000
0.13303375  38.00000000  0.13303375  40.00000000  1994.56083318  0.99000000
0.14249842  38.00000000  0.14249842  40.00000000  1994.61665948  0.99000000
0.14249842  38.00000000  0.14249842  40.00000000  1994.61665948  0.99000000
0.14249842  38.00000000  0.14249842  40.00000000  1994.61665948  0.99000000
0.14249842  38.00000000  0.14249842  40.00000000  1994.61665948  0.99000000
0.14249842  38.00000000  0.14249842  40.00000000  1994.61665948  0.99000000
0.14249842  38.00000000  0.14249842  40.00000000  1994.61665948  0.99000000
0.14249842  38.00000000  0.14249842  40.00000000  1994.61665948  0.99000000
0.14249842  38.00000000  0.14249842  40.00000000  1994.61665948  0.99000000
0.14249842  38.00000000  0.14249842  40.00000000  1994.61665948  0.99000000
0.14249842  38.00000000  0.14249842  40.00000000  1994.61665948  0.99000000
0.14249842  38.00000000  0.14249842  40.00000000  1994.61665948  0.99000000
0.14249842  38.00000000  0.14249842  40.00000000  1994.61665948  0.99000000
0.14249842  38.00000000  0.14249842  40.00000000  1994.61665948  0.99000000
0.14249842  38.00000000  0.14249842  40.00000000  1994.61665948  0.99000000
0.14249842  38.00000000  0.14249842  40.00000000  1994.61665948  0.99000000
0.14249842  38.00000000  0.14249842  40.00000000  1994.61665948  0.99000000
0.14249842  38.00000000  0.14249842  40.00000000  1994.61665948  0.99000000
0.14249842  38.00000000  0.14249842  40.00000000  1994.61665948  0.99000000
0.14249842  38.00000000  0.14249842  40.00000000  1994.61665948  0.99000000
0.14249842  38.00000000  0.14249842  40.00000000  1994.61665948  0.99000000
0.14249842  38.00000000  0.14249842  40.00000000  1994.61665948  0.99000000
0.14937403  38.00000000  0.14937403  40.00000000  1996.73166341  0.99000000
0.14249842  38.00000000  0.14249842  40.00000000  1994.61665948  0.99000000
0.08577573  38.00000000  0.08577573  40.00000000  1992.96755809  0.99000000
0.14249842  38.00000000  0.14249842  40.00000000  1994.61665948  0.99000000
0.14249842  38.00000000  0.14249842  40.00000000  1994.61665948  0.99000000
0.14249842  38.00000000  0.14249842  40.00000000  1994.61665948  0.99000000
0.14249842  38.00000000  0.14249842  40.00000000  1994.61665948  0.99000000
0.14249842  38.00000000  0.14249842  40.00000000  1994.61665948  0.99000000
0.05482961  38.00000000  0.05482961  40.00000000  2000.92528402  0.99000000
0.06324158  36.00000000  0.05681974  40.00000000  1993.12058359  0.99000000
0.03003338  30.00000000  0.01813992  40.00000000  2007.81200542  0.99000000
0.14249842  38.00000000  0.14249842  40.00000000  1994.61665948  0.99000000
0.14249842  38.00000000  0.14249842  40.00000000  1994.61665948  0.99000000
0.14249842  38.00000000  0.14249842  40.00000000  1994.61665948  0.99000000
0.14249842  38.00000000  0.14249842  40.00000000  1994.61665948  0.99000000
0.14249842  38.00000000  0.14249842  40.00000000  1994.61665948  0.99000000
0.14249842  38.00000000  0.14249842  40.00000000  1994.61665948  0.99000000
0.14249842  38.00000000  0.14249842  40.00000000  1994.61665948  0.99000000
0.15565820  38.00000000  0.15565820  40.00000000  1993.35309950  0.99000000
0.14249842  38.00000000  0.14249842  40.00000000  1994.61665948  0.99000000
0.14249842  38.00000000  0.14249842  40.00000000  1994.61665948  0.99000000
0.14249842  38.00000000  0.14249842  40.00000000  1994.61665948  0.99000000
0.14249842  38.00000000  0.14249842  40.00000000  1994.61665948  0.99000000
0.14249842  38.00000000  0.14249842  40.00000000  1994.61665948  0.99000000
0.06429709  34.00000000  0.01063841  40.00000000  1992.83169968  0.99000000
0.14249842  38.00000000  0.14249842  40.00000000  1994.61665948  0.99000000
0.04648726  37.00000000  0.04448863  40.00000000  2014.77995686  0.99000000
0.14249842  38.00000000  0.14249842  40.00000000  1994.61665948  0.99000000
0.14249860  38.00000000  0.14249860  40.00000000  1994.45984095  0.99000000
0.02234559  38.00000000  0.02234559  40.00000000  1992.23292516  0.99000000
0.14249842  38.00000000  0.14249842  40.00000000  1994.61665948  0.99000000
0.14249842  38.00000000  0.14249842  40.00000000  1994.61665948  0.99000000
0.14249842  38.00000000  0.14249842  40.00000000  1994.61665948  0.99000000
0.14249842  38.00000000  0.14249842  40.00000000  1994.61665948  0.99000000
0.14249842  38.00000000  0.14249842  40.00000000  1994.61665948  0.99000000
0.07372980  38.00000000  0.07372980  40.00000000  2005.02721647  0.99000000
0.00026911  32.00000000  0.00014793  40.00000000  2188.04103030  0.99000000
0.17174554  38.00000000  0.17174554  40.00000000  2015.65385481  0.99000000
0.16044056  38.00000000  0.16044056  40.00000000  1979.38390108  0.99000000
0.00026911  32.00000000  0.00014632  40.00000000  2188.04103029  0.99000000
0.00026304  32.00000000  0.00015169  40.00000000  2189.88444536  0.99000000
0.00026911  32.00000000  0.00014793  40.00000000  2188.04103030  0.99000000
0.00026911  32.00000000  0.00014793  40.00000000  2188.04103030  0.99000000
0.00026911  32.00000000  0.00017807  40.00000000  2188.04103071  0.99000000
0.00026911  32.00000000  0.00014793  40.00000000  2188.04103030  0.99000000
0.00026911  32.00000000  0.00014928  40.00000000  2188.04103036  0.99000000
0.03294537  38.00000000  0.03294537  40.00000000  2060.66892934  0.99000000
0.00145627  38.00000000  0.00145627  40.00000000  2060.62732813  0.99000000
0.00026693  32.00000000  0.00015196  40.00000000  2662.82144761  0.99000000
0.00025779  33.00000000  0.00016335  40.00000000  2631.55684454  0.99000000
0.00397174  38.00000000  0.00397174  40.00000000  2360.78941401  0.99000000
0.31345088  38.00000000  0.31345088  40.00000000  2569.30991879  0.99000000
0.00035561  38.00000000  0.00035561  40.00000000  2631.55685470  0.99000000
0.41515401  37.00000000  0.41511122  40.00000000  2663.89637215  0.99000000
0.52496099  37.00000000  0.50008512  40.00000000  2767.44652197  0.99000000
0.00611064  38.00000000  0.00611064  40.00000000  2252.30044390  0.99000000
0.03551195  38.00000000  0.03551195  40.00000000  1850.64975872  0.99000000
0.16433015  38.00000000  0.16433015  40.00000000  2062.87765049  0.99000000
0.16543116  38.00000000  0.16543116  40.00000000  2063.17949207  0.99000000
0.16146975  38.00000000  0.16146975  40.00000000  2085.83874423  0.99000000
0.19139469  38.00000000  0.19139469  40.00000000  2088.55793521  0.99000000
0.09321082  38.00000000  0.09321082  40.00000000  1776.17053775  0.99000000
0.27836778  38.00000000  0.27836778  40.00000000  2092.49922987  0.99000000
0.15896030  38.00000000  0.15896030  40.00000000  2085.89378090  0.99000000
0.50142115  37.00000000  0.49861137  40.00000000  2762.50064805  0.99000000
0.16254333  38.00000000  0.16254333  40.00000000  2085.76184390  0.99000000
0.16344729  38.00000000  0.16344729  40.00000000  2063.05620527  0.99000000
0.07584374  36.00000000  0.06696581  40.00000000  1887.70347443  0.99000000
0.09145867  38.00000000  0.09145867  40.00000000  2061.12273179  0.99000000
0.20405604  38.00000000  0.20405604  40.00000000  2089.24827810  0.99000000
0.07052476  38.00000000  0.07052476  40.00000000  2102.71645675  0.99000000
0.16146975  38.00000000  0.16146975  40.00000000  2085.83874423  0.99000000
0.20968088  38.00000000  0.20968088  40.00000000  2065.47181406  0.99000000
0.01118839  38.00000000  0.01118839  40.00000000  2679.73531724  0.99000000
0.00662488  38.00000000  0.00662488  40.00000000  2681.38143953  0.99000000
0.09305861  38.00000000  0.09305861  40.00000000  2084.79444940  0.99000000
0.16540198  38.00000000  0.16540198  40.00000000  2063.12752056  0.99000000
0.16178072  38.00000000  0.16178072  40.00000000  2033.38232396  0.99000000
0.00991874  38.00000000  0.00991874  40.00000000  1706.52710801  0.99000000
0.26718422  38.00000000  0.26718422  40.00000000  2068.80038322  0.99000000
0.19085396  38.00000000  0.19085396  40.00000000  2088.48302712  0.99000000
0.19087005  38.00000000  0.19087005  40.00000000  2064.15774789  0.99000000
0.11638343  38.00000000  0.11638343  40.00000000  2084.92720988  0.99000000
0.17657494  38.00000000  0.17657494  40.00000000  2087.99284099  0.99000000
0.20328599  38.00000000  0.20328599  40.00000000  2088.98645809  0.99000000
0.25235231  38.00000000  0.25235231  40.00000000  2096.87392815  0.99000000
0.23975949  38.00000000  0.23975949  40.00000000  2095.18616094  0.99000000
0.00007960  31.00000000  0.00000893  40.00000000  2063.97930821  0.99000000
0.12085257  38.00000000  0.12085257  40.00000000  2090.19105529  0.99000000
0.18612130  38.00000000  0.18612130  40.00000000  2114.37078580  0.99000000
0.29780451  38.00000000  0.29780451  40.00000000  2098.48312260  0.99000000
0.04284837  37.00000000  0.03874475  40.00000000  2089.35001115  0.99000000
0.15988017  38.00000000  0.15988017  40.00000000  2063.93221533  0.99000000
0.18986100  38.00000000  0.18986100  40.00000000  2088.45496039  0.99000000
0.09038326  38.00000000  0.09038326  40.00000000  2089.79539801  0.99000000
0.00143053  38.00000000  0.00143053  40.00000000  2101.86086718  0.99000000
0.26727685  38.00000000  0.26727685  40.00000000  2090.60874796  0.99000000
0.10769330  38.00000000  0.10769330  40.00000000  2086.73104920  0.99000000
0.00249131  38.00000000  0.00249131  40.00000000  1953.44639536  0.99000000
0.04607431  38.00000000  0.04607431  40.00000000  2065.22271618  0.99000000
0.20332834  38.00000000  0.20332834  40.00000000  2089.05020217  0.99000000
0.08804221  38.00000000  0.08804221  40.00000000  2089.74169551  0.99000000
0.06958890  38.00000000  0.06958890  40.00000000  2109.10048038  0.99000000
0.20332834  38.00000000  0.20332834  40.00000000  2089.05020217  0.99000000
0.18940755  38.00000000  0.18940755  40.00000000  2088.56538621  0.99000000
0.16398442  38.00000000  0.16398442  40.00000000  2087.98706485  0.99000000
0.17287601  38.00000000  0.17287601  40.00000000  2088.73475319  0.99000000
0.05113530  34.00000000  0.03250377  40.00000000  2084.55733203  0.99000000
0.08255673  38.00000000  0.08255673  40.00000000  2085.77506185  0.99000000
0.05951983  35.00000000  0.03963288  40.00000000  2098.62542231  0.99000000
0.22929126  38.00000000  0.22929126  40.00000000  2090.15400110  0.99000000
0.00845766  38.00000000  0.00845766  40.00000000  2106.65805885  0.99000000
0.11943956  38.00000000  0.11943956  40.00000000  2086.00423090  0.99000000
0.06528704  38.00000000  0.06528704  40.00000000  2099.94151722  0.99000000
0.00183808  38.00000000  0.00183808  40.00000000  2101.86007942  0.99000000
0.00510986  38.00000000  0.00510986  40.00000000  2106.64549432  0.99000000
0.00965527  38.00000000  0.00965527  40.00000000  2084.77975423  0.99000000
0.01443736  38.00000000  0.01443736  40.00000000  2085.38158008  0.99000000
0.01061458  38.00000000  0.01061458  40.00000000  2101.86799390  0.99000000
0.00056699  38.00000000  0.00056699  40.00000000  2083.90988151  0.99000000
0.00031550  36.00000000  0.00018877  40.00000000  2099.52344672  0.99000000
0.00041851  36.00000000  0.00039817  40.00000000  2090.57713376  0.99000000
0.00431818  38.00000000  0.00431818  40.00000000  2099.52462900  0.99000000
0.08424371  38.00000000  0.08424371  40.00000000  2099.33052025  0.99000000
0.03472154  38.00000000  0.03472154  40.00000000  2084.98303472  0.99000000
0.06941430  38.00000000  0.06941430  40.00000000  2085.41298428  0.99000000
0.01367651  38.00000000  0.01367651  40.00000000  2084.78774657  0.99000000
0.02745939  38.00000000  0.02745939  40.00000000  2089.08455514  0.99000000
0.01475690  38.00000000  0.01475690  40.00000000  2101.87529820  0.99000000
0.01064998  36.00000000  0.00675592  40.00000000  2084.79406101  0.99000000
0.00152788  38.00000000  0.00152788  40.00000000  2060.45616397  0.99000000
0.00323718  38.00000000  0.00323718  40.00000000  2084.77379863  0.99000000
0.00976124  38.00000000  0.00976124  40.00000000  2084.89534065  0.99000000
0.01359917  38.00000000  0.01359917  40.00000000  2084.89880799  0.99000000
0.00068054  38.00000000  0.00068054  40.00000000  2098.75392405  0.99000000
0.00100233  37.00000000  0.00095359  40.00000000  2101.85996794  0.99000000
