15
7
14
7
21
20
35
36
21
34
35
33
36
31
1
1
1
36
1
24
2
2
2
12
12
3
3
3
20
1
4
4
4
27
5
2
5
5
16
6
6
6
17
23
7
23
7
18
8
8
19
19
9
25
9
26
10
20
10
10
33
11
0
11
12
30
22
12
8
13
12
13
28
14
14
14
25
15
10
15
15
16
16
16
27
36
34
17
36
18
2
33
18
18
19
19
35
19
30
34
16
20
35
36
21
34
35
12
36
35
23
33
34
35
24
24
18
36
24
24
10
19
26
3
6
1
27
27
4
27
5
22
5
36
9
29
20
25
35
18
30
0
18
8
22
8
35
4
33
35
35
31
35
33
35
35
33
35
35
33
12
35
35
23
35
13
36
35
35
14
35
35
35
35
35
35
36
35
35
35
35
36
35
17
36
35
36
33
36
35
36
36
27
