31
25
22
20
20
19
19
8
31
21
13
14
9
19
22
29
21
1
15
0
1
15
20
11
2
36
36
2
12
30
3
28
23
3
14
4
4
4
14
1
28
5
15
21
23
28
5
6
16
23
1
0
7
17
2
3
29
33
8
31
4
36
19
9
35
34
3
4
10
3
5
36
21
11
32
6
35
12
22
12
12
23
13
36
13
6
24
7
1
24
34
32
15
36
15
30
26
30
30
16
35
35
27
36
13
17
18
31
28
18
34
29
1
18
8
20
34
30
20
20
35
3
35
31
21
14
14
35
19
32
0
36
13
15
33
8
10
3
11
16
34
24
24
25
15
25
35
23
3
3
1
36
8
2
1
28
11
11
4
12
29
5
6
0
6
1
0
7
5
3
3
20
35
8
35
28
35
32
30
35
34
35
35
32
36
15
30
35
35
32
35
36
35
14
36
12
36
9
36
31
5
31
35
35
24
25
35
35
36
35
0
36
35
35
31
35
27
35
36
13
35
1
16
14
35
26
22
35
5
11
