13
31
8
21
28
13
12
22
13
26
9
13
32
15
32
9
22
1
33
10
1
22
17
11
2
0
12
25
20
3
12
3
24
3
34
14
4
27
25
25
5
27
15
3
3
6
16
6
5
27
16
7
35
27
3
7
8
3
18
28
0
9
28
9
19
30
10
2
10
5
21
5
34
11
28
12
36
12
35
12
23
13
29
2
31
13
14
24
14
25
8
15
1
26
25
34
0
27
16
5
5
27
4
17
32
5
28
29
29
9
29
1
29
33
6
3
21
13
30
21
8
36
12
31
32
13
22
9
36
15
33
10
1
33
18
34
36
0
34
9
0
0
26
35
18
3
1
27
27
27
36
18
3
27
15
3
3
6
16
6
21
2
21
7
18
6
3
26
7
36
35
27
36
9
35
36
35
34
36
29
36
12
35
34
31
35
8
36
36
2
35
10
36
32
35
7
27
13
35
29
34
31
35
7
1
36
26
34
35
18
35
5
35
18
35
34
35
27
36
29
36
36
35
18
26
