19
30
11
20
11
9
31
8
28
11
27
26
9
13
16
28
33
1
34
20
1
18
25
2
30
2
35
25
13
3
0
3
21
13
3
4
14
28
4
14
5
5
15
5
20
20
6
1
16
36
6
7
17
24
30
7
36
8
4
19
4
9
36
9
2
10
20
10
3
1
21
11
21
32
32
11
12
33
22
12
1
13
30
33
33
29
24
14
25
4
9
2
15
1
0
26
16
9
16
27
32
27
4
18
8
18
28
1
18
33
29
8
19
7
30
12
20
9
14
0
31
11
1
35
12
1
32
22
33
19
11
12
24
18
24
20
34
2
35
25
13
35
12
35
13
13
25
0
36
17
4
28
5
7
17
28
21
20
27
25
16
20
6
29
17
3
6
17
36
10
36
33
4
9
36
34
32
36
18
35
33
36
35
33
35
32
36
34
36
36
36
36
36
35
35
33
36
31
36
36
7
35
24
2
35
29
36
31
35
9
0
35
5
33
35
29
6
36
35
35
13
9
35
15
1
