19
11
10
30
0
34
20
35
18
19
16
0
22
10
16
0
35
1
14
17
1
32
28
2
30
2
12
19
12
0
3
29
2
19
2
4
27
36
4
23
15
5
26
15
16
36
6
2
2
3
4
7
25
17
4
8
29
24
8
27
25
9
19
7
2
26
20
30
28
21
11
10
21
28
11
35
12
34
5
13
23
13
1
36
9
24
30
14
6
25
15
32
15
35
1
26
35
16
3
27
32
17
33
5
13
28
36
18
9
29
36
1
19
6
8
30
0
34
20
35
36
31
32
8
22
16
35
36
35
12
33
17
12
6
19
34
11
36
25
24
12
0
35
1
2
14
22
27
22
36
4
19
19
4
12
21
21
18
3
17
2
12
24
29
7
19
31
11
36
32
36
35
35
32
35
27
36
20
33
35
20
15
35
11
35
35
18
35
12
7
33
35
20
13
1
36
32
36
24
34
36
32
35
36
15
35
1
15
35
32
11
12
35
36
36
34
13
3
36
34
34
29
36
1
28
