7
30
20
7
8
31
10
19
19
15
12
26
9
28
14
36
1
28
1
10
19
24
1
2
19
2
32
36
2
3
35
0
3
23
26
4
14
4
23
0
22
5
0
16
0
2
6
0
16
2
27
7
28
26
28
26
18
8
33
35
2
2
19
1
19
10
35
10
27
36
21
5
32
1
22
12
11
29
28
23
30
23
13
5
35
24
8
34
35
25
15
36
36
5
26
16
26
26
16
8
2
17
35
0
28
33
28
9
18
33
29
29
35
30
35
20
8
31
10
10
31
15
12
22
32
22
2
9
1
33
5
33
16
24
23
10
34
11
25
5
2
5
35
25
17
23
10
36
13
15
12
17
22
13
26
4
0
20
1
1
16
30
5
7
18
26
34
33
16
36
33
22
34
36
32
30
35
33
35
36
36
36
21
33
35
29
31
12
36
29
36
31
36
36
15
5
35
24
34
34
35
25
15
36
36
2
26
35
32
26
30
35
33
17
35
8
36
6
36
9
18
36
29
16
30
