35
7
12
27
0
13
24
35
36
36
17
7
28
7
7
9
1
32
1
32
16
20
9
35
2
1
26
25
24
26
3
31
26
31
24
36
19
1
4
21
36
5
1
35
3
33
15
3
6
15
30
31
7
31
34
28
8
27
18
4
4
9
19
36
35
26
0
10
33
11
6
3
29
11
34
22
12
3
12
28
23
23
23
13
35
8
24
14
36
24
15
33
15
30
6
16
5
31
26
16
27
17
1
0
18
4
32
28
33
12
29
20
19
29
10
20
0
14
30
35
36
36
31
9
22
7
32
9
32
32
0
3
17
33
11
12
21
21
34
25
8
26
26
7
26
35
8
36
24
22
15
21
36
5
23
0
28
21
17
7
6
2
0
31
5
31
9
23
8
3
36
11
35
28
5
36
4
36
10
33
35
11
26
31
35
10
34
7
35
14
12
36
21
35
23
13
35
6
36
36
36
5
35
24
29
35
6
35
33
36
26
36
35
17
36
34
14
1
35
33
34
36
29
36
34
