8
9
20
9
13
20
8
21
16
31
8
15
8
13
16
16
21
36
1
10
11
26
24
21
2
24
17
20
12
3
22
3
31
13
4
21
14
4
14
26
15
5
28
1
15
6
6
6
17
3
31
7
3
7
1
18
8
18
35
19
8
9
26
4
9
20
2
10
20
6
11
21
11
0
1
6
22
12
7
3
23
35
13
35
35
1
24
14
32
35
3
25
7
7
16
5
26
16
7
27
17
11
1
8
18
28
18
36
10
29
36
19
8
9
20
30
10
20
35
21
31
36
8
15
32
22
36
32
15
4
14
10
11
36
24
15
34
24
17
19
10
35
2
26
26
13
13
2
36
4
28
16
6
5
28
20
15
6
22
24
30
20
31
7
32
7
28
2
35
34
35
35
32
36
26
3
36
8
35
26
36
35
7
32
35
28
30
28
22
35
25
28
33
30
35
0
34
10
35
30
36
35
3
36
12
35
13
35
0
16
36
13
35
11
36
8
9
36
26
36
35
35
35
36
20
