6
10
20
9
18
32
8
31
10
17
31
22
14
20
35
9
23
19
1
33
26
10
26
23
2
25
22
22
19
0
3
34
13
21
36
4
14
4
4
23
5
1
5
26
15
6
22
6
16
16
2
7
26
27
7
18
0
8
18
19
29
9
4
9
0
36
1
10
20
21
11
21
11
3
6
22
12
7
6
3
35
23
2
35
2
13
14
24
25
2
34
9
25
9
16
1
16
26
33
32
27
17
27
32
28
32
5
28
18
8
33
29
6
19
20
13
20
30
34
31
21
7
31
16
0
22
35
32
6
15
17
33
36
23
24
10
2
34
14
24
19
22
0
35
23
21
8
26
36
4
20
36
28
3
5
10
27
6
15
15
16
16
27
30
3
9
25
25
32
36
2
35
34
36
11
35
33
24
35
31
36
36
36
30
36
32
34
36
12
35
36
4
35
23
28
35
32
3
14
35
25
25
34
29
35
8
16
1
13
35
3
26
12
35
30
32
35
32
35
28
36
9
36
29
16
