7
18
23
20
30
11
11
8
31
19
15
33
9
15
31
23
22
1
18
10
1
17
27
24
2
18
29
12
22
19
3
26
35
36
13
4
32
4
36
2
5
27
5
0
2
6
22
6
16
0
16
17
7
23
17
25
1
8
2
31
2
9
19
3
3
6
10
6
26
10
7
21
27
2
11
22
12
36
28
23
13
23
13
2
32
24
0
24
25
3
15
14
26
15
11
1
26
12
34
36
27
32
27
35
17
28
18
14
3
2
29
14
7
6
20
7
30
10
8
8
31
16
11
3
8
12
32
23
22
23
18
33
1
10
7
24
2
34
4
11
19
3
35
26
35
36
3
26
21
4
36
5
28
10
22
28
20
6
23
20
9
22
23
17
4
23
21
20
7
35
2
35
36
36
31
36
29
9
36
35
35
10
25
28
35
0
32
34
12
35
31
1
17
31
35
31
8
7
0
35
32
9
15
11
35
15
11
36
33
36
8
36
27
35
29
11
36
28
35
28
35
29
29
36
8
