30
20
30
11
7
12
33
8
8
12
1
1
15
34
2
2
12
3
3
36
4
4
4
1
5
5
15
6
6
18
17
7
31
8
5
3
9
19
20
10
9
11
21
11
22
12
23
13
23
6
24
10
25
15
15
12
26
16
17
27
15
11
18
29
19
29
30
20
30
20
31
21
33
32
32
23
23
23
20
34
34
35
22
26
35
36
13
36
4
28
28
25
16
12
17
7
22
36
31
35
27
18
35
33
35
20
35
36
35
35
27
35
35
35
35
35
35
35
33
35
35
12
35
35
36
36
35
35
28
36
19
29
