16 16 13 13 13 13 13 13 13 13 13 13 13 13 13 13 13 13 13 13 13 12 12 12 12 12 12 12 12 12 12 12 12 12 12 12 13 13 13 13 13 13 13 13 13 5 5 5 5 5 5 5 9 9 5 5 5 5 5 5 5 5 5 5 5 5 5 5 5 5 5 5 5 5 5 5 5 5 3 3
9 9 9 9 9 9 9 9 9 9 9 9 9 9 9 9 9 9 9 9 14 3 3 3 3 3 3 3 12 12 12 12 12 12 12 14 14 13 13 13 13 13 13 13 13 13 6 6 6 6 6 11 11 11 16 9 9 9 9 9 11 11 11 11 11 11 11 12 12 12 12 12 12 12 12 12 12 12 12 6
14 11 13 13 13 11 13 13 13 13 13 13 13 13 13 13 14 13 13 14 14 14 14 3 12 12 12 12 12 12 12 11 12 12 12 12 12 12 12 2 2 2 2 2 2 2 2 2 2 7 5 5 5 7 16 9 9 9 9 9 9 1 1 1 1 1 1 1 1 1 1 2 2 2 2 2 2 2 2 4
13 13 13 13 13 13 12 12 12 12 12 9 9 9 9 9 9 9 9 14 3 14 14 3 14 14 14 14 14 14 11 11 11 11 11 14 11 11 14 14 14 14 14 5 5 5 5 5 5 5 5 5 5 5 5 5 5 5 5 5 5 5 12 5 5 5 5 12 2 2 2 2 14 14 14 14 14 14 14 14
9 9 9 9 9 9 9 9 9 9 9 11 9 9 9 9 8 8 8 9 9 9 9 9 9 9 3 3 0 0 7 7 7 7 7 7 7 7 7 7 7 7 7 7 7 7 7 7 7 7 7 7 7 7 7 7 7 7 7 7 7 7 7 7 7 7 8 8 8 8 8 8 8 8 8 8 7 7 7 7
11 12 12 12 12 12 13 13 13 13 13 13 13 8 8 8 8 8 8 9 8 9 9 9 9 9 9 9 9 12 12 12 12 12 12 12 7 7 7 7 7 7 7 7 7 7 10 7 7 5 7 7 7 7 7 7 7 7 7 7 7 0 7 7 7 7 7 7 7 7 7 7 7 7 7 7 7 7 7 7
14 14 14 14 14 14 14 14 14 14 14 14 14 14 9 9 9 9 9 9 9 10 13 10 3 10 10 10 10 10 7 7 7 7 7 7 7 7 5 7 7 7 7 7 5 5 5 5 7 7 7 7 7 7 7 7 9 7 7 7 7 12 12 12 12 12 7 7 7 7 7 12 5 7 3 3 3 3 3 12
16 16 16 16 16 16 16 16 16 16 16 9 9 9 9 14 9 3 3 3 3 3 3 3 3 2 2 2 2 2 11 11 11 12 12 12 2 2 2 2 2 2 2 2 2 2 0 0 0 11 9 6 9 9 9 0 0 2 4 13 4 4 4 4 4 4 4 4 4 4 4 4 4 4 4 4 4 4 4 4
16 16 16 16 16 16 16 16 16 16 16 16 16 16 13 13 13 13 13 13 13 0 0 0 0 0 3 12 12 12 12 12 12 12 12 12 13 4 4 4 4 4 4 4 4 4 4 5 5 5 5 5 5 4 9 4 4 4 4 4 4 4 4 4 4 4 4 4 4 4 4 4 4 4 4 4 4 4 4 4
16 9 16 16 16 16 16 16 16 16 16 9 9 9 9 9 9 9 9 9 9 14 14 3 14 14 9 3 9 9 12 12 12 12 12 12 12 12 12 12 13 13 13 0 0 0 0 5 9 9 9 9 9 9 9 9 9 9 9 9 9 9 9 9 9 9 8 8 8 8 8 8 8 8 8 8 8 8 8 8
