# Results obtained using DQN. CPU time: 122.07610702514648
0.00431297  65.00000000  0.00267796  80.00000000  2171.41839589  0.00000000
0.01310568  77.00000000  0.01273400  80.00000000  1820.33944380  0.00000000
0.00006470  75.00000000  0.00003396  80.00000000  2161.29700458  0.00000000
0.00027831  62.00000000  0.00005302  80.00000000  2163.63390145  0.00000000
0.00360180  59.00000000  0.00277793  80.00000000  2579.20882435  0.00000000
0.00042690  77.00000000  0.00039990  80.00000000  1733.44256617  0.00000000
0.00066857  78.00000000  0.00066857  80.00000000  2125.28122132  0.19646320
0.00208264  78.00000000  0.00208264  80.00000000  1599.17068423  0.48222785
0.00196771  69.00000000  0.00129667  80.00000000  1753.66183756  0.76799250
0.06412123  76.00000000  0.06236095  80.00000000  3045.90205592  0.99000000
0.00882468  54.00000000  0.00069630  80.00000000  3009.28959192  0.99000000
0.00882468  54.00000000  0.00069630  80.00000000  3009.28959192  0.99000000
0.00882468  54.00000000  0.00069630  80.00000000  3009.28959192  0.99000000
0.00882468  54.00000000  0.00069630  80.00000000  3009.28959192  0.99000000
0.00882468  54.00000000  0.00111748  80.00000000  3009.28959626  0.99000000
0.00882468  54.00000000  0.00080034  80.00000000  3009.28959658  0.99000000
0.00882468  54.00000000  0.00069630  80.00000000  3009.28959192  0.99000000
0.00882468  54.00000000  0.00069630  80.00000000  3009.28959192  0.99000000
0.01101035  78.00000000  0.01101035  80.00000000  3005.52261224  0.99000000
0.00882468  54.00000000  0.00069630  80.00000000  3009.28959192  0.99000000
0.00882468  54.00000000  0.00069630  80.00000000  3009.28959192  0.99000000
0.00882468  54.00000000  0.00069630  80.00000000  3009.28959192  0.99000000
0.01600093  70.00000000  0.00247662  80.00000000  3005.63210558  0.99000000
0.00882468  54.00000000  0.00069630  80.00000000  3009.28959192  0.99000000
0.00882468  54.00000000  0.00069630  80.00000000  3009.28959192  0.99000000
0.00882468  54.00000000  0.00069630  80.00000000  3009.28959192  0.99000000
0.02203422  78.00000000  0.02203422  80.00000000  2867.68922750  0.99000000
0.00882468  54.00000000  0.00069630  80.00000000  3009.28959192  0.99000000
0.04526738  78.00000000  0.04526738  80.00000000  3008.46196652  0.99000000
0.00882468  54.00000000  0.00069630  80.00000000  3009.28959192  0.99000000
0.00910429  54.00000000  0.00061922  80.00000000  3009.32685660  0.99000000
0.00882468  54.00000000  0.00069630  80.00000000  3009.28959192  0.99000000
0.00882468  54.00000000  0.00069630  80.00000000  3009.28959192  0.99000000
0.00516977  69.00000000  0.00063306  80.00000000  2997.41877583  0.99000000
0.00882468  54.00000000  0.00069630  80.00000000  3009.28959192  0.99000000
0.00882468  54.00000000  0.00069630  80.00000000  3009.28959192  0.99000000
0.00882468  54.00000000  0.00069630  80.00000000  3009.28959192  0.99000000
0.00882468  54.00000000  0.00069630  80.00000000  3009.28959192  0.99000000
0.00882468  54.00000000  0.00069630  80.00000000  3009.28959192  0.99000000
0.02959345  74.00000000  0.02575837  80.00000000  3008.38328003  0.99000000
0.00882468  54.00000000  0.00069630  80.00000000  3009.28959192  0.99000000
0.03569147  75.00000000  0.03138498  80.00000000  3009.34988896  0.99000000
0.00882468  54.00000000  0.00069630  80.00000000  3009.28959192  0.99000000
0.00833570  72.00000000  0.00286127  80.00000000  3007.18963843  0.99000000
0.00782407  74.00000000  0.00671013  80.00000000  3001.01292018  0.99000000
0.00882468  54.00000000  0.00069630  80.00000000  3009.28959192  0.99000000
0.00882468  54.00000000  0.00069630  80.00000000  3009.28959192  0.99000000
0.00882974  54.00000000  0.00069650  80.00000000  3009.29355700  0.99000000
0.00882468  54.00000000  0.00069630  80.00000000  3009.28959192  0.99000000
0.00882468  54.00000000  0.00069630  80.00000000  3009.28959192  0.99000000
0.02649257  63.00000000  0.00260670  80.00000000  2854.00621340  0.99000000
0.00882468  54.00000000  0.00069630  80.00000000  3009.28959192  0.99000000
0.01936110  77.00000000  0.01884934  80.00000000  3009.30790565  0.99000000
0.00882468  54.00000000  0.00069630  80.00000000  3009.28959192  0.99000000
0.00882468  54.00000000  0.00069630  80.00000000  3009.28959192  0.99000000
0.00877005  53.00000000  0.00067778  80.00000000  3009.29024171  0.99000000
0.00882468  54.00000000  0.00069630  80.00000000  3009.28959192  0.99000000
0.00882468  54.00000000  0.00069630  80.00000000  3009.28959192  0.99000000
0.00882468  54.00000000  0.00069630  80.00000000  3009.28959192  0.99000000
0.00882468  54.00000000  0.00069630  80.00000000  3009.28959192  0.99000000
0.00899521  54.00000000  0.00077473  80.00000000  3009.26175111  0.99000000
0.00882468  54.00000000  0.00069630  80.00000000  3009.28959192  0.99000000
0.00882468  54.00000000  0.00069630  80.00000000  3009.28959192  0.99000000
0.00882468  54.00000000  0.00069630  80.00000000  3009.28959192  0.99000000
0.03767459  74.00000000  0.02727747  80.00000000  3009.37093133  0.99000000
0.00882468  54.00000000  0.00069630  80.00000000  3009.28959192  0.99000000
0.00878316  54.00000000  0.00068658  80.00000000  3009.28954857  0.99000000
0.00882468  54.00000000  0.00069630  80.00000000  3009.28959192  0.99000000
0.00882468  54.00000000  0.00069630  80.00000000  3009.28959192  0.99000000
0.00882468  54.00000000  0.00069630  80.00000000  3009.28959192  0.99000000
0.00411037  54.00000000  0.00342917  80.00000000  2995.80961553  0.99000000
0.00882538  54.00000000  0.00069664  80.00000000  3009.28956754  0.99000000
0.00882468  54.00000000  0.00069630  80.00000000  3009.28959192  0.99000000
0.00882468  54.00000000  0.00069630  80.00000000  3009.28959192  0.99000000
0.00882468  54.00000000  0.00069630  80.00000000  3009.28959192  0.99000000
0.02275655  78.00000000  0.02275655  80.00000000  3009.48865994  0.99000000
0.05213629  76.00000000  0.05091674  80.00000000  3003.30147054  0.99000000
0.03582156  74.00000000  0.02375786  80.00000000  3009.38130814  0.99000000
0.00882468  54.00000000  0.00578762  80.00000000  3009.29058972  0.99000000
0.20340355  67.00000000  0.13507358  80.00000000  3028.92664166  0.99000000
0.02565657  73.00000000  0.01348155  80.00000000  3008.58715231  0.99000000
0.03476789  72.00000000  0.02325502  80.00000000  3009.39307252  0.99000000
0.00882468  54.00000000  0.00069630  80.00000000  3009.28959192  0.99000000
0.01036395  77.00000000  0.01008063  80.00000000  3009.29789641  0.99000000
0.00882468  54.00000000  0.00069630  80.00000000  3009.28959192  0.99000000
0.00881867  54.00000000  0.00192891  80.00000000  3009.28824142  0.99000000
0.00882468  54.00000000  0.00071870  80.00000000  3009.28959415  0.99000000
0.00882468  54.00000000  0.00069630  80.00000000  3009.28959192  0.99000000
0.00882468  54.00000000  0.00069630  80.00000000  3009.28959192  0.99000000
0.00882468  54.00000000  0.00069630  80.00000000  3009.28959192  0.99000000
0.00882472  54.00000000  0.00069633  80.00000000  3009.28959304  0.99000000
0.00882468  54.00000000  0.00069630  80.00000000  3009.28959192  0.99000000
0.09632344  76.00000000  0.09016595  80.00000000  3008.98281859  0.99000000
0.00882468  54.00000000  0.00044123  80.00000000  3009.28982722  0.99000000
0.00882472  54.00000000  0.00069633  80.00000000  3009.28959330  0.99000000
0.00882468  54.00000000  0.00200993  80.00000000  3009.28966222  0.99000000
0.01115029  74.00000000  0.00802443  80.00000000  2254.35043171  0.99000000
0.04385081  72.00000000  0.01991058  80.00000000  3009.55633320  0.99000000
0.00882468  54.00000000  0.00001196  80.00000000  3009.28983936  0.99000000
0.00882468  54.00000000  0.00069630  80.00000000  3009.28959192  0.99000000
0.00882468  54.00000000  0.00069630  80.00000000  3009.28959192  0.99000000
0.00757694  52.00000000  0.00722170  80.00000000  3009.28785243  0.99000000
0.00882468  54.00000000  0.00069630  80.00000000  3009.28959192  0.99000000
0.00183190  58.00000000  0.00076101  80.00000000  2392.85921729  0.99000000
0.02868475  74.00000000  0.02508725  80.00000000  3009.34118051  0.99000000
0.00882468  54.00000000  0.00069630  80.00000000  3009.28959192  0.99000000
0.00882468  54.00000000  0.00069630  80.00000000  3009.28959192  0.99000000
0.00882468  54.00000000  0.00069630  80.00000000  3009.28959192  0.99000000
0.00882468  54.00000000  0.00578762  80.00000000  3009.29058972  0.99000000
0.02804427  78.00000000  0.02804427  80.00000000  3009.33081561  0.99000000
0.00882468  54.00000000  0.00069630  80.00000000  3009.28959192  0.99000000
0.00882468  54.00000000  0.00069630  80.00000000  3009.28959192  0.99000000
0.03070689  73.00000000  0.01464371  80.00000000  3010.20830350  0.99000000
0.03813192  74.00000000  0.03471992  80.00000000  3008.76680422  0.99000000
0.07051805  63.00000000  0.00304377  80.00000000  2907.31891669  0.99000000
0.00882468  54.00000000  0.00069630  80.00000000  3009.28959192  0.99000000
0.00882468  54.00000000  0.00069630  80.00000000  3009.28959192  0.99000000
0.00882468  54.00000000  0.00069630  80.00000000  3009.28959192  0.99000000
0.14614347  63.00000000  0.01389441  80.00000000  2574.61822061  0.99000000
0.00879858  54.00000000  0.00069203  80.00000000  3009.28929902  0.99000000
0.02868475  74.00000000  0.02508725  80.00000000  3009.34118051  0.99000000
0.02085699  58.00000000  0.00484657  80.00000000  2739.16494442  0.99000000
0.00882468  54.00000000  0.00069630  80.00000000  3009.28959192  0.99000000
0.00882468  54.00000000  0.00200993  80.00000000  3009.28966222  0.99000000
0.00882468  54.00000000  0.00069630  80.00000000  3009.28959192  0.99000000
0.00882458  54.00000000  0.00069629  80.00000000  3009.28961791  0.99000000
0.00882468  54.00000000  0.00069630  80.00000000  3009.28959192  0.99000000
0.00882468  54.00000000  0.00069630  80.00000000  3009.28959192  0.99000000
0.00882468  54.00000000  0.00069630  80.00000000  3009.28959192  0.99000000
0.00882468  54.00000000  0.00242444  80.00000000  3009.29060808  0.99000000
0.04169345  71.00000000  0.03417604  80.00000000  3009.49093633  0.99000000
0.00882468  54.00000000  0.00069630  80.00000000  3009.28959192  0.99000000
0.00882468  54.00000000  0.00069630  80.00000000  3009.28959192  0.99000000
0.00882468  54.00000000  0.00069630  80.00000000  3009.28959192  0.99000000
0.00882468  54.00000000  0.00069630  80.00000000  3009.28959192  0.99000000
0.00882468  54.00000000  0.00069630  80.00000000  3009.28959192  0.99000000
0.00882468  54.00000000  0.00069630  80.00000000  3009.28959192  0.99000000
0.05138911  74.00000000  0.04063856  80.00000000  3009.47226231  0.99000000
0.03017744  76.00000000  0.02871140  80.00000000  2997.41947846  0.99000000
0.00882468  54.00000000  0.00069630  80.00000000  3009.28959192  0.99000000
0.00882468  54.00000000  0.00069630  80.00000000  3009.28959192  0.99000000
0.00882468  54.00000000  0.00069630  80.00000000  3009.28959192  0.99000000
0.01134563  78.00000000  0.01134563  80.00000000  3009.29413571  0.99000000
0.00882468  54.00000000  0.00069630  80.00000000  3009.28959192  0.99000000
0.09190578  69.00000000  0.05715703  80.00000000  3012.50978099  0.99000000
0.00882468  54.00000000  0.00069630  80.00000000  3009.28959192  0.99000000
0.00883598  57.00000000  0.00534387  80.00000000  3009.30105425  0.99000000
0.03410731  74.00000000  0.02158237  80.00000000  3009.35155698  0.99000000
0.01194120  78.00000000  0.01194120  80.00000000  3008.09334953  0.99000000
0.00882468  54.00000000  0.00069630  80.00000000  3009.28959192  0.99000000
0.00882468  54.00000000  0.00105276  80.00000000  3009.28959628  0.99000000
0.00882468  54.00000000  0.00069630  80.00000000  3009.28959192  0.99000000
0.00882468  54.00000000  0.00069630  80.00000000  3009.28959192  0.99000000
0.03332600  59.00000000  0.01614534  80.00000000  2940.26088954  0.99000000
0.00882468  54.00000000  0.00069630  80.00000000  3009.28959192  0.99000000
0.00882468  54.00000000  0.00069630  80.00000000  3009.28959192  0.99000000
0.00882468  54.00000000  0.00069630  80.00000000  3009.28959192  0.99000000
0.00882468  54.00000000  0.00069630  80.00000000  3009.28959192  0.99000000
0.00882468  54.00000000  0.00069630  80.00000000  3009.28959192  0.99000000
0.01011511  71.00000000  0.00380867  80.00000000  3005.60609399  0.99000000
0.00882468  54.00000000  0.00069630  80.00000000  3009.28959192  0.99000000
0.00882963  54.00000000  0.00154006  80.00000000  3009.28962448  0.99000000
0.00882468  54.00000000  0.00069630  80.00000000  3009.28959192  0.99000000
0.00882468  54.00000000  0.00069630  80.00000000  3009.28959192  0.99000000
0.00882468  54.00000000  0.00069630  80.00000000  3009.28959192  0.99000000
0.00882468  54.00000000  0.00069630  80.00000000  3009.28959192  0.99000000
0.00882468  54.00000000  0.00069630  80.00000000  3009.28959192  0.99000000
0.00882468  54.00000000  0.00069630  80.00000000  3009.28959192  0.99000000
0.02820208  68.00000000  0.01371852  80.00000000  3009.54822680  0.99000000
0.04367151  69.00000000  0.02735868  80.00000000  3007.64606147  0.99000000
0.00882472  54.00000000  0.00069633  80.00000000  3009.28959330  0.99000000
0.00882468  54.00000000  0.00093048  80.00000000  3009.28960290  0.99000000
0.03288791  59.00000000  0.00595474  80.00000000  3009.05649575  0.99000000
0.00882468  54.00000000  0.00069630  80.00000000  3009.28959192  0.99000000
0.00882468  54.00000000  0.00069630  80.00000000  3009.28959192  0.99000000
0.00882468  54.00000000  0.00069630  80.00000000  3009.28959192  0.99000000
0.00882468  54.00000000  0.00069630  80.00000000  3009.28959192  0.99000000
0.00882468  54.00000000  0.00069630  80.00000000  3009.28959192  0.99000000
0.01386813  72.00000000  0.00692013  80.00000000  2995.93096756  0.99000000
0.02435242  74.00000000  0.01351426  80.00000000  3009.27338077  0.99000000
0.00882468  54.00000000  0.00069630  80.00000000  3009.28959192  0.99000000
0.06760825  70.00000000  0.01251933  80.00000000  3011.16674549  0.99000000
0.00644462  76.00000000  0.00536142  80.00000000  2835.28437697  0.99000000
0.00882468  54.00000000  0.00069630  80.00000000  3009.28959192  0.99000000
0.00882468  54.00000000  0.00069630  80.00000000  3009.28959192  0.99000000
0.14119849  65.00000000  0.08456064  80.00000000  3058.80683204  0.99000000
0.00882468  54.00000000  0.00069630  80.00000000  3009.28959192  0.99000000
0.04977251  73.00000000  0.03059386  80.00000000  3038.71134301  0.99000000
0.03166715  74.00000000  0.01816860  80.00000000  3009.79729334  0.99000000
0.00882468  54.00000000  0.00069630  80.00000000  3009.28959192  0.99000000
0.01901305  60.00000000  0.00632979  80.00000000  2847.15092611  0.99000000
0.00537115  67.00000000  0.00304741  80.00000000  2854.29150161  0.99000000
0.00882468  54.00000000  0.00069630  80.00000000  3009.28959192  0.99000000
0.00882468  54.00000000  0.00069630  80.00000000  3009.28959070  0.99000000
0.00882468  54.00000000  0.00069630  80.00000000  3009.28959192  0.99000000
0.01986776  72.00000000  0.01243047  80.00000000  3008.93356744  0.99000000
0.00882468  54.00000000  0.00069630  80.00000000  3009.28959192  0.99000000
0.00882468  54.00000000  0.00069630  80.00000000  3009.28959192  0.99000000
0.16624190  71.00000000  0.05659854  80.00000000  3071.17113265  0.99000000
0.00882468  54.00000000  0.00069630  80.00000000  3009.28959192  0.99000000
0.00882468  54.00000000  0.00069630  80.00000000  3009.28959192  0.99000000
0.00882468  54.00000000  0.00069630  80.00000000  3009.28959192  0.99000000
0.00882468  54.00000000  0.00069630  80.00000000  3009.28959192  0.99000000
0.00882963  54.00000000  0.00102909  80.00000000  3009.28959053  0.99000000
0.00882468  54.00000000  0.00069630  80.00000000  3009.28959192  0.99000000
0.00882468  54.00000000  0.00069630  80.00000000  3009.28959192  0.99000000
0.00882468  54.00000000  0.00354890  80.00000000  3009.29025024  0.99000000
0.00882468  54.00000000  0.00069630  80.00000000  3009.28959192  0.99000000
0.00882468  54.00000000  0.00069630  80.00000000  3009.28959192  0.99000000
0.00882468  54.00000000  0.00069630  80.00000000  3009.28959192  0.99000000
0.00882468  54.00000000  0.00069630  80.00000000  3009.28959192  0.99000000
0.04146056  71.00000000  0.01676603  80.00000000  3009.49319699  0.99000000
0.00882468  54.00000000  0.00069630  80.00000000  3009.28959192  0.99000000
0.00882468  54.00000000  0.00639772  80.00000000  3009.29023205  0.99000000
0.06169667  62.00000000  0.00698857  80.00000000  2909.65195182  0.99000000
0.00882468  54.00000000  0.00441676  80.00000000  3009.29038215  0.99000000
0.02457211  77.00000000  0.02447487  80.00000000  3008.83634770  0.99000000
0.00882468  54.00000000  0.00069630  80.00000000  3009.28959192  0.99000000
0.17996823  67.00000000  0.05885256  80.00000000  3022.67982412  0.99000000
0.01335962  78.00000000  0.01335962  80.00000000  3009.29544980  0.99000000
0.00458827  70.00000000  0.00269472  80.00000000  3008.46143225  0.99000000
0.00882468  54.00000000  0.00069630  80.00000000  3009.28959192  0.99000000
0.00882468  54.00000000  0.00069630  80.00000000  3009.28959192  0.99000000
0.00882468  54.00000000  0.00069630  80.00000000  3009.28959192  0.99000000
0.11247801  73.00000000  0.07680302  80.00000000  3019.04062418  0.99000000
0.01716543  76.00000000  0.01598942  80.00000000  3008.60723934  0.99000000
0.01148930  69.00000000  0.00169715  80.00000000  2999.06005922  0.99000000
0.02375559  74.00000000  0.01371644  80.00000000  3009.22535819  0.99000000
0.00882468  54.00000000  0.00069630  80.00000000  3009.28959192  0.99000000
0.00882468  54.00000000  0.00069630  80.00000000  3009.28959192  0.99000000
0.04632533  70.00000000  0.01924848  80.00000000  3007.69275414  0.99000000
0.00784391  74.00000000  0.00673268  80.00000000  3001.01452767  0.99000000
0.01437841  73.00000000  0.00617854  80.00000000  3008.21519413  0.99000000
0.00882466  54.00000000  0.00069623  80.00000000  3009.28958919  0.99000000
0.00882468  54.00000000  0.00069630  80.00000000  3009.28959192  0.99000000
0.02323391  68.00000000  0.01103938  80.00000000  3030.95568412  0.99000000
0.00882468  54.00000000  0.00069630  80.00000000  3009.28959192  0.99000000
0.02454546  74.00000000  0.01170563  80.00000000  3003.48269451  0.99000000
0.00882538  54.00000000  0.00069664  80.00000000  3009.28956754  0.99000000
0.00882468  54.00000000  0.00069630  80.00000000  3009.28959192  0.99000000
0.00882468  54.00000000  0.00069630  80.00000000  3009.28959192  0.99000000
0.00882468  54.00000000  0.00069630  80.00000000  3009.28959192  0.99000000
0.00882468  54.00000000  0.00069630  80.00000000  3009.28959192  0.99000000
0.00882468  54.00000000  0.00069630  80.00000000  3009.28959192  0.99000000
0.01034090  75.00000000  0.00906670  80.00000000  3009.30120978  0.99000000
0.01830607  76.00000000  0.01488098  80.00000000  3008.55708448  0.99000000
0.00882468  54.00000000  0.00069630  80.00000000  3009.28959192  0.99000000
0.00882468  54.00000000  0.00069630  80.00000000  3009.28959192  0.99000000
0.09856660  78.00000000  0.09856660  80.00000000  2560.03125531  0.99000000
0.02857686  70.00000000  0.01736024  80.00000000  2965.19329317  0.99000000
0.03786175  72.00000000  0.01006350  80.00000000  3009.41433762  0.99000000
0.00882468  54.00000000  0.00351182  80.00000000  3009.29031792  0.99000000
0.00882468  54.00000000  0.00069630  80.00000000  3009.28959192  0.99000000
0.00882468  54.00000000  0.00069630  80.00000000  3009.28959192  0.99000000
0.00882385  54.00000000  0.00069648  80.00000000  3009.28954719  0.99000000
0.00882468  54.00000000  0.00069630  80.00000000  3009.28959192  0.99000000
0.00882468  54.00000000  0.00069630  80.00000000  3009.28959192  0.99000000
0.00882468  54.00000000  0.00069630  80.00000000  3009.28959192  0.99000000
0.03039185  71.00000000  0.00933836  80.00000000  3009.35453730  0.99000000
0.00882468  54.00000000  0.00057041  80.00000000  3009.28959020  0.99000000
0.00882468  54.00000000  0.00069630  80.00000000  3009.28959192  0.99000000
0.00882468  54.00000000  0.00069630  80.00000000  3009.28959192  0.99000000
0.00882468  54.00000000  0.00069630  80.00000000  3009.28959192  0.99000000
0.00883072  54.00000000  0.00069271  80.00000000  3009.29158052  0.99000000
0.01893558  68.00000000  0.01817751  80.00000000  3006.32994987  0.99000000
0.03635543  76.00000000  0.03421791  80.00000000  3009.35316595  0.99000000
0.01887014  78.00000000  0.01887014  80.00000000  3009.29497635  0.99000000
0.23494500  68.00000000  0.18244006  80.00000000  3043.20095050  0.99000000
0.01277423  78.00000000  0.01277423  80.00000000  3009.29287033  0.99000000
0.00882468  54.00000000  0.00069630  80.00000000  3009.28959192  0.99000000
0.02503261  78.00000000  0.02503261  80.00000000  2635.57413230  0.99000000
0.00882468  54.00000000  0.00069630  80.00000000  3009.28959192  0.99000000
0.00882468  54.00000000  0.00069630  80.00000000  3009.28959192  0.99000000
0.00882468  54.00000000  0.00069630  80.00000000  3009.28959192  0.99000000
0.00882468  54.00000000  0.00069630  80.00000000  3009.28959194  0.99000000
0.00731568  74.00000000  0.00650235  80.00000000  3003.46176642  0.99000000
0.00882468  54.00000000  0.00069630  80.00000000  3009.28959192  0.99000000
0.03617701  70.00000000  0.03136117  80.00000000  3009.32104535  0.99000000
0.00882522  54.00000000  0.00181545  80.00000000  3009.29002339  0.99000000
0.04918416  62.00000000  0.00183682  80.00000000  3010.51886667  0.99000000
0.00882554  54.00000000  0.00503862  80.00000000  3009.29100994  0.99000000
0.00882468  54.00000000  0.00069630  80.00000000  3009.28959192  0.99000000
0.29267419  65.00000000  0.00758848  80.00000000  2993.86063895  0.99000000
0.00882468  54.00000000  0.00069630  80.00000000  3009.28959192  0.99000000
0.01254304  55.00000000  0.00871576  80.00000000  2994.65009005  0.99000000
0.00882468  54.00000000  0.00069630  80.00000000  3009.28959192  0.99000000
0.00882468  54.00000000  0.00069630  80.00000000  3009.28959192  0.99000000
0.00882468  54.00000000  0.00069630  80.00000000  3009.28959192  0.99000000
0.03070689  73.00000000  0.01464371  80.00000000  3010.20830350  0.99000000
0.00882468  54.00000000  0.00069630  80.00000000  3009.28959200  0.99000000
0.00882468  54.00000000  0.00069630  80.00000000  3009.28959192  0.99000000
0.05060379  68.00000000  0.00125589  80.00000000  2656.35863954  0.99000000
0.00882468  54.00000000  0.00069630  80.00000000  3009.28959192  0.99000000
0.01284248  71.00000000  0.00547668  80.00000000  3002.05926934  0.99000000
0.00882468  54.00000000  0.00069630  80.00000000  3009.28959192  0.99000000
0.00882468  54.00000000  0.00069630  80.00000000  3009.28959192  0.99000000
0.00882468  54.00000000  0.00174693  80.00000000  3009.28964916  0.99000000
0.03252739  74.00000000  0.01478222  80.00000000  3009.35236473  0.99000000
0.00882468  54.00000000  0.00092385  80.00000000  3009.28961176  0.99000000
0.00882468  54.00000000  0.00069630  80.00000000  3009.28959192  0.99000000
0.03589131  71.00000000  0.00436607  80.00000000  2304.87688980  0.99000000
0.35898442  69.00000000  0.09392501  80.00000000  3325.04965917  0.99000000
0.00882468  54.00000000  0.00069630  80.00000000  3009.28959192  0.99000000
0.14799142  72.00000000  0.08590034  80.00000000  1863.56347928  0.99000000
0.00882468  54.00000000  0.00069630  80.00000000  3009.28959192  0.99000000
0.00882468  54.00000000  0.00069630  80.00000000  3009.28959192  0.99000000
0.00882468  54.00000000  0.00069630  80.00000000  3009.28959192  0.99000000
0.00882468  54.00000000  0.00069630  80.00000000  3009.28959192  0.99000000
0.00882468  54.00000000  0.00069630  80.00000000  3009.28959192  0.99000000
0.07167934  76.00000000  0.06339467  80.00000000  3008.53047754  0.99000000
0.00882468  54.00000000  0.00069630  80.00000000  3009.28959192  0.99000000
0.00882468  54.00000000  0.00069630  80.00000000  3009.28959192  0.99000000
0.00882468  54.00000000  0.00069630  80.00000000  3009.28959192  0.99000000
0.00882468  54.00000000  0.00069630  80.00000000  3009.28959192  0.99000000
0.00882468  54.00000000  0.00069630  80.00000000  3009.28959192  0.99000000
0.00882468  54.00000000  0.00069630  80.00000000  3009.28959192  0.99000000
0.00882508  54.00000000  0.00069628  80.00000000  3009.28961925  0.99000000
0.00882468  54.00000000  0.00069630  80.00000000  3009.28959192  0.99000000
0.00882468  54.00000000  0.00069630  80.00000000  3009.28959192  0.99000000
0.00839284  53.00000000  0.00305318  80.00000000  3007.80261043  0.99000000
0.02258755  74.00000000  0.01560339  80.00000000  3009.33824873  0.99000000
0.00882468  54.00000000  0.00069630  80.00000000  3009.28959192  0.99000000
0.00882468  54.00000000  0.00193214  80.00000000  3009.28961934  0.99000000
0.00882468  54.00000000  0.00069630  80.00000000  3009.28959192  0.99000000
0.00882468  54.00000000  0.00680540  80.00000000  3009.29193789  0.99000000
0.06173662  62.00000000  0.00518355  80.00000000  2910.17581853  0.99000000
0.00882468  54.00000000  0.00069630  80.00000000  3009.28959192  0.99000000
0.03890198  70.00000000  0.00678879  80.00000000  3009.47537982  0.99000000
0.00882468  54.00000000  0.00069630  80.00000000  3009.28959192  0.99000000
0.00882468  54.00000000  0.00069630  80.00000000  3009.28959192  0.99000000
0.00882468  54.00000000  0.00111748  80.00000000  3009.28959624  0.99000000
0.29284811  78.00000000  0.29284811  80.00000000  3356.84323255  0.99000000
0.00882468  54.00000000  0.00069630  80.00000000  3009.28959192  0.99000000
0.00882468  54.00000000  0.00193224  80.00000000  3009.28961920  0.99000000
0.00882468  54.00000000  0.00069630  80.00000000  3009.28959192  0.99000000
0.35898440  69.00000000  0.20518966  80.00000000  3325.68758001  0.99000000
0.00882468  54.00000000  0.00069630  80.00000000  3009.28960274  0.99000000
0.00882468  54.00000000  0.00069630  80.00000000  3009.28959192  0.99000000
0.00882468  54.00000000  0.00069630  80.00000000  3009.28959192  0.99000000
0.00882468  54.00000000  0.00069630  80.00000000  3009.28959192  0.99000000
0.00882468  54.00000000  0.00069630  80.00000000  3009.28959192  0.99000000
0.00560304  69.00000000  0.00087287  80.00000000  2998.40672823  0.99000000
0.02770718  68.00000000  0.01732828  80.00000000  3009.45338685  0.99000000
0.00882468  54.00000000  0.00069630  80.00000000  3009.28959192  0.99000000
0.00882468  54.00000000  0.00069630  80.00000000  3009.28959192  0.99000000
0.09850961  59.00000000  0.00481728  80.00000000  2418.06528201  0.99000000
0.00882468  54.00000000  0.00069630  80.00000000  3009.28959192  0.99000000
0.00882468  54.00000000  0.00111748  80.00000000  3009.28959635  0.99000000
0.00767507  74.00000000  0.00682230  80.00000000  3000.98255575  0.99000000
0.00882468  54.00000000  0.00069630  80.00000000  3009.28959192  0.99000000
0.00932546  54.00000000  0.00076273  80.00000000  3009.35255359  0.99000000
0.02400401  74.00000000  0.01358652  80.00000000  3009.25543272  0.99000000
0.00882468  54.00000000  0.00069630  80.00000000  3009.28959192  0.99000000
0.00882468  54.00000000  0.00069630  80.00000000  3009.28959192  0.99000000
0.00882468  54.00000000  0.00088978  80.00000000  3009.28958853  0.99000000
0.05249331  71.00000000  0.01986474  80.00000000  3041.21176301  0.99000000
0.01561953  76.00000000  0.01281671  80.00000000  3009.28857608  0.99000000
0.00882468  54.00000000  0.00143334  80.00000000  3009.28965028  0.99000000
0.00882468  54.00000000  0.00069630  80.00000000  3009.28959192  0.99000000
0.00882468  54.00000000  0.00069630  80.00000000  3009.28959192  0.99000000
0.00882468  54.00000000  0.00069630  80.00000000  3009.28959192  0.99000000
0.00882468  54.00000000  0.00069630  80.00000000  3009.28959192  0.99000000
0.00927177  54.00000000  0.00064073  80.00000000  3009.34500514  0.99000000
0.02770717  68.00000000  0.01732829  80.00000000  3009.45338649  0.99000000
0.00882468  54.00000000  0.00069630  80.00000000  3009.28959192  0.99000000
0.07066680  64.00000000  0.02868333  80.00000000  2950.70221273  0.99000000
0.00620251  78.00000000  0.00620251  80.00000000  3055.77719301  0.99000000
0.03126190  78.00000000  0.03126190  80.00000000  3008.85008732  0.99000000
0.00882468  54.00000000  0.00069630  80.00000000  3009.28959192  0.99000000
0.00882468  54.00000000  0.00069630  80.00000000  3009.28959192  0.99000000
0.03760565  75.00000000  0.02792732  80.00000000  3009.36639675  0.99000000
0.03030295  71.00000000  0.00581279  80.00000000  3009.35253561  0.99000000
0.00993020  78.00000000  0.00993020  80.00000000  3009.29365116  0.99000000
0.00882468  54.00000000  0.00069630  80.00000000  3009.28959192  0.99000000
0.00882468  54.00000000  0.00069630  80.00000000  3009.28959192  0.99000000
0.00882468  54.00000000  0.00069630  80.00000000  3009.28959192  0.99000000
0.02215494  72.00000000  0.01447639  80.00000000  2965.15980154  0.99000000
0.00882468  54.00000000  0.00069630  80.00000000  3009.28959192  0.99000000
0.00882468  54.00000000  0.00069630  80.00000000  3009.28959192  0.99000000
0.00625548  78.00000000  0.00625548  80.00000000  3001.19604519  0.99000000
0.00882468  54.00000000  0.00069630  80.00000000  3009.28959192  0.99000000
0.01887014  78.00000000  0.01887014  80.00000000  3009.29497635  0.99000000
0.02545905  69.00000000  0.02013009  80.00000000  3041.03375293  0.99000000
0.01063314  75.00000000  0.01036591  80.00000000  3009.29329381  0.99000000
0.00882468  54.00000000  0.00069630  80.00000000  3009.28959192  0.99000000
0.00882468  54.00000000  0.00069630  80.00000000  3009.28959192  0.99000000
0.00882562  54.00000000  0.00164386  80.00000000  3009.29328595  0.99000000
0.00882468  54.00000000  0.00069630  80.00000000  3009.28959192  0.99000000
0.04918416  62.00000000  0.00183682  80.00000000  3010.51886667  0.99000000
0.00882468  54.00000000  0.00069630  80.00000000  3009.28959192  0.99000000
0.00882468  54.00000000  0.00069630  80.00000000  3009.28959192  0.99000000
0.00882468  54.00000000  0.00069630  80.00000000  3009.28959192  0.99000000
0.01213955  57.00000000  0.00457782  80.00000000  3013.52003735  0.99000000
0.00882468  54.00000000  0.00069630  80.00000000  3009.28959192  0.99000000
0.03505652  72.00000000  0.01565550  80.00000000  3008.92321344  0.99000000
0.00882468  54.00000000  0.00069630  80.00000000  3009.28959192  0.99000000
0.00882468  54.00000000  0.00069630  80.00000000  3009.28959192  0.99000000
0.00882468  54.00000000  0.00334554  80.00000000  3009.28997712  0.99000000
0.00884463  54.00000000  0.00069116  80.00000000  3009.27480034  0.99000000
0.01277423  78.00000000  0.01277423  80.00000000  3009.29287033  0.99000000
0.04308678  71.00000000  0.01732096  80.00000000  3009.53859867  0.99000000
0.00882468  54.00000000  0.00069630  80.00000000  3009.28959192  0.99000000
0.00597614  78.00000000  0.00597614  80.00000000  2633.19255636  0.99000000
0.00352546  65.00000000  0.00002280  80.00000000  2891.47703564  0.99000000
0.01277697  78.00000000  0.01277697  80.00000000  3009.29249321  0.99000000
0.00882468  54.00000000  0.00069630  80.00000000  3009.28959192  0.99000000
0.00882468  54.00000000  0.00057565  80.00000000  3009.28964294  0.99000000
0.01395630  77.00000000  0.01365887  80.00000000  3009.30489500  0.99000000
0.00959083  78.00000000  0.00959083  80.00000000  2983.45328407  0.99000000
0.05146924  73.00000000  0.02850761  80.00000000  3069.23070804  0.99000000
0.00882468  54.00000000  0.00149734  80.00000000  3009.28965758  0.99000000
0.00882468  54.00000000  0.00111491  80.00000000  3009.28959626  0.99000000
0.20934741  68.00000000  0.05794335  80.00000000  3034.64112091  0.99000000
0.00882468  54.00000000  0.00069630  80.00000000  3009.28959192  0.99000000
0.00760942  78.00000000  0.00760942  80.00000000  2983.80066840  0.99000000
0.00882468  54.00000000  0.00069630  80.00000000  3009.28959192  0.99000000
0.00882468  54.00000000  0.00144180  80.00000000  3009.28965267  0.99000000
0.01468410  61.00000000  0.00229581  80.00000000  3005.07103404  0.99000000
0.00118785  53.00000000  0.00034337  80.00000000  2832.75258651  0.99000000
0.00779271  55.00000000  0.00491164  80.00000000  2921.49870139  0.99000000
0.00882468  54.00000000  0.00069630  80.00000000  3009.28959192  0.99000000
0.00882468  54.00000000  0.00069630  80.00000000  3009.28959192  0.99000000
0.00882468  54.00000000  0.00069630  80.00000000  3009.28959192  0.99000000
0.00882468  54.00000000  0.00069630  80.00000000  3009.28959192  0.99000000
0.00882468  54.00000000  0.00069630  80.00000000  3009.28959192  0.99000000
0.00882468  54.00000000  0.00069630  80.00000000  3009.28959192  0.99000000
0.00877348  53.00000000  0.00060241  80.00000000  3009.31371763  0.99000000
0.11908649  72.00000000  0.05857039  80.00000000  3025.94163485  0.99000000
0.00882468  54.00000000  0.00069630  80.00000000  3009.28959192  0.99000000
0.00882468  54.00000000  0.00069630  80.00000000  3009.28959192  0.99000000
0.00882468  54.00000000  0.00396074  80.00000000  3009.29133934  0.99000000
0.00882468  54.00000000  0.00069630  80.00000000  3009.28959192  0.99000000
0.00882468  54.00000000  0.00069630  80.00000000  3009.28959192  0.99000000
0.00902300  54.00000000  0.00066263  80.00000000  3009.31464677  0.99000000
0.00882468  54.00000000  0.00069630  80.00000000  3009.28959192  0.99000000
0.00882468  54.00000000  0.00069630  80.00000000  3009.28959192  0.99000000
0.02470684  72.00000000  0.00554002  80.00000000  3008.21603046  0.99000000
0.00882468  54.00000000  0.00069630  80.00000000  3009.28959192  0.99000000
0.01175490  78.00000000  0.01175490  80.00000000  3038.55681129  0.99000000
0.00882468  54.00000000  0.00630876  80.00000000  3009.29053895  0.99000000
0.00882468  54.00000000  0.00069630  80.00000000  3009.28959192  0.99000000
0.00882468  54.00000000  0.00069630  80.00000000  3009.28959192  0.99000000
0.00882468  54.00000000  0.00069630  80.00000000  3009.28959192  0.99000000
0.04852294  75.00000000  0.03880681  80.00000000  3009.39545020  0.99000000
0.00592185  70.00000000  0.00018247  80.00000000  3008.08654544  0.99000000
0.01034090  75.00000000  0.00906670  80.00000000  3009.30120978  0.99000000
0.00882468  54.00000000  0.00069630  80.00000000  3009.28959192  0.99000000
0.00882468  54.00000000  0.00335748  80.00000000  3009.28997469  0.99000000
0.03517102  73.00000000  0.02208898  80.00000000  3009.81210435  0.99000000
0.01718418  78.00000000  0.01718418  80.00000000  2993.48079970  0.99000000
0.00882468  54.00000000  0.00069630  80.00000000  3009.28959192  0.99000000
0.00733140  74.00000000  0.00630463  80.00000000  3003.49608656  0.99000000
0.01860498  78.00000000  0.01860498  80.00000000  3008.65030029  0.99000000
0.03210883  71.00000000  0.01893201  80.00000000  3009.87830802  0.99000000
0.00882468  54.00000000  0.00069630  80.00000000  3009.28959192  0.99000000
0.00882114  54.00000000  0.00068586  80.00000000  3009.29038741  0.99000000
0.00882468  54.00000000  0.00069630  80.00000000  3009.28959192  0.99000000
0.03530958  70.00000000  0.01372194  80.00000000  3013.26100952  0.99000000
0.00882468  54.00000000  0.00069630  80.00000000  3009.28959192  0.99000000
0.00882468  54.00000000  0.00069630  80.00000000  3009.28959192  0.99000000
0.00882468  54.00000000  0.00069630  80.00000000  3009.28959192  0.99000000
0.00882468  54.00000000  0.00069630  80.00000000  3009.28959192  0.99000000
0.00882468  54.00000000  0.00069630  80.00000000  3009.28959192  0.99000000
0.00882468  54.00000000  0.00144180  80.00000000  3009.28965267  0.99000000
0.00884612  54.00000000  0.00567737  80.00000000  3009.29193275  0.99000000
0.03671201  74.00000000  0.02888080  80.00000000  3009.38464086  0.99000000
0.00182210  67.00000000  0.00154535  80.00000000  2943.44139810  0.99000000
0.00882468  54.00000000  0.00069630  80.00000000  3009.28959192  0.99000000
0.00882468  54.00000000  0.00610629  80.00000000  3009.29018879  0.99000000
0.00882468  54.00000000  0.00069630  80.00000000  3009.28959192  0.99000000
0.00882468  54.00000000  0.00037830  80.00000000  3009.28959387  0.99000000
0.00882468  54.00000000  0.00069630  80.00000000  3009.28959192  0.99000000
0.05043463  71.00000000  0.02078995  80.00000000  3030.82189017  0.99000000
0.02883046  74.00000000  0.02625911  80.00000000  3009.36207753  0.99000000
0.00882468  54.00000000  0.00069630  80.00000000  3009.28959192  0.99000000
0.00882468  54.00000000  0.00069630  80.00000000  3009.28959192  0.99000000
0.01671166  74.00000000  0.01377769  80.00000000  3009.30493647  0.99000000
0.00882468  54.00000000  0.00217463  80.00000000  3009.28995568  0.99000000
0.00882468  54.00000000  0.00069630  80.00000000  3009.28959192  0.99000000
0.00882468  54.00000000  0.00163907  80.00000000  3009.28962196  0.99000000
0.00882468  54.00000000  0.00069630  80.00000000  3009.28959192  0.99000000
0.00882468  54.00000000  0.00069630  80.00000000  3009.28959192  0.99000000
0.00882468  54.00000000  0.00004331  80.00000000  3009.28957890  0.99000000
0.00882468  54.00000000  0.00069630  80.00000000  3009.28959192  0.99000000
0.02400404  74.00000000  0.01358653  80.00000000  3009.25539354  0.99000000
0.04807659  64.00000000  0.00206538  80.00000000  2885.43493807  0.99000000
0.04977251  73.00000000  0.03059386  80.00000000  3038.71134301  0.99000000
0.00882468  54.00000000  0.00069630  80.00000000  3009.28959192  0.99000000
0.00882468  54.00000000  0.00069630  80.00000000  3009.28959192  0.99000000
0.00882468  54.00000000  0.00069630  80.00000000  3009.28959192  0.99000000
0.00882468  54.00000000  0.00069630  80.00000000  3009.28959192  0.99000000
0.00882468  54.00000000  0.00069630  80.00000000  3009.28959192  0.99000000
0.00617494  69.00000000  0.00080355  80.00000000  2998.45370206  0.99000000
0.01795950  78.00000000  0.01795950  80.00000000  3009.29633182  0.99000000
0.00882468  54.00000000  0.00069630  80.00000000  3009.28959192  0.99000000
0.13332462  64.00000000  0.03170410  80.00000000  3075.32124767  0.99000000
0.00882468  54.00000000  0.00069630  80.00000000  3009.28959192  0.99000000
0.00882468  54.00000000  0.00039138  80.00000000  3009.28957524  0.99000000
0.00882468  54.00000000  0.00069630  80.00000000  3009.28959192  0.99000000
0.00882467  54.00000000  0.00069631  80.00000000  3009.28956290  0.99000000
0.02679315  72.00000000  0.01166879  80.00000000  3702.54080629  0.99000000
0.15847722  73.00000000  0.06267356  80.00000000  3004.75087244  0.99000000
0.22415160  67.00000000  0.00369197  80.00000000  3653.53368315  0.99000000
0.06541567  60.00000000  0.00256274  80.00000000  3103.01289912  0.99000000
0.11444278  63.00000000  0.03754726  80.00000000  3246.48956760  0.99000000
0.03184774  61.00000000  0.00389040  80.00000000  2926.75834242  0.99000000
0.01960297  78.00000000  0.01960297  80.00000000  3363.07371427  0.99000000
0.00849389  78.00000000  0.00849389  80.00000000  2956.70899565  0.99000000
0.00428252  51.00000000  0.00093144  80.00000000  2835.49965619  0.99000000
0.00010537  78.00000000  0.00010537  80.00000000  3049.53781351  0.99000000
0.05897707  71.00000000  0.00136311  80.00000000  3212.65592084  0.99000000
0.03282514  63.00000000  0.01181594  80.00000000  3188.97376853  0.99000000
0.03711991  53.00000000  0.01350845  80.00000000  3460.17754275  0.99000000
0.12637472  78.00000000  0.12637472  80.00000000  3615.16878234  0.99000000
0.17125083  64.00000000  0.05280797  80.00000000  3186.15296461  0.99000000
0.01725823  67.00000000  0.00734694  80.00000000  3353.30434469  0.99000000
0.00477845  50.00000000  0.00235626  80.00000000  3217.91994061  0.99000000
0.02021863  78.00000000  0.02021863  80.00000000  3559.16510705  0.99000000
0.01832746  54.00000000  0.00010652  80.00000000  3014.49654272  0.99000000
0.00042058  78.00000000  0.00042058  80.00000000  2863.77146143  0.99000000
0.12649493  58.00000000  0.02052488  80.00000000  3249.04544273  0.99000000
0.12376015  64.00000000  0.01940886  80.00000000  3075.11209677  0.99000000
0.10120746  61.00000000  0.03414812  80.00000000  3202.06259033  0.99000000
0.16049308  64.00000000  0.02155917  80.00000000  3397.99225319  0.99000000
0.02501625  76.00000000  0.02168728  80.00000000  3772.96900690  0.99000000
0.02948220  78.00000000  0.02948220  80.00000000  3014.23713584  0.99000000
0.04891257  75.00000000  0.04358611  80.00000000  3143.47434985  0.99000000
0.16337548  60.00000000  0.11496814  80.00000000  3563.05720915  0.99000000
0.05256479  65.00000000  0.00022220  80.00000000  3912.95974244  0.99000000
0.02119548  68.00000000  0.00226700  80.00000000  3924.45292834  0.99000000
0.12312980  78.00000000  0.12312980  80.00000000  3630.38498068  0.99000000
0.00099097  76.00000000  0.00090801  80.00000000  3848.51476695  0.99000000
0.01770086  78.00000000  0.01770086  80.00000000  3865.53684736  0.99000000
0.00124133  78.00000000  0.00124133  80.00000000  3138.35563674  0.99000000
0.04879006  71.00000000  0.04114360  80.00000000  4051.97834278  0.99000000
0.01785264  68.00000000  0.00351507  80.00000000  4095.58671095  0.99000000
0.02200758  75.00000000  0.01771309  80.00000000  3876.15245564  0.99000000
0.01843406  68.00000000  0.00505344  80.00000000  3837.65100183  0.99000000
0.00338368  78.00000000  0.00338368  80.00000000  3865.67374577  0.99000000
0.18111622  78.00000000  0.18111622  80.00000000  3935.13926764  0.99000000
0.00408290  78.00000000  0.00408290  80.00000000  4072.95365695  0.99000000
0.00169059  64.00000000  0.00046779  80.00000000  4054.17903655  0.99000000
0.39261572  66.00000000  0.03805939  80.00000000  3612.49798381  0.99000000
0.23926776  58.00000000  0.13620317  80.00000000  3548.72523433  0.99000000
0.15234103  67.00000000  0.01141145  80.00000000  3651.62396163  0.99000000
0.19145676  73.00000000  0.10188968  80.00000000  4059.74497256  0.99000000
0.22384051  78.00000000  0.22384051  80.00000000  3626.23435620  0.99000000
0.21392254  68.00000000  0.00620045  80.00000000  3570.26745580  0.99000000
0.20277319  77.00000000  0.19575593  80.00000000  3974.08332615  0.99000000
0.01312590  78.00000000  0.01312590  80.00000000  3276.25754574  0.99000000
0.04761760  78.00000000  0.04761760  80.00000000  3317.22312411  0.99000000
0.07973408  66.00000000  0.01143896  80.00000000  3486.01511554  0.99000000
0.02018384  73.00000000  0.01576005  80.00000000  4077.27549859  0.99000000
0.02921461  78.00000000  0.02921461  80.00000000  3856.32190401  0.99000000
0.07512638  78.00000000  0.07512638  80.00000000  3662.42333050  0.99000000
0.03591981  77.00000000  0.03552252  80.00000000  4063.84489822  0.99000000
0.05794335  78.00000000  0.05794335  80.00000000  3298.56700256  0.99000000
0.02313201  67.00000000  0.01314828  80.00000000  3785.64192213  0.99000000
0.00864933  78.00000000  0.00864933  80.00000000  3442.04393614  0.99000000
0.09221351  78.00000000  0.09221351  80.00000000  3848.01920927  0.99000000
0.01884648  60.00000000  0.01086785  80.00000000  3938.38280621  0.99000000
0.03088522  77.00000000  0.03011596  80.00000000  3722.46748473  0.99000000
0.02892430  77.00000000  0.02748834  80.00000000  3441.86715986  0.99000000
0.20511719  66.00000000  0.15885249  80.00000000  4065.60567595  0.99000000
0.20193808  73.00000000  0.07671739  80.00000000  3677.65641646  0.99000000
0.05675603  78.00000000  0.05675603  80.00000000  3431.45679448  0.99000000
0.02204032  54.00000000  0.00636925  80.00000000  3555.86474598  0.99000000
0.09268667  78.00000000  0.09268667  80.00000000  3478.29432084  0.99000000
0.16421854  69.00000000  0.06048888  80.00000000  3481.04636815  0.99000000
0.22195300  72.00000000  0.02431239  80.00000000  3910.39477261  0.99000000
0.37499980  68.00000000  0.03825937  80.00000000  4020.33894502  0.99000000
0.16267016  78.00000000  0.16267016  80.00000000  3914.34029981  0.99000000
0.15799941  78.00000000  0.15799941  80.00000000  4135.15910578  0.99000000
0.51944866  66.00000000  0.01012585  80.00000000  4114.34418553  0.99000000
0.27779773  66.00000000  0.25657805  80.00000000  4184.54022529  0.99000000
0.33774983  78.00000000  0.33774983  80.00000000  4161.62197499  0.99000000
0.65972333  66.00000000  0.08107902  80.00000000  4172.01925922  0.99000000
0.02108009  58.00000000  0.00761193  80.00000000  3545.33271261  0.99000000
0.11631840  69.00000000  0.01511836  80.00000000  4064.98378222  0.99000000
0.71768378  67.00000000  0.02233105  80.00000000  4199.41723811  0.99000000
0.52332025  65.00000000  0.08113712  80.00000000  4180.33455585  0.99000000
0.12734177  77.00000000  0.12178527  80.00000000  2139.55665531  0.99000000
0.19755344  77.00000000  0.19132031  80.00000000  3911.56172090  0.99000000
0.01224967  78.00000000  0.01224967  80.00000000  3841.49378264  0.99000000
0.00348376  78.00000000  0.00348376  80.00000000  4103.94257056  0.99000000
0.04196479  75.00000000  0.03633397  80.00000000  3954.32377929  0.99000000
0.01695114  71.00000000  0.00383477  80.00000000  4118.18520877  0.99000000
0.03376100  65.00000000  0.00154912  80.00000000  3869.37733293  0.99000000
0.16074451  78.00000000  0.16074451  80.00000000  3628.39943013  0.99000000
0.64897321  66.00000000  0.01620874  80.00000000  4065.47697434  0.99000000
0.15529249  75.00000000  0.12669796  80.00000000  3582.77356443  0.99000000
0.62664299  63.00000000  0.01396748  80.00000000  4032.13287668  0.99000000
0.76994552  63.00000000  0.03222450  80.00000000  4183.72146784  0.99000000
0.42878080  62.00000000  0.07082093  80.00000000  4030.95064762  0.99000000
0.01379895  71.00000000  0.00562336  80.00000000  3661.38881577  0.99000000
0.02486217  78.00000000  0.02486217  80.00000000  4007.61231022  0.99000000
0.47585720  64.00000000  0.14329266  80.00000000  4045.70858066  0.99000000
0.55152665  63.00000000  0.04615984  80.00000000  4040.17417254  0.99000000
0.34199994  63.00000000  0.00151502  80.00000000  3825.01602264  0.99000000
0.13354137  64.00000000  0.01230503  80.00000000  4058.52107567  0.99000000
0.04298512  78.00000000  0.04298512  80.00000000  3940.69000852  0.99000000
