9 9 5 5 5 5 9 0 7 0 8 0 0 1 1 1 1 9 2 2 9 10 10 10 3 10 12 3 4 11 12 5 5 5 12 5 5 5 5 5 5 5 5 5 5 5 5 5 0 0 0 0 0 0 0 0 0 0 0 0
7 6 7 5 5 8 0 0 11 11 0 8 0 1 1 1 1 1 2 9 2 0 0 3 10 3 0 4 12 11 5 5 5 5 5 12 5 5 6 6 3 3 3 5 5 5 4 6 6 0 0 0 0 0 0 0 0 0 0 0
5 5 0 0 0 12 8 9 11 9 9 0 0 1 1 1 1 10 2 9 2 10 0 3 10 3 0 4 12 11 5 5 5 0 12 5 5 0 6 6 1 1 1 5 4 4 4 6 6 0 0 0 0 0 0 0 0 0 0 0
11 5 8 0 5 0 0 0 7 0 0 0 1 1 0 1 11 11 9 2 11 0 12 3 10 3 3 3 12 11 5 5 5 0 12 1 6 6 6 0 5 5 5 7 7 7 6 1 2 0 0 0 0 0 0 0 0 0 0 0
12 12 5 5 5 5 8 12 12 8 9 9 10 1 11 1 11 11 10 2 9 11 10 3 10 10 1 4 12 11 5 5 5 0 12 5 5 5 6 6 3 3 5 7 7 7 4 6 7 0 0 0 0 0 0 0 0 0 0 0
6 0 0 0 5 0 0 0 11 11 7 0 8 1 1 1 1 10 2 2 9 1 3 3 10 3 1 4 4 11 5 5 5 12 5 5 5 5 6 6 2 6 6 7 7 6 6 6 1 0 0 0 0 0 0 0 0 0 0 0
5 5 5 5 5 11 11 9 11 0 9 9 8 1 11 1 1 1 0 2 9 1 0 0 10 0 0 4 12 11 5 5 5 0 12 5 5 5 6 6 6 6 6 6 7 4 4 4 7 0 0 0 0 0 0 0 0 0 0 0
4 10 0 5 5 12 12 8 8 0 8 0 0 1 1 1 1 9 2 2 9 10 11 11 3 3 3 3 4 11 12 5 5 5 12 5 5 5 5 5 5 5 5 5 5 5 5 5 5 0 0 0 0 0 0 0 0 0 0 0
6 6 9 0 0 0 9 7 7 0 0 0 8 1 0 1 0 0 2 2 9 2 10 3 10 10 0 4 12 11 5 5 5 0 12 5 0 5 6 6 1 3 0 6 6 4 4 4 6 0 0 0 0 0 0 0 0 0 0 0
8 8 8 10 5 5 10 10 10 10 10 10 11 0 1 12 12 12 2 2 2 2 9 10 10 10 3 12 4 4 11 5 5 5 5 12 5 5 5 5 5 5 5 5 5 5 5 5 5 5 0 0 0 0 0 0 0 0 0 0
