8 8 1 1 8 8 8 8 8 8 6 6 6 6 6 8 8 8 8 2 8 8 8 8 8 8 8 8 8 8 8 14 14 14 14 14 5 1 1 1 1 11 11 6 8 8 8 8 8 8 8 8 8 8 1 8 8 8 1 8 1 1 1 1 1 4 8 8 8 8 8 8 8 8 8 8 8 8 8 8
8 8 1 1 8 8 8 8 8 8 6 6 6 6 6 8 8 8 8 8 8 8 8 8 8 8 8 8 8 1 5 5 0 0 5 5 5 5 5 1 10 14 10 6 6 8 8 8 8 8 8 8 8 8 8 8 8 16 16 7 16 16 8 8 8 1 8 8 8 8 8 8 8 8 8 8 14 14 14 14
8 8 1 1 8 8 8 8 8 8 6 6 6 6 6 8 8 8 8 8 8 8 8 8 0 8 8 8 8 5 8 8 6 5 5 5 5 5 5 11 11 11 11 11 12 8 8 8 8 8 8 8 8 8 8 8 8 8 8 8 8 8 8 8 8 8 8 6 6 8 8 8 8 8 8 8 8 8 8 8
8 8 1 1 8 8 8 8 8 8 6 6 6 6 6 8 8 8 8 8 8 8 8 8 9 8 8 8 8 5 8 8 6 5 5 5 5 5 5 11 13 11 11 11 12 8 8 8 8 8 8 8 8 8 8 8 8 8 8 8 8 8 8 8 8 8 8 6 6 8 8 8 8 8 8 8 8 8 8 8
8 8 1 1 8 8 8 8 8 8 6 6 6 6 6 8 8 8 8 8 8 8 8 3 8 7 0 0 8 8 8 8 5 5 14 14 6 1 11 11 8 12 12 12 12 12 12 12 8 3 8 14 0 14 14 14 8 8 14 14 8 8 8 8 8 8 8 8 8 8 8 6 6 7 7 7 7 7 7 7
8 8 1 1 8 8 8 8 8 8 6 6 5 6 6 6 8 8 8 8 8 8 8 8 8 8 8 0 0 0 0 0 0 0 5 5 5 5 5 5 8 1 1 1 1 1 1 8 8 1 1 1 8 8 8 1 1 1 1 1 8 14 14 1 1 14 14 14 14 14 16 1 0 0 0 0 0 0 10 10
8 8 1 1 8 8 8 8 8 8 6 6 6 6 6 8 8 8 8 8 8 8 8 8 8 8 8 8 8 1 5 5 0 0 5 5 5 5 5 1 10 14 10 6 6 8 8 8 8 8 8 8 8 8 8 8 8 16 16 16 16 16 16 16 8 8 8 8 8 8 8 8 8 8 8 8 8 8 8 8
8 8 1 1 11 8 8 8 8 8 6 6 6 6 6 8 8 8 8 8 8 8 8 8 7 0 0 0 8 8 8 8 8 6 1 1 1 1 8 12 12 12 12 12 12 12 12 12 12 14 14 0 0 0 0 0 0 8 8 8 8 8 8 8 8 8 6 6 12 12 12 12 12 6 6 6 6 6 10 10
8 8 1 1 8 8 8 8 8 8 6 6 6 6 6 8 8 8 8 8 8 8 8 8 8 8 8 8 8 8 5 7 8 8 8 8 8 8 8 8 6 8 8 8 11 12 12 12 12 12 12 12 12 1 14 14 14 14 14 1 8 8 8 8 8 8 8 8 6 6 7 7 7 8 8 8 8 8 8 8
8 3 1 1 8 16 16 8 8 6 6 6 6 6 6 8 8 8 8 8 8 8 8 8 8 8 8 8 8 5 8 8 6 5 5 5 5 5 5 11 11 11 11 11 12 8 8 8 8 8 8 8 8 8 8 8 8 8 8 8 8 8 8 8 8 8 8 6 6 8 5 8 8 8 8 8 8 8 8 8
