# Results obtained using DQN. CPU time: 41.76743793487549
0.02834783  78.00000000  0.02834783  80.00000000  3586.62496849  0.00000000
0.00041141  65.00000000  0.00001166  80.00000000  1649.83868554  0.00000000
0.00237958  78.00000000  0.00237958  80.00000000  1819.48890258  0.00000000
0.00022683  78.00000000  0.00022683  80.00000000  1354.70875437  0.00000000
0.00027408  66.00000000  0.00009465  80.00000000  1478.37149076  0.00000000
0.00762189  75.00000000  0.00600306  80.00000000  2510.21694969  0.00000000
0.00439642  77.00000000  0.00321275  80.00000000  2873.71211685  0.15448555
0.00047425  76.00000000  0.00022506  80.00000000  1786.82560183  0.37919180
0.00065539  65.00000000  0.00040732  80.00000000  1882.79081257  0.60389805
0.01036970  71.00000000  0.00521881  80.00000000  1641.60359496  0.82860430
0.00121855  68.00000000  0.00003411  80.00000000  2829.43480395  0.99000000
0.00045808  76.00000000  0.00040372  80.00000000  2808.36180554  0.99000000
0.00309674  78.00000000  0.00309674  80.00000000  2807.53860884  0.99000000
0.00132841  78.00000000  0.00132841  80.00000000  2808.37484664  0.99000000
0.00045808  76.00000000  0.00040372  80.00000000  2808.36180554  0.99000000
0.00045808  76.00000000  0.00040372  80.00000000  2808.36180554  0.99000000
0.21815883  78.00000000  0.21815883  80.00000000  2806.38066206  0.99000000
0.00045808  76.00000000  0.00040372  80.00000000  2808.36180554  0.99000000
0.00045808  76.00000000  0.00040372  80.00000000  2808.36180554  0.99000000
0.00045808  76.00000000  0.00040372  80.00000000  2808.36180554  0.99000000
0.00045808  76.00000000  0.00040372  80.00000000  2808.36180554  0.99000000
0.00824651  78.00000000  0.00824651  80.00000000  2808.23982052  0.99000000
0.00045808  76.00000000  0.00040372  80.00000000  2808.36180554  0.99000000
0.06654773  70.00000000  0.04672914  80.00000000  2791.88054401  0.99000000
0.00045808  76.00000000  0.00040372  80.00000000  2808.36180554  0.99000000
0.01097937  77.00000000  0.01067948  80.00000000  2838.12508688  0.99000000
0.00045808  76.00000000  0.00040372  80.00000000  2808.36180554  0.99000000
0.05498093  75.00000000  0.04705012  80.00000000  2865.59828434  0.99000000
0.00045808  76.00000000  0.00040372  80.00000000  2808.36180554  0.99000000
0.00045808  76.00000000  0.00040372  80.00000000  2808.36180554  0.99000000
0.02624736  78.00000000  0.02624736  80.00000000  2933.51895027  0.99000000
0.40015312  75.00000000  0.31710336  80.00000000  2979.07802959  0.99000000
0.00044685  63.00000000  0.00031571  80.00000000  2808.36180165  0.99000000
0.00045808  76.00000000  0.00040372  80.00000000  2808.36180554  0.99000000
0.00045808  76.00000000  0.00040372  80.00000000  2808.36180554  0.99000000
0.00045808  76.00000000  0.00040372  80.00000000  2808.36180554  0.99000000
0.00045808  76.00000000  0.00040372  80.00000000  2808.36180554  0.99000000
0.00049083  77.00000000  0.00048190  80.00000000  2808.36180638  0.99000000
0.00045808  76.00000000  0.00040372  80.00000000  2808.36180554  0.99000000
0.00059197  65.00000000  0.00022500  80.00000000  2820.83120016  0.99000000
0.00053854  68.00000000  0.00010496  80.00000000  2808.36180480  0.99000000
0.00046536  63.00000000  0.00010324  80.00000000  2808.36180012  0.99000000
0.00045808  76.00000000  0.00040372  80.00000000  2808.36180552  0.99000000
0.00045808  76.00000000  0.00040372  80.00000000  2808.36180554  0.99000000
0.00045808  76.00000000  0.00040372  80.00000000  2808.36180554  0.99000000
0.00946446  78.00000000  0.00946446  80.00000000  2808.31358431  0.99000000
0.00044874  77.00000000  0.00043261  80.00000000  2809.06702268  0.99000000
0.00096288  76.00000000  0.00083936  80.00000000  2807.45166356  0.99000000
0.00948404  78.00000000  0.00948404  80.00000000  2793.78189896  0.99000000
0.00049439  78.00000000  0.00049439  80.00000000  2806.87355354  0.99000000
0.00045780  76.00000000  0.00040010  80.00000000  2808.36180556  0.99000000
0.19963548  78.00000000  0.19963548  80.00000000  2817.15574740  0.99000000
0.00045808  76.00000000  0.00040372  80.00000000  2808.36180554  0.99000000
0.00045808  76.00000000  0.00040372  80.00000000  2808.36180554  0.99000000
0.00053461  77.00000000  0.00051994  80.00000000  2808.50875659  0.99000000
0.00045808  76.00000000  0.00040372  80.00000000  2808.36180554  0.99000000
0.22962212  72.00000000  0.07169727  80.00000000  2851.08939009  0.99000000
0.00045808  76.00000000  0.00040372  80.00000000  2808.36180554  0.99000000
0.00289699  78.00000000  0.00289699  80.00000000  2807.11229967  0.99000000
0.00045808  76.00000000  0.00040372  80.00000000  2808.36180554  0.99000000
0.00045808  76.00000000  0.00040372  80.00000000  2808.36180554  0.99000000
0.00045808  76.00000000  0.00040372  80.00000000  2808.36180554  0.99000000
0.00045808  76.00000000  0.00040372  80.00000000  2808.36180554  0.99000000
0.00094060  78.00000000  0.00094060  80.00000000  2802.30865106  0.99000000
0.00045808  76.00000000  0.00040372  80.00000000  2808.36180554  0.99000000
0.00052230  77.00000000  0.00050537  80.00000000  2808.36180684  0.99000000
0.00045808  76.00000000  0.00040372  80.00000000  2808.36180554  0.99000000
0.00045808  76.00000000  0.00040372  80.00000000  2808.36180554  0.99000000
0.05956498  78.00000000  0.05956498  80.00000000  2793.99836197  0.99000000
0.00045808  76.00000000  0.00040372  80.00000000  2808.36180554  0.99000000
0.00045808  76.00000000  0.00040372  80.00000000  2808.36180554  0.99000000
0.00045819  76.00000000  0.00040408  80.00000000  2808.36180558  0.99000000
0.00045808  76.00000000  0.00040372  80.00000000  2808.36180554  0.99000000
0.00045808  76.00000000  0.00040372  80.00000000  2808.36180554  0.99000000
0.00045808  76.00000000  0.00040372  80.00000000  2808.36180554  0.99000000
0.00045808  76.00000000  0.00040372  80.00000000  2808.36180554  0.99000000
0.00044355  76.00000000  0.00039995  80.00000000  2807.94537226  0.99000000
0.00055052  72.00000000  0.00006652  80.00000000  2808.36179145  0.99000000
0.00047656  63.00000000  0.00027966  80.00000000  2808.36180088  0.99000000
0.00045808  76.00000000  0.00040372  80.00000000  2808.36180554  0.99000000
0.00045808  76.00000000  0.00040372  80.00000000  2808.36180554  0.99000000
0.00045808  76.00000000  0.00040372  80.00000000  2808.36180554  0.99000000
0.00045808  76.00000000  0.00040372  80.00000000  2808.36180554  0.99000000
0.00045808  76.00000000  0.00040372  80.00000000  2808.36180653  0.99000000
0.00043681  62.00000000  0.00023298  80.00000000  2808.36179417  0.99000000
0.00045808  76.00000000  0.00040372  80.00000000  2808.36180554  0.99000000
0.00044454  72.00000000  0.00013270  80.00000000  2808.36179928  0.99000000
0.00958165  78.00000000  0.00958165  80.00000000  2814.64183928  0.99000000
0.00045808  76.00000000  0.00040372  80.00000000  2808.36180554  0.99000000
0.00045808  76.00000000  0.00040372  80.00000000  2808.36180554  0.99000000
0.00045808  76.00000000  0.00040372  80.00000000  2808.36180554  0.99000000
0.00045808  76.00000000  0.00040372  80.00000000  2808.36180554  0.99000000
0.00045808  76.00000000  0.00040372  80.00000000  2808.36180554  0.99000000
0.00094060  78.00000000  0.00094060  80.00000000  2802.30865106  0.99000000
0.00045773  76.00000000  0.00040242  80.00000000  2808.37397983  0.99000000
0.01099600  78.00000000  0.01099600  80.00000000  2813.36922968  0.99000000
0.00061597  62.00000000  0.00042746  80.00000000  2809.04165810  0.99000000
0.00073856  78.00000000  0.00073856  80.00000000  2808.36181638  0.99000000
0.00045808  76.00000000  0.00040372  80.00000000  2808.36180554  0.99000000
0.00045808  76.00000000  0.00040372  80.00000000  2808.36180554  0.99000000
0.00152266  78.00000000  0.00152266  80.00000000  2808.30160830  0.99000000
0.00045808  76.00000000  0.00040372  80.00000000  2808.36180554  0.99000000
0.00045808  76.00000000  0.00040372  80.00000000  2808.36180554  0.99000000
0.00062004  62.00000000  0.00055077  80.00000000  2809.04119891  0.99000000
0.13789908  64.00000000  0.01727546  80.00000000  2951.03775527  0.99000000
0.00785577  78.00000000  0.00785577  80.00000000  2808.24086809  0.99000000
0.00045808  76.00000000  0.00040372  80.00000000  2808.36180554  0.99000000
0.00045808  76.00000000  0.00040367  80.00000000  2808.36180554  0.99000000
0.00045808  76.00000000  0.00040372  80.00000000  2808.36180554  0.99000000
0.00514765  78.00000000  0.00514765  80.00000000  2807.94858578  0.99000000
0.00506850  78.00000000  0.00506850  80.00000000  2800.99105021  0.99000000
0.00045808  76.00000000  0.00040372  80.00000000  2808.36180554  0.99000000
0.00045862  76.00000000  0.00040504  80.00000000  2808.35858741  0.99000000
0.00045808  76.00000000  0.00040372  80.00000000  2808.36180554  0.99000000
0.00045808  76.00000000  0.00040372  80.00000000  2808.36180554  0.99000000
0.00045808  76.00000000  0.00040372  80.00000000  2808.36180554  0.99000000
0.00045808  76.00000000  0.00040372  80.00000000  2808.36180554  0.99000000
0.40441167  74.00000000  0.31196154  80.00000000  2979.54591251  0.99000000
0.00045808  76.00000000  0.00040372  80.00000000  2808.36180554  0.99000000
0.01956681  78.00000000  0.01956681  80.00000000  2589.58444731  0.99000000
0.04083789  73.00000000  0.02034624  80.00000000  2743.97615966  0.99000000
0.00045808  76.00000000  0.00040372  80.00000000  2808.36180554  0.99000000
0.03570214  78.00000000  0.03570214  80.00000000  2679.38905330  0.99000000
0.12494527  71.00000000  0.02236664  80.00000000  2431.04111741  0.99000000
0.00045808  76.00000000  0.00040372  80.00000000  2808.36180554  0.99000000
0.00045305  78.00000000  0.00045305  80.00000000  2808.36180066  0.99000000
0.12494533  71.00000000  0.02236665  80.00000000  2431.04111444  0.99000000
0.00045808  76.00000000  0.00040372  80.00000000  2808.36180554  0.99000000
0.00523660  78.00000000  0.00523660  80.00000000  2809.02196972  0.99000000
0.00045808  76.00000000  0.00040372  80.00000000  2808.36180554  0.99000000
0.00028809  75.00000000  0.00007690  80.00000000  2808.36178752  0.99000000
0.04032630  78.00000000  0.04032630  80.00000000  2793.71262537  0.99000000
0.00045808  76.00000000  0.00040372  80.00000000  2808.36180554  0.99000000
0.00434383  78.00000000  0.00434383  80.00000000  2810.60077468  0.99000000
0.00045808  76.00000000  0.00040372  80.00000000  2808.36180552  0.99000000
0.00045808  76.00000000  0.00040372  80.00000000  2808.36180554  0.99000000
0.06147845  78.00000000  0.06147845  80.00000000  2791.06969934  0.99000000
0.00045808  76.00000000  0.00040372  80.00000000  2808.36180554  0.99000000
0.00045808  76.00000000  0.00040372  80.00000000  2808.36180554  0.99000000
0.00045808  76.00000000  0.00040372  80.00000000  2808.36180554  0.99000000
0.00045808  76.00000000  0.00040372  80.00000000  2808.36180554  0.99000000
0.00045808  76.00000000  0.00040372  80.00000000  2808.36180554  0.99000000
0.00045808  76.00000000  0.00040372  80.00000000  2808.36180554  0.99000000
0.00045808  76.00000000  0.00040372  80.00000000  2808.36180554  0.99000000
0.00118525  78.00000000  0.00118525  80.00000000  2776.82857575  0.99000000
0.16226493  78.00000000  0.16226493  80.00000000  2820.11258762  0.99000000
0.00045808  76.00000000  0.00040372  80.00000000  2808.36180554  0.99000000
0.22858990  72.00000000  0.08479394  80.00000000  2889.87835526  0.99000000
0.00045808  76.00000000  0.00040372  80.00000000  2808.36180554  0.99000000
0.00072654  78.00000000  0.00072654  80.00000000  2808.36181459  0.99000000
0.00072229  78.00000000  0.00072229  80.00000000  2808.36180557  0.99000000
0.00033821  75.00000000  0.00028467  80.00000000  2807.87102389  0.99000000
0.00045808  76.00000000  0.00040372  80.00000000  2808.36180554  0.99000000
0.00050583  78.00000000  0.00050583  80.00000000  2808.36180537  0.99000000
0.09741022  78.00000000  0.09741022  80.00000000  2429.38515109  0.99000000
0.00045808  76.00000000  0.00040372  80.00000000  2808.36180554  0.99000000
0.00045808  76.00000000  0.00040372  80.00000000  2808.36180554  0.99000000
0.01027084  78.00000000  0.01027084  80.00000000  2808.30055850  0.99000000
0.00045808  76.00000000  0.00040372  80.00000000  2808.36180554  0.99000000
0.00134870  78.00000000  0.00134870  80.00000000  2813.09273149  0.99000000
0.12689952  72.00000000  0.03121467  80.00000000  2871.63569599  0.99000000
0.09984400  78.00000000  0.09984400  80.00000000  2807.81308672  0.99000000
0.05309090  71.00000000  0.02389966  80.00000000  2650.11655658  0.99000000
0.00045808  76.00000000  0.00040372  80.00000000  2808.36180554  0.99000000
0.00031509  58.00000000  0.00006730  80.00000000  2811.16488058  0.99000000
0.01213941  78.00000000  0.01213941  80.00000000  2809.01311246  0.99000000
0.00045808  76.00000000  0.00040372  80.00000000  2808.36180554  0.99000000
0.00045808  76.00000000  0.00040372  80.00000000  2808.36180554  0.99000000
0.00045808  76.00000000  0.00040372  80.00000000  2808.36180554  0.99000000
0.02130473  77.00000000  0.02064157  80.00000000  2840.73375755  0.99000000
0.00045808  76.00000000  0.00040372  80.00000000  2808.36180554  0.99000000
0.00045808  76.00000000  0.00040372  80.00000000  2808.36180554  0.99000000
0.00045808  76.00000000  0.00040372  80.00000000  2808.36180554  0.99000000
0.00575500  72.00000000  0.00204642  80.00000000  2411.15956006  0.99000000
0.00045808  76.00000000  0.00040372  80.00000000  2808.36180554  0.99000000
0.00045808  76.00000000  0.00040372  80.00000000  2808.36180554  0.99000000
0.00033838  75.00000000  0.00028471  80.00000000  2807.87102522  0.99000000
0.24403500  72.00000000  0.08637026  80.00000000  2890.28462327  0.99000000
0.00045808  76.00000000  0.00040372  80.00000000  2808.36180554  0.99000000
0.00062350  75.00000000  0.00041224  80.00000000  2808.36181117  0.99000000
0.17793517  73.00000000  0.08293977  80.00000000  2689.05258318  0.99000000
0.00038314  75.00000000  0.00032488  80.00000000  2807.97141460  0.99000000
0.00053461  77.00000000  0.00051994  80.00000000  2808.50875659  0.99000000
0.26710829  64.00000000  0.18505766  80.00000000  2884.97451981  0.99000000
0.00038324  74.00000000  0.00008765  80.00000000  2808.36178906  0.99000000
0.00187356  78.00000000  0.00187356  80.00000000  2808.36186695  0.99000000
0.00045808  76.00000000  0.00040372  80.00000000  2808.36180554  0.99000000
0.05209020  78.00000000  0.05209020  80.00000000  2725.13204286  0.99000000
0.00045808  76.00000000  0.00040372  80.00000000  2808.36180554  0.99000000
0.00045808  76.00000000  0.00040372  80.00000000  2808.36180554  0.99000000
0.00045808  76.00000000  0.00040372  80.00000000  2808.36180554  0.99000000
0.34992866  71.00000000  0.09618225  80.00000000  2886.69921247  0.99000000
0.00045808  76.00000000  0.00040372  80.00000000  2808.36180554  0.99000000
0.00045808  76.00000000  0.00040372  80.00000000  2808.36180554  0.99000000
0.00045773  76.00000000  0.00040242  80.00000000  2808.37397978  0.99000000
0.00045808  76.00000000  0.00040372  80.00000000  2808.36180554  0.99000000
0.00045808  76.00000000  0.00040372  80.00000000  2808.36180554  0.99000000
0.00289699  78.00000000  0.00289699  80.00000000  2807.11229967  0.99000000
0.00054071  78.00000000  0.00054071  80.00000000  2807.43263940  0.99000000
0.00564947  75.00000000  0.00477313  80.00000000  2846.32254987  0.99000000
0.00045808  76.00000000  0.00040372  80.00000000  2808.36180554  0.99000000
