13
17
15
6
32
28
19
10
0
19
31
29
20
1
10
0
27
2
11
28
23
0
3
12
32
0
4
25
25
15
5
25
24
15
6
16
27
7
17
2
24
8
3
32
30
9
19
5
29
32
20
22
11
21
32
12
23
22
12
13
31
23
13
24
26
24
27
25
8
16
15
26
26
17
29
27
32
9
18
28
12
19
8
29
20
30
15
30
14
0
32
31
11
3
10
15
32
0
4
18
0
19
5
25
19
2
18
2
2
7
31
7
31
29
31
32
31
9
31
22
29
32
32
31
32
32
32
32
12
32
30
31
31
23
32
30
32
30
32
31
31
30
32
32
13
