14 14 14 14 14 14 7 15 15 14 14 14 14 14 1 14 14 14 14 14 14 14 2 3 12 12 14 14 1 14 1 1 1 1 1 14 14 14 14 14 16 3 3 3 3 3 3 3 3 3 4 3 3 3 3 3 1 1 1 1 1 16 16 1 1 15 15 4 11 11 15 4 15 2 11 15 4 15 4 4
14 14 14 14 14 7 7 15 15 14 14 14 14 14 14 1 15 14 14 14 14 14 14 14 3 14 4 4 4 12 4 4 5 5 5 5 5 5 5 5 5 3 3 5 5 5 1 3 3 16 1 1 16 3 3 1 1 4 1 1 1 14 14 14 14 2 2 16 1 1 1 2 2 1 1 1 1 1 6 6
14 14 14 14 14 7 7 12 12 14 14 14 14 14 1 8 14 14 14 14 14 14 14 3 14 14 14 14 14 14 14 14 14 5 4 5 5 5 5 5 5 3 3 5 3 3 1 1 1 16 1 1 1 1 1 1 1 1 1 1 1 1 1 1 6 16 16 2 2 6 2 6 2 6 1 2 4 4 4 6
14 14 14 14 14 15 15 10 10 14 14 14 14 14 1 10 14 14 14 14 14 14 14 3 14 14 14 14 14 14 14 14 5 4 5 5 5 5 5 5 5 1 1 1 1 1 1 1 16 1 1 1 1 1 1 1 1 1 1 1 1 1 1 11 11 2 2 16 16 4 4 4 4 4 2 15 6 6 4 4
14 14 14 14 14 14 14 14 14 14 14 14 14 14 14 1 14 14 14 14 14 14 14 14 3 14 3 3 4 3 4 4 4 5 5 5 5 5 5 5 5 5 3 3 3 3 3 16 9 9 9 9 4 4 1 4 4 4 4 4 4 4 4 4 4 4 8 10 8 8 4 8 8 4 5 5 5 9 9 9
14 14 14 14 14 14 12 12 12 14 14 14 14 14 14 1 8 14 14 14 14 14 3 3 3 3 3 4 4 4 4 4 4 4 5 5 5 5 14 5 5 5 5 5 3 3 2 2 3 3 1 3 3 3 3 1 1 3 3 4 1 1 1 4 4 2 2 2 2 2 16 2 2 2 4 4 2 2 4 4
14 14 14 14 14 14 14 14 14 14 14 14 14 14 14 1 14 14 14 14 14 14 14 14 3 3 3 3 4 4 4 4 5 5 5 5 5 5 5 5 5 3 3 3 5 5 5 16 9 1 9 9 1 1 1 1 1 1 1 4 4 1 1 16 11 9 11 11 11 11 4 15 5 5 5 3 3 3 3 3
14 14 14 14 14 14 14 14 14 14 14 14 14 14 14 1 14 14 14 14 14 14 14 14 3 14 4 4 4 4 4 5 5 5 5 5 5 5 5 5 5 5 5 5 1 1 1 1 1 1 1 1 1 1 1 1 10 1 16 1 16 5 1 1 8 15 8 8 15 3 3 8 8 8 5 8 6 6 6 3
14 14 14 14 5 5 5 0 0 14 14 14 14 1 14 1 14 14 14 14 14 14 14 3 14 14 14 14 14 14 14 14 5 5 5 5 5 5 5 5 14 2 5 5 5 5 5 5 16 3 5 3 3 3 3 1 1 1 1 1 3 9 1 1 1 16 1 4 16 2 2 1 15 4 4 2 15 2 2 2
14 14 14 14 14 14 7 7 14 14 14 14 14 14 14 1 14 14 14 14 14 14 14 14 3 14 4 4 4 4 4 5 5 5 5 5 5 5 5 5 3 3 5 5 5 1 16 16 1 1 1 1 1 1 1 1 1 1 1 1 16 16 1 1 13 15 8 8 8 15 13 3 3 3 3 3 15 15 11 2
