3 3 3 3 3 3 3 3 6 6 6 6 6 6 6 6 6 6 6 6 6 6 6 6 6 6 6 12 12 12 1 12 1 12 12 3 3 3 3 3 3 3 3 3 3 3 3 3 3 3 0 0 0 0 12 0 0 0 0 0
0 4 4 8 2 3 0 4 9 6 11 7 11 5 0 5 7 9 6 7 6 7 7 6 1 1 10 3 4 11 9 2 5 2 2 11 0 10 2 4 5 4 2 10 9 7 7 6 2 12 3 1 9 9 8 8 1 0 12 9
3 3 3 3 3 3 3 10 6 6 6 6 6 6 6 6 6 6 6 6 6 6 6 6 6 6 12 12 12 1 12 12 12 3 3 6 6 6 5 12 12 12 12 12 12 6 5 5 5 5 3 3 3 3 3 3 3 3 8 8
3 3 3 3 4 3 3 6 6 6 6 6 6 6 6 11 6 6 12 6 6 6 6 6 6 6 6 12 12 12 1 12 12 6 3 3 3 3 3 3 3 3 3 3 3 3 3 3 3 3 3 3 9 9 3 3 3 3 5 3
3 3 3 3 3 3 3 3 6 6 6 6 6 6 6 6 6 6 6 6 6 6 6 6 6 12 12 12 12 12 12 3 12 5 12 12 5 5 5 5 5 5 5 5 5 6 6 6 6 6 6 6 6 6 6 6 6 6 6 6
3 3 3 3 3 3 3 3 6 6 6 6 6 6 6 8 6 6 6 6 6 6 6 6 6 6 12 12 12 12 12 3 12 5 12 12 5 5 5 5 5 5 5 5 5 6 6 6 6 6 6 6 6 6 6 6 6 6 6 6
3 3 3 3 3 3 3 3 6 6 6 6 6 6 6 6 6 6 6 6 6 6 6 6 0 6 6 12 12 12 5 3 3 3 3 3 3 3 11 3 3 3 3 3 3 3 3 3 0 0 6 0 0 0 0 0 0 0 0 0
3 3 3 3 3 3 3 3 4 6 6 6 6 6 6 6 6 6 6 6 6 6 6 6 6 6 6 12 12 12 5 3 3 3 3 3 3 3 3 3 3 3 3 3 3 3 3 3 3 6 0 0 0 0 0 0 0 0 5 0
1 8 3 7 10 8 11 6 4 12 12 6 10 6 6 0 9 3 3 3 10 0 12 0 2 1 10 5 5 3 7 7 11 10 0 6 11 8 9 10 12 2 11 6 11 5 2 12 9 2 8 0 9 10 0 8 8 2 1 1
3 3 3 3 3 0 3 3 6 6 6 6 6 6 6 6 6 6 6 6 6 6 6 6 6 6 6 12 12 12 1 12 1 12 12 5 12 12 12 12 5 5 5 5 5 5 6 6 6 6 6 6 6 6 6 6 6 6 6 6
