# Results obtained using DQN. CPU time: 33.51941919326782
0.00160480  48.00000000  0.00038068  60.00000000  1446.75579975  0.00000000
0.12511019  57.00000000  0.12483499  60.00000000  1766.91856343  0.00000000
0.00178203  45.00000000  0.00046650  60.00000000  1229.81016662  0.00000000
0.01586306  57.00000000  0.01484215  60.00000000  2360.39323173  0.00000000
0.00121376  53.00000000  0.00096854  60.00000000  1686.41129230  0.00000000
0.01821359  50.00000000  0.01093026  60.00000000  3245.37759998  0.00000000
0.00221184  51.00000000  0.00161870  60.00000000  1829.81479521  0.00000000
0.00090864  46.00000000  0.00014265  60.00000000  1136.13292627  0.00000000
0.11282766  58.00000000  0.11282766  60.00000000  2691.05355818  0.00732536
0.00053385  53.00000000  0.00048153  60.00000000  1139.08678201  0.01988312
0.00553959  52.00000000  0.00254098  60.00000000  1648.19848825  0.03244088
0.03877221  47.00000000  0.02636213  60.00000000  2970.81870374  0.04499864
0.00084560  58.00000000  0.00084560  60.00000000  1517.69596575  0.05755640
0.00144643  58.00000000  0.00144643  60.00000000  1589.91140202  0.07011416
0.00041821  52.00000000  0.00028215  60.00000000  2381.72538389  0.08267192
0.00090418  51.00000000  0.00035667  60.00000000  1450.62795011  0.09522968
0.02416284  45.00000000  0.00394703  60.00000000  2085.84344105  0.10778744
0.00094682  58.00000000  0.00094682  60.00000000  1288.70667553  0.12034520
0.00235921  50.00000000  0.00016212  60.00000000  2102.75272220  0.13290296
0.00069590  58.00000000  0.00069590  60.00000000  1480.28752724  0.14546072
0.00022311  50.00000000  0.00004824  60.00000000  1782.79072948  0.15801848
0.00170839  51.00000000  0.00011110  60.00000000  1716.47434369  0.17057624
0.00120049  51.00000000  0.00007608  60.00000000  2334.88469903  0.18313400
0.00110779  58.00000000  0.00110779  60.00000000  1760.25610992  0.19569176
0.00030803  58.00000000  0.00030803  60.00000000  2039.76757214  0.20824952
0.00013842  58.00000000  0.00013842  60.00000000  1440.88939834  0.22080728
0.00610086  58.00000000  0.00610086  60.00000000  1464.16938015  0.23336504
0.00034333  58.00000000  0.00034333  60.00000000  1098.12099169  0.24592280
0.00400112  56.00000000  0.00307339  60.00000000  2487.50710497  0.25848056
0.00079541  58.00000000  0.00079541  60.00000000  2154.96173938  0.27103832
0.00006610  47.00000000  0.00006115  60.00000000  1597.82763753  0.28359608
0.00018348  58.00000000  0.00018348  60.00000000  1187.37865722  0.29615384
0.00170906  58.00000000  0.00170906  60.00000000  1816.53687950  0.30871160
0.00030088  57.00000000  0.00029381  60.00000000  1633.27544908  0.32126936
0.00042076  58.00000000  0.00042076  60.00000000  2314.08110002  0.33382712
0.00286477  50.00000000  0.00009648  60.00000000  1742.31265579  0.34638488
0.00633798  55.00000000  0.00300356  60.00000000  1462.33867116  0.35894264
0.00232776  58.00000000  0.00232776  60.00000000  1980.16871055  0.37150040
0.00024628  43.00000000  0.00021223  60.00000000  2109.91854590  0.38405816
0.06386869  42.00000000  0.01516946  60.00000000  2228.89573766  0.39661592
0.00003722  58.00000000  0.00003722  60.00000000  1109.26172179  0.40917368
0.00261629  57.00000000  0.00176458  60.00000000  1409.11850321  0.42173144
0.00026697  56.00000000  0.00014660  60.00000000  1413.38841450  0.43428920
0.00027181  53.00000000  0.00019080  60.00000000  1719.74570970  0.44684696
0.06176102  58.00000000  0.06176102  60.00000000  1947.21607703  0.45940472
0.00066121  58.00000000  0.00066121  60.00000000  1700.68238223  0.47196248
0.00030837  55.00000000  0.00020828  60.00000000  1457.66455338  0.48452024
0.00395489  55.00000000  0.00278856  60.00000000  2540.78165043  0.49707800
0.00237404  56.00000000  0.00111646  60.00000000  1711.36650393  0.50963576
0.00133994  56.00000000  0.00124671  60.00000000  1289.42953093  0.52219352
0.03990595  58.00000000  0.03990595  60.00000000  2461.46506628  0.53475128
0.00046228  45.00000000  0.00010337  60.00000000  1385.11319179  0.54730904
0.02598145  56.00000000  0.02223935  60.00000000  1505.28359224  0.55986680
0.00308134  53.00000000  0.00206846  60.00000000  1584.21577465  0.57242456
0.01165672  58.00000000  0.01165672  60.00000000  1840.20315084  0.58498232
0.01572217  58.00000000  0.01572217  60.00000000  1857.88773046  0.59754008
0.00144611  58.00000000  0.00144611  60.00000000  2030.64226889  0.61009784
0.00251236  56.00000000  0.00201006  60.00000000  2100.77600322  0.62265560
0.00040599  57.00000000  0.00039337  60.00000000  1640.40825327  0.63521336
0.00845489  58.00000000  0.00845489  60.00000000  2362.08149129  0.64777112
0.00059762  58.00000000  0.00059762  60.00000000  1834.19256469  0.66032888
0.00359272  58.00000000  0.00359272  60.00000000  1702.31929774  0.67288664
0.03490617  58.00000000  0.03490617  60.00000000  2367.65272741  0.68544440
0.01758710  58.00000000  0.01758710  60.00000000  1852.31901350  0.69800216
0.06179791  58.00000000  0.06179791  60.00000000  2716.15859876  0.71055992
0.00232785  58.00000000  0.00232785  60.00000000  2084.01793780  0.72311768
0.00010291  41.00000000  0.00004699  60.00000000  1275.45920491  0.73567544
0.00619142  58.00000000  0.00619142  60.00000000  1894.32269291  0.74823320
0.00362805  58.00000000  0.00362805  60.00000000  2153.16644265  0.76079096
0.00117594  50.00000000  0.00004233  60.00000000  2018.19127880  0.77334872
0.05409686  51.00000000  0.01603180  60.00000000  2519.47648392  0.78590648
0.00142637  58.00000000  0.00142637  60.00000000  2087.21653561  0.79846424
0.00045689  58.00000000  0.00045689  60.00000000  2078.83295078  0.81102200
0.02429720  54.00000000  0.01460866  60.00000000  2282.39716015  0.82357976
0.00298647  58.00000000  0.00298647  60.00000000  2089.88421166  0.83613752
0.00881098  54.00000000  0.00582588  60.00000000  1545.73585235  0.84869528
0.00005219  58.00000000  0.00005219  60.00000000  2151.95063908  0.86125304
0.00051234  52.00000000  0.00037608  60.00000000  2489.43256260  0.87381080
0.01416056  58.00000000  0.01416056  60.00000000  2341.43157976  0.88636856
0.00009439  58.00000000  0.00009439  60.00000000  2107.63041003  0.89892632
0.00560024  54.00000000  0.00368660  60.00000000  1777.65312943  0.91148408
0.06659025  57.00000000  0.06610414  60.00000000  2073.72996628  0.92404184
0.04562838  58.00000000  0.04562838  60.00000000  2361.74926065  0.93659960
0.02573050  58.00000000  0.02573050  60.00000000  2163.65223859  0.94915736
0.01112057  51.00000000  0.00287310  60.00000000  2060.44666858  0.96171512
0.06894711  58.00000000  0.06894711  60.00000000  2185.88197315  0.97427288
0.01276031  51.00000000  0.00972077  60.00000000  2161.55731956  0.98683064
0.05265706  58.00000000  0.05265706  60.00000000  2161.70678210  0.99000000
0.01276031  51.00000000  0.00972077  60.00000000  2161.55731956  0.99000000
0.01154809  51.00000000  0.01059560  60.00000000  2161.23228252  0.99000000
0.01276031  51.00000000  0.00972077  60.00000000  2161.55731956  0.99000000
0.01276031  51.00000000  0.00972077  60.00000000  2161.55731956  0.99000000
0.01276031  51.00000000  0.00972077  60.00000000  2161.55731956  0.99000000
0.00077819  46.00000000  0.00002697  60.00000000  1384.12777716  0.99000000
0.01276031  51.00000000  0.00972077  60.00000000  2161.55731956  0.99000000
0.01276031  51.00000000  0.00972077  60.00000000  2161.55731956  0.99000000
0.01276031  51.00000000  0.00972077  60.00000000  2161.55731956  0.99000000
0.01276031  51.00000000  0.00972077  60.00000000  2161.55731956  0.99000000
0.01276031  51.00000000  0.00972077  60.00000000  2161.55731956  0.99000000
0.01286779  51.00000000  0.00966616  60.00000000  2161.60027760  0.99000000
0.17222625  56.00000000  0.16188693  60.00000000  2175.69723799  0.99000000
0.01276031  51.00000000  0.00972077  60.00000000  2161.55731956  0.99000000
0.01276031  51.00000000  0.00972077  60.00000000  2161.55731956  0.99000000
0.01276031  51.00000000  0.00972077  60.00000000  2161.55731956  0.99000000
0.13056472  57.00000000  0.12716188  60.00000000  2167.19557497  0.99000000
0.01434549  58.00000000  0.01434549  60.00000000  1730.39740389  0.99000000
0.01276031  51.00000000  0.00972077  60.00000000  2161.55731956  0.99000000
0.01276031  51.00000000  0.00972077  60.00000000  2161.55731956  0.99000000
0.01276031  51.00000000  0.00972077  60.00000000  2161.55731956  0.99000000
0.01276031  51.00000000  0.00972077  60.00000000  2161.55731956  0.99000000
0.01276031  51.00000000  0.00972077  60.00000000  2161.55731956  0.99000000
0.01988161  58.00000000  0.01988161  60.00000000  2002.86171615  0.99000000
0.01276031  51.00000000  0.00972077  60.00000000  2161.55731956  0.99000000
0.10412224  58.00000000  0.10412224  60.00000000  2169.52518549  0.99000000
0.01276031  51.00000000  0.00972077  60.00000000  2161.55731956  0.99000000
0.01276031  51.00000000  0.00972077  60.00000000  2161.55731956  0.99000000
0.01377676  52.00000000  0.00167019  60.00000000  2161.56357119  0.99000000
0.01276031  51.00000000  0.00972077  60.00000000  2161.55731956  0.99000000
0.01276031  51.00000000  0.00972077  60.00000000  2161.55731956  0.99000000
0.01274363  51.00000000  0.00975019  60.00000000  2157.13947644  0.99000000
0.01276031  51.00000000  0.00972077  60.00000000  2161.55731956  0.99000000
0.01276031  51.00000000  0.00972077  60.00000000  2161.55731956  0.99000000
0.01437012  51.00000000  0.00874930  60.00000000  2162.31702222  0.99000000
0.01276031  51.00000000  0.00972077  60.00000000  2161.55731956  0.99000000
0.01276031  51.00000000  0.00444146  60.00000000  2161.55962608  0.99000000
0.01276031  51.00000000  0.00972077  60.00000000  2161.55731956  0.99000000
0.01276031  51.00000000  0.00972077  60.00000000  2161.55731956  0.99000000
0.01276031  51.00000000  0.00972077  60.00000000  2161.55731956  0.99000000
0.01276031  51.00000000  0.00972077  60.00000000  2161.55731956  0.99000000
0.01276031  51.00000000  0.00972077  60.00000000  2161.55731956  0.99000000
0.01276031  51.00000000  0.00972077  60.00000000  2161.55731956  0.99000000
0.11999271  58.00000000  0.11999271  60.00000000  2166.67819400  0.99000000
0.01276031  51.00000000  0.00972077  60.00000000  2161.55731956  0.99000000
0.01276031  51.00000000  0.00972077  60.00000000  2161.55731956  0.99000000
0.00740859  52.00000000  0.00213062  60.00000000  2165.17406062  0.99000000
0.01276031  51.00000000  0.00972077  60.00000000  2161.55731956  0.99000000
0.01276031  51.00000000  0.00972077  60.00000000  2161.55731956  0.99000000
0.01793108  58.00000000  0.01793108  60.00000000  2161.05362267  0.99000000
0.01276031  51.00000000  0.00972083  60.00000000  2161.55728851  0.99000000
0.01276031  51.00000000  0.00972077  60.00000000  2161.55731956  0.99000000
0.01276031  51.00000000  0.00972077  60.00000000  2161.55731956  0.99000000
0.01276031  51.00000000  0.00972077  60.00000000  2161.55731956  0.99000000
0.01276031  51.00000000  0.00972077  60.00000000  2161.55731956  0.99000000
0.01276031  51.00000000  0.00972077  60.00000000  2161.55731956  0.99000000
0.01276031  51.00000000  0.00972077  60.00000000  2161.55731956  0.99000000
0.01276031  51.00000000  0.00972077  60.00000000  2161.55731956  0.99000000
0.00095205  58.00000000  0.00095205  60.00000000  1884.38172591  0.99000000
0.01276031  51.00000000  0.00972077  60.00000000  2161.55731956  0.99000000
0.01110770  54.00000000  0.00775895  60.00000000  2161.53374806  0.99000000
0.01276031  51.00000000  0.00214581  60.00000000  2161.55420268  0.99000000
0.01276031  51.00000000  0.00972077  60.00000000  2161.55731956  0.99000000
0.00518657  58.00000000  0.00518657  60.00000000  1895.03014662  0.99000000
0.01704653  53.00000000  0.00646161  60.00000000  2161.58647505  0.99000000
0.01276031  51.00000000  0.00972077  60.00000000  2161.55731956  0.99000000
0.01276031  51.00000000  0.00972077  60.00000000  2161.55731956  0.99000000
0.01276031  51.00000000  0.00972077  60.00000000  2161.55731956  0.99000000
0.01276031  51.00000000  0.00972077  60.00000000  2161.55731689  0.99000000
0.01276031  51.00000000  0.00972077  60.00000000  2161.55731956  0.99000000
0.01276031  51.00000000  0.00972077  60.00000000  2161.55731956  0.99000000
0.01276031  51.00000000  0.00972077  60.00000000  2161.55731956  0.99000000
0.02496277  58.00000000  0.02496277  60.00000000  2352.62542370  0.99000000
0.01276161  51.00000000  0.00963696  60.00000000  2161.55707434  0.99000000
0.01276031  51.00000000  0.00972077  60.00000000  2161.55731956  0.99000000
0.01276031  51.00000000  0.00972077  60.00000000  2161.55731956  0.99000000
0.01273552  51.00000000  0.01017587  60.00000000  2161.55805958  0.99000000
0.01276031  51.00000000  0.00972077  60.00000000  2161.55731956  0.99000000
0.01925680  57.00000000  0.01908270  60.00000000  2138.25191939  0.99000000
0.01276031  51.00000000  0.00972077  60.00000000  2161.55731956  0.99000000
0.01276031  51.00000000  0.00972077  60.00000000  2161.55731956  0.99000000
0.01285055  51.00000000  0.00966545  60.00000000  2161.58192418  0.99000000
0.01276031  51.00000000  0.00972077  60.00000000  2161.55731956  0.99000000
0.01276031  51.00000000  0.00972077  60.00000000  2161.55731956  0.99000000
0.01276031  51.00000000  0.00972077  60.00000000  2161.55731956  0.99000000
0.01927710  53.00000000  0.01136189  60.00000000  2352.65104038  0.99000000
0.11835980  58.00000000  0.11835980  60.00000000  2341.72600554  0.99000000
0.01276038  51.00000000  0.00760871  60.00000000  2161.55530597  0.99000000
0.01276031  51.00000000  0.00972077  60.00000000  2161.55731956  0.99000000
0.01269162  51.00000000  0.01055114  60.00000000  2161.55830512  0.99000000
0.01276031  51.00000000  0.00972077  60.00000000  2161.55731956  0.99000000
0.02121657  51.00000000  0.00624465  60.00000000  2165.26723550  0.99000000
0.01579756  53.00000000  0.00710502  60.00000000  2161.58864042  0.99000000
0.00314864  58.00000000  0.00314864  60.00000000  1650.73718212  0.99000000
0.01276031  51.00000000  0.00972077  60.00000000  2161.55731956  0.99000000
0.00982419  49.00000000  0.00061024  60.00000000  2162.28751128  0.99000000
0.01276031  51.00000000  0.00972077  60.00000000  2161.55731956  0.99000000
0.01276031  51.00000000  0.00972077  60.00000000  2161.55731956  0.99000000
0.01276031  51.00000000  0.00972077  60.00000000  2161.55731956  0.99000000
0.01276031  51.00000000  0.00972077  60.00000000  2161.55730428  0.99000000
0.01276031  51.00000000  0.00972077  60.00000000  2161.55731956  0.99000000
0.00002483  58.00000000  0.00002483  60.00000000  1955.83342313  0.99000000
0.01276031  51.00000000  0.00972077  60.00000000  2161.55731956  0.99000000
0.00873465  49.00000000  0.00043296  60.00000000  2161.53329565  0.99000000
0.01276031  51.00000000  0.00972077  60.00000000  2161.55731956  0.99000000
0.01276031  51.00000000  0.00972077  60.00000000  2161.55731956  0.99000000
0.01276031  51.00000000  0.00972077  60.00000000  2161.55731956  0.99000000
0.01280619  51.00000000  0.00218319  60.00000000  2161.56049388  0.99000000
0.01276031  51.00000000  0.00972077  60.00000000  2161.55731956  0.99000000
0.01276031  51.00000000  0.00972077  60.00000000  2161.55731956  0.99000000
0.01276031  51.00000000  0.00972077  60.00000000  2161.55731956  0.99000000
0.03614004  58.00000000  0.03614004  60.00000000  2341.58545285  0.99000000
0.01276031  51.00000000  0.00972077  60.00000000  2161.55731956  0.99000000
