10 10 10 10 10 10 10 10 10 10 10 10 10 10 10 10 10 8 10 10 10 10 10 10 10 10 10 10 10 10 10 10 10 10 12 10 10 4 4 4 4 4 4 4 4 4 4 4 4 10 10 10 10 10 10 10 10 10 10 10
11 3 3 3 11 1 8 8 10 12 7 6 11 0 10 9 4 5 12 0 2 11 5 1 4 2 10 1 0 12 2 2 11 0 7 8 5 2 4 3 4 3 4 2 12 12 6 3 3 2 10 11 0 6 2 2 10 5 7 12
8 1 11 0 4 10 5 0 6 10 4 8 8 7 3 7 9 5 3 7 3 7 9 11 10 5 5 1 1 4 4 11 12 5 8 8 6 6 6 0 12 1 0 8 11 11 4 2 3 12 6 11 3 1 8 3 3 11 1 4
10 10 10 10 10 10 0 10 10 10 10 10 10 10 10 10 10 10 10 10 10 10 10 10 10 10 10 10 10 10 10 10 0 10 10 4 4 4 4 4 4 4 4 4 4 4 4 4 10 10 10 10 10 10 10 10 10 10 10 10
11 6 4 12 9 10 10 10 10 0 12 10 1 3 10 10 10 5 10 10 6 11 0 9 10 9 10 10 5 9 12 5 10 6 10 10 0 1 10 10 4 12 7 7 5 12 0 9 10 11 1 7 12 7 9 7 10 6 9 10
0 4 11 1 12 10 11 8 1 0 4 1 8 1 0 8 11 3 0 4 9 3 4 11 7 2 6 0 3 0 4 12 10 12 0 2 6 6 3 12 0 1 12 4 8 12 9 9 1 9 1 7 9 0 0 5 11 5 11 10
10 10 10 10 10 10 10 10 10 10 10 10 10 10 10 10 10 10 10 10 10 10 10 10 10 0 10 10 10 10 10 10 10 10 10 10 4 4 4 4 4 4 4 4 4 4 4 4 10 10 10 10 10 10 10 10 10 10 10 10
10 10 10 10 10 10 10 10 10 10 10 10 10 10 10 10 10 10 10 10 10 10 10 10 10 10 10 10 10 10 10 10 10 10 10 2 4 4 4 4 10 10 10 10 10 10 10 10 10 10 4 7 10 10 10 10 7 10 0 7
10 10 10 9 6 10 10 10 10 10 4 11 4 4 4 9 8 10 12 2 9 10 1 0 10 0 10 6 10 12 10 10 2 10 10 10 10 10 3 11 1 2 4 0 7 9 7 4 7 12 11 10 10 10 10 10 6 7 10 3
10 10 10 10 3 10 10 10 10 10 10 10 10 10 10 10 10 10 10 10 10 10 10 10 10 10 10 10 10 10 10 10 10 10 10 10 10 10 10 4 4 4 4 4 10 10 10 10 10 10 10 10 10 10 4 7 10 10 10 10
