30
28
31
8
12
22
31
12
29
16
28
18
14
13
12
9
18
1
1
11
29
1
17
10
2
2
22
2
30
18
3
3
3
13
20
20
1
24
4
1
14
14
5
0
3
5
3
0
15
6
20
17
17
0
7
25
0
17
26
26
18
8
18
32
18
9
28
19
27
10
5
20
10
21
11
7
11
31
21
31
5
12
22
31
4
0
13
23
13
6
14
31
31
24
31
14
15
30
25
30
31
2
4
26
7
30
17
27
31
32
28
18
13
4
11
28
18
19
10
12
29
3
20
1
1
30
8
13
0
2
2
22
8
31
12
22
3
3
32
17
20
1
24
2
21
11
19
25
19
22
10
11
12
15
15
6
27
16
21
7
31
32
31
31
26
4
2
31
31
29
32
32
32
3
32
28
32
10
2
32
32
32
27
31
31
30
12
31
31
28
31
22
31
30
31
14
31
31
30
31
31
20
32
32
30
31
31
4
31
3
11
