26
27
8
14
10
27
30
12
0
28
25
7
32
0
32
17
32
14
1
1
15
23
22
11
1
2
2
1
2
2
3
12
3
32
23
12
0
19
4
30
21
2
30
28
29
5
15
3
6
23
16
27
2
4
16
7
4
4
8
8
4
18
29
9
9
9
4
31
31
31
0
32
10
20
0
6
11
32
31
31
12
12
22
12
12
29
0
13
28
7
2
14
2
24
30
31
6
31
7
25
16
7
16
9
10
26
26
8
2
10
27
18
12
5
28
13
28
10
0
32
20
29
12
1
21
21
30
9
2
21
22
7
31
7
14
13
9
12
32
23
15
19
13
18
24
21
2
22
23
25
20
18
3
6
15
16
24
16
12
32
31
29
31
16
31
31
31
29
31
31
32
32
31
31
31
3
31
31
19
30
31
31
28
32
32
12
31
31
9
31
31
30
31
31
30
2
31
31
24
30
31
1
31
7
11
16
5
3
32
32
3
