17
32
17
7
15
15
24
23
18
28
32
32
23
0
15
25
32
10
1
1
26
10
1
1
2
2
32
2
11
21
20
3
3
23
26
3
4
4
24
4
28
22
22
20
5
26
32
15
6
2
6
27
2
7
7
27
1
0
7
8
23
8
24
32
31
9
30
19
25
9
1
29
20
8
11
11
26
11
21
28
9
12
22
27
31
13
11
23
10
13
9
29
2
24
24
15
0
2
25
16
30
26
31
2
17
17
16
17
32
27
31
13
12
18
28
32
32
10
16
0
29
32
20
16
1
17
30
15
8
14
31
12
21
11
21
3
19
32
4
20
23
24
24
4
23
4
25
22
17
5
16
16
15
6
2
6
14
17
25
32
31
31
29
31
8
31
29
31
15
31
31
30
31
4
31
26
32
31
31
3
11
31
24
31
28
31
30
30
31
31
6
32
23
6
31
27
31
8
24
28
32
30
32
1
32
30
31
31
30
31
17
