13
20
7
8
17
6
6
6
15
7
28
12
25
18
22
24
10
1
1
30
31
1
16
32
2
11
2
12
31
23
13
22
3
14
29
23
18
13
4
2
2
1
1
14
5
26
23
15
6
27
16
6
24
7
7
17
7
4
0
8
18
18
1
18
29
9
19
26
31
10
31
4
30
20
11
11
21
11
30
1
12
6
22
12
4
32
31
13
23
32
14
14
24
14
11
1
15
30
25
2
16
8
8
16
26
13
17
12
27
0
27
28
18
13
9
28
19
19
6
1
29
19
3
20
1
30
21
16
32
2
31
21
22
31
13
17
22
23
8
32
15
16
13
0
2
21
18
15
20
5
25
23
25
23
27
23
27
25
25
32
31
29
31
28
13
11
31
25
31
29
31
31
5
31
30
31
29
30
31
30
30
31
11
31
31
31
31
8
31
4
31
31
32
32
32
30
32
4
32
26
32
8
31
31
2
30
3
32
32
26
18
