26
27
32
14
28
18
16
20
8
0
28
32
29
8
28
19
29
1
21
9
1
17
17
17
2
27
2
25
2
18
3
3
3
23
13
31
4
22
4
25
26
26
5
20
5
1
15
15
6
0
6
24
1
16
1
7
2
24
17
31
8
26
30
31
9
31
31
9
2
0
29
10
5
20
11
6
6
27
21
12
12
22
1
7
13
22
13
30
32
4
14
24
14
14
30
30
8
9
25
10
1
16
26
8
16
26
27
17
10
28
27
18
28
12
10
28
32
5
8
19
30
29
1
10
9
1
3
6
8
2
7
12
31
8
17
10
23
32
0
13
4
4
0
4
25
13
25
6
3
0
19
7
15
25
23
19
22
22
29
31
30
32
30
27
32
23
26
32
31
31
31
31
9
31
31
29
32
32
32
32
32
6
31
31
9
30
31
31
30
30
31
31
30
32
32
14
32
25
15
32
30
32
9
6
32
32
16
26
31
4
13
