12
9
7
0
29
27
28
23
31
0
29
28
14
20
13
25
29
1
1
10
30
1
15
19
19
2
30
11
15
22
3
20
3
32
1
23
4
4
22
4
1
15
14
5
3
2
23
26
6
24
6
25
16
7
7
24
7
24
8
8
8
31
18
23
31
9
2
19
2
10
10
1
20
10
2
30
11
30
21
31
12
2
22
32
12
5
31
28
13
5
30
14
4
24
32
15
1
25
6
30
7
16
30
16
26
32
31
31
27
13
18
17
18
28
31
28
28
11
4
13
3
29
1
20
10
30
21
14
11
21
6
22
4
31
22
3
16
3
32
24
23
4
13
17
15
24
15
25
0
25
18
1
19
6
3
6
22
27
6
32
24
31
29
31
27
7
31
31
23
31
29
31
30
31
10
31
22
31
30
31
6
31
30
31
31
31
31
29
31
32
31
31
29
26
31
28
31
31
24
32
29
8
31
31
28
16
31
30
31
3
29
