10
17
27
7
27
10
12
23
28
8
28
30
10
13
20
9
10
1
20
1
19
30
0
17
0
2
20
31
0
20
12
22
3
21
30
13
25
4
1
2
14
1
5
32
5
2
15
0
6
23
23
16
6
29
7
30
25
17
28
8
31
8
0
26
9
19
9
29
19
10
10
10
1
30
11
6
21
11
21
1
12
27
28
0
0
13
23
30
13
24
2
31
8
29
10
15
2
25
2
15
4
32
26
7
0
10
17
27
9
27
11
5
18
28
10
28
31
19
13
30
29
19
4
20
6
10
30
16
17
17
22
14
31
0
23
23
22
23
32
1
13
24
1
16
21
14
1
2
2
22
2
12
12
26
19
12
4
32
31
6
31
25
17
31
29
31
8
27
31
31
29
32
32
19
31
31
28
31
30
30
31
21
31
28
30
31
31
26
0
31
5
31
8
30
31
13
31
25
31
31
30
32
25
32
15
15
32
29
21
22
15
