30
19
27
17
27
15
31
30
23
8
27
14
32
19
29
24
16
9
1
1
30
10
16
21
0
2
2
32
1
0
12
3
3
2
21
30
13
4
4
0
24
14
5
5
1
5
15
4
6
32
6
16
3
7
7
7
0
17
31
31
8
23
18
2
9
25
31
9
32
31
10
1
20
0
20
20
11
3
32
3
5
12
22
22
22
28
13
23
29
3
14
24
14
24
24
2
29
8
25
2
16
16
26
16
16
9
32
27
17
27
12
31
18
32
28
18
4
32
19
29
32
20
1
3
1
30
10
11
21
9
2
1
31
22
13
14
3
32
22
22
19
0
24
4
18
25
1
10
5
14
25
18
4
6
0
27
13
6
27
32
31
31
17
31
31
8
31
31
2
27
31
31
29
27
31
31
21
30
31
31
25
25
31
29
31
26
9
20
31
31
31
31
31
29
32
32
26
32
32
14
31
8
31
25
1
31
16
26
0
31
19
