16
17
26
8
11
18
27
18
22
20
8
17
8
8
18
19
17
1
1
16
1
13
11
11
2
1
2
12
1
11
1
23
3
22
13
14
4
1
13
4
21
20
5
14
2
5
23
16
6
3
6
16
23
7
7
27
1
17
28
26
8
31
18
4
9
19
26
26
9
19
10
5
30
27
31
26
11
29
21
2
32
32
12
22
23
28
13
2
8
24
14
1
32
24
15
15
15
25
15
15
10
1
16
26
32
31
17
27
17
27
18
27
18
18
28
32
17
2
29
18
19
29
18
7
4
20
16
30
21
2
1
23
23
23
31
17
0
3
32
13
14
4
20
3
4
0
25
21
14
20
5
12
1
6
3
27
26
23
27
1
31
14
31
31
32
31
31
29
1
31
27
31
26
31
31
31
22
31
31
24
32
32
29
31
31
27
14
31
30
31
30
31
1
31
24
31
1
31
27
31
30
31
31
15
31
31
1
16
32
32
5
