32
17
0
31
13
30
20
14
14
8
13
18
19
16
9
29
30
1
10
0
1
14
10
12
19
2
11
11
21
11
12
3
27
32
23
22
19
13
4
32
15
14
5
1
22
5
24
15
6
29
23
21
1
7
7
17
31
7
31
31
8
18
4
30
31
19
9
19
28
27
20
10
20
30
20
27
11
21
0
1
22
12
3
1
22
4
31
13
23
30
1
25
14
24
2
15
10
25
6
25
16
2
16
0
26
32
17
27
27
6
27
32
18
29
28
13
9
19
32
8
29
30
20
13
0
12
16
30
15
15
1
11
31
2
8
0
23
10
32
23
22
16
4
4
24
17
0
16
1
26
5
4
26
5
8
0
4
18
7
27
31
31
32
31
31
29
31
4
31
31
19
29
31
31
27
4
31
31
28
31
27
31
31
0
1
31
31
28
11
32
31
31
28
24
31
6
31
18
31
2
31
30
32
32
10
30
5
30
32
30
32
