16
28
28
29
18
18
8
31
19
9
19
10
32
9
9
1
1
1
1
21
10
2
2
2
2
2
12
3
3
13
3
13
4
4
4
14
5
15
5
15
15
6
6
6
6
6
16
7
7
7
18
8
18
8
18
19
9
9
9
9
19
10
10
10
11
21
22
11
22
12
12
22
22
12
13
25
13
12
14
24
14
25
15
15
15
25
15
16
28
16
28
16
16
27
28
29
18
18
29
31
19
30
19
31
32
31
31
10
20
21
15
21
21
16
16
22
22
17
23
8
12
15
23
24
24
24
25
25
32
32
5
27
26
26
31
6
29
31
16
19
7
29
31
8
31
31
31
31
31
31
31
31
31
32
32
32
31
32
32
31
29
31
31
31
31
28
31
31
31
25
31
31
31
31
29
31
31
32
31
16
31
8
32
31
