17
27
6
28
28
6
6
28
30
22
26
19
9
9
29
1
1
1
1
0
11
2
2
2
2
11
14
3
3
17
13
14
4
4
4
4
14
5
5
5
16
6
15
16
6
6
7
7
7
18
17
8
8
8
18
8
9
19
9
19
10
10
20
20
20
11
11
11
21
12
22
22
12
13
22
24
13
13
24
14
14
24
15
25
15
15
16
16
26
26
30
27
17
27
27
28
28
18
18
18
18
14
14
19
11
17
14
1
12
10
20
1
11
11
15
2
11
23
18
8
23
23
24
14
24
14
32
4
14
32
16
10
15
31
15
19
15
29
31
18
7
23
17
31
32
31
31
18
32
31
31
31
31
31
31
31
31
31
31
32
32
32
32
32
32
31
25
32
31
25
31
31
29
31
31
29
31
31
23
31
29
29
32
31
