7
17
6
7
9
8
18
8
8
31
19
8
9
14
19
1
1
1
23
1
10
2
2
2
2
23
2
3
3
3
21
13
4
4
4
14
3
5
5
5
14
4
6
6
6
16
17
7
7
0
7
8
18
8
19
19
8
9
19
20
10
10
10
9
11
20
21
11
7
10
12
12
22
13
23
12
23
13
13
9
14
9
14
15
25
29
16
16
26
16
5
17
11
17
17
16
12
16
18
12
19
31
19
14
9
20
19
19
20
32
15
32
21
16
10
22
16
22
23
23
3
16
23
24
18
6
11
25
32
32
25
5
27
29
31
18
6
31
22
3
18
22
7
31
31
30
31
31
31
31
32
31
32
31
29
31
31
32
31
32
32
31
32
31
32
32
31
31
32
13
13
31
31
31
31
15
32
31
31
28
32
32
32
17
