26
35
18
12
15
7
32
12
11
31
35
29
18
35
29
31
1
24
26
1
33
24
2
35
2
34
23
2
3
25
35
13
31
4
26
32
4
21
32
5
3
1
27
27
6
16
23
16
23
7
33
34
18
27
8
18
27
9
33
2
25
20
10
6
20
10
9
34
35
7
21
36
12
32
11
3
1
33
13
35
24
36
14
7
30
25
15
15
1
26
31
17
17
7
2
35
27
17
11
28
34
18
33
4
36
29
0
12
5
12
30
7
6
7
3
31
21
2
9
32
11
23
7
13
33
34
33
0
24
0
24
34
24
12
26
25
35
13
15
10
36
27
17
25
6
11
1
1
27
9
22
17
23
30
5
12
23
26
18
36
35
35
36
24
33
35
30
36
3
34
35
31
33
20
35
19
34
36
30
36
11
35
34
8
36
0
20
36
29
36
6
35
8
15
36
29
6
36
36
7
9
35
22
17
1
26
34
36
14
12
35
35
12
