34
0
30
8
9
35
17
8
36
21
11
19
15
32
34
1
1
10
1
34
18
19
20
2
11
11
28
12
29
3
13
1
13
4
21
4
30
4
5
2
31
0
15
6
5
22
25
2
7
17
0
7
18
8
32
4
31
8
9
29
25
35
20
36
21
20
36
11
35
5
2
36
2
12
4
32
23
1
13
2
24
24
14
9
25
30
35
30
9
1
26
31
31
16
17
10
27
28
34
17
36
28
18
36
29
19
34
0
30
12
20
8
35
31
36
8
11
12
22
32
23
16
1
23
33
15
24
2
13
34
11
3
12
8
35
25
20
14
36
4
13
4
16
22
5
7
6
0
7
23
5
12
23
23
7
2
3
7
34
33
32
36
33
8
19
35
35
35
33
35
21
34
36
30
36
35
2
36
30
36
35
32
35
6
31
2
35
14
14
29
35
11
34
36
33
4
2
35
12
20
9
35
27
21
34
36
24
28
35
36
35
9
27
