20
30
8
14
13
19
31
29
21
7
7
32
19
26
35
33
1
27
23
36
1
20
16
2
11
11
17
35
3
13
23
23
23
13
4
14
24
1
0
5
26
21
1
21
6
16
0
22
7
26
7
7
31
8
8
18
8
18
9
2
19
19
10
35
10
1
5
21
11
35
6
28
12
22
28
12
23
2
13
23
9
14
1
24
24
25
15
36
3
36
26
26
16
31
33
27
11
32
10
28
17
19
19
1
18
29
34
30
10
20
30
35
31
9
21
21
4
32
0
8
8
2
17
33
23
34
0
5
16
16
36
35
1
35
26
25
0
2
21
19
4
10
2
21
0
19
29
11
27
6
6
2
29
6
30
0
7
32
34
8
5
33
36
32
27
2
34
16
35
35
10
36
30
36
32
35
33
27
35
29
35
12
23
35
33
2
25
33
6
35
15
25
34
36
35
36
26
35
14
27
35
32
11
28
35
33
16
30
36
34
35
36
27
