29
9
30
19
13
7
12
19
36
8
15
8
8
35
32
1
1
22
1
17
19
35
2
34
2
17
20
3
3
0
3
31
36
4
22
4
14
4
15
5
29
26
29
29
6
29
36
17
2
7
2
17
32
24
8
2
28
35
19
9
36
19
10
20
32
21
10
11
27
33
7
22
31
22
28
13
8
13
23
35
35
9
34
24
30
15
25
14
15
6
6
16
26
3
27
3
33
8
17
32
0
28
36
5
1
30
29
9
20
19
11
8
12
20
15
31
15
8
22
35
32
1
1
22
1
33
3
16
2
34
8
17
25
1
3
0
35
4
2
1
0
25
36
4
13
9
25
26
29
29
17
24
29
31
25
28
2
14
4
31
35
35
36
35
33
36
34
36
33
35
21
36
33
35
6
33
36
26
22
36
33
13
35
1
36
35
35
9
35
31
26
35
33
22
35
28
0
36
26
16
35
6
13
35
33
35
36
12
36
32
28
36
34
