9
34
6
31
30
17
15
8
8
13
30
12
8
23
35
1
35
10
1
15
16
34
24
2
11
34
29
17
13
3
35
29
20
4
36
4
35
14
20
5
1
0
25
2
6
22
23
16
7
28
7
22
17
18
8
19
23
4
19
9
3
31
10
0
20
10
25
5
11
26
28
12
22
12
32
7
13
8
13
4
24
14
31
14
2
9
25
33
25
26
36
16
36
35
31
0
27
12
17
18
28
4
18
5
29
29
29
19
33
10
30
21
15
31
8
21
31
6
15
36
32
23
11
10
1
33
4
34
24
34
18
34
25
14
19
3
35
13
20
27
36
0
20
36
7
0
19
28
17
2
22
21
23
16
18
19
7
5
10
31
17
35
34
33
36
9
26
35
34
35
33
35
4
35
29
36
29
35
15
35
32
35
16
36
33
35
23
35
31
36
33
4
35
34
35
17
36
34
36
35
31
35
4
36
17
35
18
4
35
13
29
35
21
