6
0
8
30
7
23
10
21
16
21
22
32
15
22
22
1
23
17
1
25
22
24
21
2
17
36
28
12
3
36
12
3
25
0
4
14
15
1
1
5
1
16
33
32
6
29
17
1
0
28
18
28
8
7
18
8
25
19
9
19
28
2
20
10
20
3
26
1
11
5
36
7
22
12
0
7
4
23
23
13
24
14
8
35
4
15
25
15
26
16
26
26
16
27
34
11
27
35
17
18
28
18
32
33
29
19
6
35
33
30
13
5
10
21
31
21
10
32
15
22
32
16
23
17
33
34
7
24
34
10
34
19
36
13
25
35
12
3
9
0
36
14
36
28
14
21
1
28
11
22
6
7
19
1
20
0
31
30
8
35
34
36
33
31
35
6
34
36
9
12
35
33
35
25
12
35
30
7
29
35
1
10
29
35
33
35
36
14
0
35
34
15
30
35
26
16
35
26
16
35
32
33
35
27
30
35
32
35
35
36
21
36
31
