26
6
20
9
20
35
18
18
20
16
22
15
16
22
26
19
1
36
0
1
19
0
2
24
2
25
2
3
3
20
3
19
0
4
29
4
27
14
5
15
5
2
26
26
6
22
29
22
7
17
5
7
5
8
28
8
34
19
19
19
9
10
30
26
20
6
21
11
10
4
33
8
0
12
2
0
23
13
6
35
24
2
24
1
2
14
25
15
0
36
16
26
31
4
27
17
36
36
6
28
35
28
3
9
29
19
29
12
20
30
20
35
6
21
31
16
22
15
32
22
10
3
6
33
0
33
0
17
2
11
34
25
0
5
35
14
35
19
15
4
36
3
27
14
5
9
27
2
5
26
6
30
3
30
5
20
5
24
20
29
36
32
34
35
24
22
6
35
29
33
35
30
36
19
36
25
33
36
27
36
3
35
34
36
3
35
24
9
35
7
6
36
34
35
26
35
33
35
31
35
35
35
16
35
13
31
35
0
36
27
36
19
23
