19
33
10
8
15
30
9
22
19
34
31
10
30
25
32
1
36
1
11
23
11
22
2
11
2
28
2
1
3
13
23
26
0
4
27
4
14
1
5
5
5
28
23
6
1
16
7
7
26
6
7
17
30
8
26
19
35
25
9
0
26
9
10
20
6
20
10
27
11
21
0
35
12
12
12
23
13
29
23
2
36
29
24
35
14
25
0
6
25
11
26
11
16
13
17
33
27
17
13
28
28
28
3
3
1
29
19
35
1
30
15
30
0
21
31
1
31
36
14
14
32
7
36
1
33
23
33
5
19
34
24
34
6
20
3
13
35
26
0
36
27
4
4
36
5
5
3
11
25
6
26
16
27
7
0
30
7
17
22
8
36
30
35
34
35
35
26
35
6
35
33
35
16
6
35
2
22
35
12
35
35
34
35
29
35
27
36
29
28
35
14
31
36
33
23
19
35
29
5
35
17
36
23
35
13
35
28
28
36
32
35
32
35
