6
24
6
17
21
24
31
14
33
32
0
16
22
34
25
1
28
1
36
17
16
23
1
2
1
1
30
12
32
3
26
1
13
1
4
36
22
2
2
5
26
15
28
6
2
6
29
25
17
7
29
2
4
8
2
36
0
9
19
36
9
5
4
10
29
2
21
11
27
21
0
22
12
23
12
4
13
13
23
13
4
36
24
32
14
15
25
31
15
0
35
26
34
0
17
27
8
17
8
2
28
7
36
19
19
29
34
19
20
0
30
31
20
35
10
32
31
16
22
4
14
9
3
9
36
33
23
6
24
34
12
1
16
25
35
17
10
1
27
1
4
36
1
21
2
5
24
6
27
6
23
6
29
25
17
7
17
2
24
32
35
36
36
36
36
36
30
31
35
34
29
31
36
34
36
31
35
29
35
35
34
35
27
35
31
35
17
36
35
35
36
15
35
4
36
20
35
35
35
0
17
36
8
35
36
2
36
7
36
19
36
29
22
