14
35
14
9
20
35
33
15
24
15
0
0
19
0
9
1
30
1
15
20
33
30
32
2
20
13
25
1
3
24
3
0
28
20
4
28
1
20
5
22
15
5
22
6
22
6
29
7
7
2
17
7
1
30
30
7
4
19
9
8
35
5
0
20
34
5
30
11
21
35
22
35
8
12
8
13
23
13
32
29
24
30
14
34
3
25
35
15
10
10
16
26
36
1
17
16
17
3
1
4
28
18
1
10
29
19
14
5
14
30
20
35
8
15
31
15
0
22
3
32
9
36
22
33
10
33
4
34
3
6
8
11
25
35
3
18
3
19
5
26
36
27
22
3
20
0
4
5
29
3
22
6
29
26
25
2
17
29
28
36
36
34
36
34
33
36
33
36
36
36
24
34
35
32
28
35
36
35
36
36
25
13
35
13
32
27
35
5
20
36
34
35
35
5
35
26
16
26
35
1
17
35
36
8
35
1
35
29
35
19
20
36
21
