8
12
13
12
12
21
7
13
10
13
14
8
24
8
14
23
14
9
9
1
1
1
1
9
1
10
2
23
2
2
2
11
2
16
3
3
3
12
12
1
4
13
4
19
4
4
3
5
5
5
14
23
6
15
6
15
6
6
23
16
7
7
16
7
2
17
8
8
8
22
18
18
9
18
22
9
23
10
3
10
7
19
11
8
20
11
11
24
9
12
12
12
21
24
6
24
13
22
7
24
14
14
23
23
0
7
15
12
24
13
15
15
14
16
3
13
2
14
16
17
17
16
24
9
16
12
18
23
19
19
16
19
17
3
19
16
23
24
23
23
18
23
23
23
23
23
24
23
23
23
23
23
20
23
23
23
20
23
23
23
23
23
24
23
24
24
10
21
23
23
9
4
23
24
23
