20
14
63
0
18
14
50
34
21
39
54
51
1
59
1
12
1
2
56
18
18
3
21
3
48
54
4
34
4
51
5
62
64
6
6
6
18
43
7
19
32
8
31
42
20
9
40
3
10
31
9
2
11
24
38
12
1
12
11
25
13
57
44
26
14
51
63
64
15
62
39
16
51
50
4
30
18
56
17
63
19
63
32
40
20
34
34
62
21
59
21
34
22
44
46
23
51
24
2
24
45
25
11
63
8
26
39
12
46
16
27
28
57
47
28
8
17
50
12
61
43
44
31
45
52
62
3
33
60
51
33
10
34
34
34
59
3
48
35
58
59
37
50
29
37
29
30
51
14
63
52
64
26
61
53
25
62
54
42
1
59
55
13
36
2
56
18
61
19
31
45
58
13
63
59
4
47
42
60
64
6
15
61
18
50
1
62
8
1
48
3
63
24
49
39
47
64
0
46
51
52
52
12
53
38
25
25
53
58
59
26
52
51
63
64
12
62
63
10
55
50
58
30
63
56
37
63
58
63
32
63
51
63
18
62
56
63
35
55
22
63
46
57
64
24
52
21
63
52
21
64
8
26
63
53
54
51
63
15
57
51
63
20
59
63
17
61
33
44
64
62
55
62
17
48
64
12
60
27
34
64
61
59
63
27
64
26
35
10
50
19
63
25
14
7
