7
9
8
27
0
27
27
18
25
8
26
17
18
32
29
15
19
0
32
17
1
30
26
1
18
10
2
11
2
2
26
17
12
28
3
21
3
0
22
22
4
21
25
4
14
23
26
5
21
15
15
5
6
15
6
2
16
30
27
7
0
32
17
30
8
28
32
8
18
2
31
9
31
19
5
20
2
10
2
29
5
11
21
32
11
31
4
30
12
22
4
6
32
23
13
8
30
28
14
1
24
29
29
14
15
2
15
4
25
5
26
7
16
0
30
9
9
11
27
0
18
17
18
28
12
12
31
19
32
29
12
0
0
3
21
30
21
0
1
4
3
21
20
31
22
21
19
8
18
13
32
6
0
10
22
4
21
25
4
20
0
19
15
11
15
18
5
6
0
28
29
6
30
31
7
31
32
32
32
32
32
32
32
19
31
31
9
31
31
7
31
31
14
31
31
28
31
32
31
26
31
23
31
12
31
9
31
32
23
31
13
30
31
28
31
24
31
12
32
31
32
15
31
29
32
30
7
32
0
31
