9
10
9
19
26
13
19
31
32
17
22
22
35
35
34
1
1
35
1
36
18
2
11
2
26
2
3
3
26
26
36
4
4
26
27
21
5
5
20
15
5
6
16
6
17
7
7
31
7
1
8
26
8
34
9
27
1
20
9
10
2
21
34
11
36
11
10
12
12
27
12
23
13
35
13
34
14
2
14
14
35
36
15
33
35
26
15
16
9
8
17
17
28
35
34
0
35
19
10
35
30
20
33
34
20
20
33
3
32
9
22
22
36
35
34
9
2
35
11
36
24
16
24
2
14
23
12
12
26
26
5
4
25
24
9
2
5
28
25
36
6
29
15
6
29
35
28
31
7
6
8
13
32
35
33
35
1
35
35
31
35
35
14
35
36
35
35
32
35
35
35
35
35
35
36
34
35
35
33
35
35
36
30
33
35
35
31
0
28
35
35
6
9
35
18
33
35
19
33
35
13
