30
33
33
8
7
18
11
10
32
18
14
9
22
10
21
1
1
22
1
35
11
2
2
12
12
25
3
3
14
14
3
4
4
14
3
18
5
5
15
20
6
2
6
6
6
7
7
7
7
18
8
34
8
19
8
9
9
20
10
26
21
35
21
11
28
11
22
12
12
12
24
23
13
13
7
2
24
14
14
25
5
15
3
15
8
26
16
27
31
17
17
5
18
28
33
18
18
29
19
18
30
11
20
20
11
35
31
21
32
18
22
8
22
20
33
34
23
22
34
35
11
35
24
25
35
25
36
15
36
24
3
23
27
0
25
10
20
20
1
20
18
29
29
36
30
7
31
35
27
30
8
33
35
32
18
35
35
35
35
35
35
35
35
35
35
35
35
33
35
35
35
30
35
35
32
35
35
17
14
36
31
35
35
35
11
26
34
36
35
35
35
8
35
28
35
9
19
35
35
18
1
