31
12
9
27
31
20
14
29
33
8
8
22
22
16
1
22
1
1
36
1
16
2
2
23
25
12
3
3
14
2
3
4
4
14
27
4
5
5
25
5
1
6
6
2
1
17
7
25
18
7
8
8
18
30
19
35
9
9
35
10
20
10
35
11
11
5
32
32
22
12
12
31
23
0
4
14
14
33
24
25
15
15
14
8
35
16
16
26
32
35
34
17
32
28
18
36
36
29
35
19
12
20
9
20
31
20
20
35
33
9
32
22
22
11
1
34
11
3
15
2
23
35
36
14
25
36
3
3
3
4
26
4
14
15
23
24
25
15
27
5
29
18
36
0
25
28
17
35
28
33
8
27
32
30
35
24
35
9
35
35
35
36
35
34
35
35
35
32
35
35
35
35
35
35
35
35
35
35
35
35
7
35
35
8
35
16
35
35
15
35
36
35
36
35
18
36
36
36
34
36
35
