10
34
19
27
21
15
18
36
32
34
22
1
36
11
2
2
2
26
3
36
26
4
4
4
15
5
33
15
6
16
22
7
0
23
25
18
9
31
9
31
4
6
21
11
36
6
12
36
35
23
3
1
14
36
36
25
15
4
26
26
36
35
17
28
33
3
19
29
3
34
30
35
21
15
31
22
32
32
5
1
33
7
34
9
19
35
3
35
17
17
36
4
21
13
14
19
6
0
0
29
25
23
36
36
35
35
9
35
35
36
35
36
36
35
36
36
35
36
35
35
29
36
1
36
35
35
35
36
36
35
35
30
35
3
35
35
