29
7
30
30
21
8
8
17
13
32
14
1
10
33
2
2
25
26
3
34
13
4
13
4
5
5
15
6
6
36
16
7
2
18
3
8
35
9
4
32
20
10
5
2
21
11
12
2
23
23
23
0
24
14
9
1
25
5
11
8
17
27
11
36
28
28
29
19
29
36
30
30
21
35
31
16
36
32
13
33
17
33
16
34
25
12
35
18
35
4
27
36
15
5
21
29
6
15
23
31
18
31
34
36
35
35
35
35
32
35
31
35
35
35
23
35
34
32
35
30
35
36
35
35
36
35
35
33
35
31
32
35
31
28
29
36
