7
20
30
30
7
15
36
35
9
17
24
1
10
20
2
2
21
20
3
26
18
19
4
14
24
5
22
16
6
16
1
25
7
30
8
19
1
0
19
9
10
20
21
6
11
22
12
7
23
13
35
35
24
25
6
15
35
16
26
6
17
27
17
12
18
4
33
29
20
20
30
30
0
15
36
35
32
23
33
23
33
36
18
34
14
3
35
26
16
36
20
36
6
2
22
16
6
16
10
23
30
4
36
35
33
35
9
9
35
32
34
6
35
2
11
33
35
34
28
35
34
29
35
33
35
35
35
35
35
35
35
36
36
33
35
29
