3 3 3 3 13 13 13 7 7 7 7 13 13 13 7 7 8 8 8 8 8 8 8 8 8 16 16 16 16 16 16 16 16 16 16 16 13 13 13 13 13 13 11 10 10 10 10 6 9 6 6 3 3 3 3 3 6 6 6 6 16 6 6 6 16 16 16 6 6 11 6 6 10 6 10 10 10 6 10 10
3 3 3 3 13 13 13 13 13 13 13 13 7 7 7 13 13 13 13 13 13 13 13 13 13 13 13 13 13 13 13 13 13 13 13 13 13 13 13 11 11 11 14 11 10 7 1 1 1 1 1 10 0 10 10 10 10 10 10 10 10 10 10 10 10 10 10 10 11 11 11 11 11 11 11 11 11 11 11 11
15 3 3 3 13 13 13 3 4 4 4 7 7 7 7 7 8 8 8 8 8 8 8 8 8 8 8 8 5 5 5 4 2 2 3 3 3 3 15 15 15 3 3 3 3 3 5 8 15 15 8 8 3 8 8 3 3 3 3 3 7 3 1 1 1 1 1 1 1 15 15 15 15 15 15 3 15 3 3 3
3 3 3 3 13 13 13 13 13 13 13 13 13 13 13 13 7 7 8 8 8 8 8 8 8 8 13 13 13 13 15 13 13 13 13 13 13 13 13 13 13 13 13 13 12 11 10 1 1 1 9 5 15 15 15 15 15 15 15 15 14 14 14 10 10 13 7 13 13 13 13 13 13 13 13 13 13 13 13 13
3 3 3 3 8 13 13 3 4 4 4 7 7 7 7 7 8 8 8 8 8 8 8 8 8 8 8 8 5 5 5 4 2 2 3 3 14 3 3 15 15 15 15 3 3 3 3 14 14 5 7 7 7 7 7 7 7 7 7 7 7 7 7 4 3 3 3 3 8 8 8 8 8 8 8 8 6 3 3 3
3 3 3 3 13 13 13 3 4 4 4 7 7 7 7 7 8 8 8 8 8 8 8 1 8 8 15 8 1 5 5 5 1 4 3 3 3 3 3 3 3 3 3 3 3 3 3 3 3 3 15 15 15 7 16 16 16 16 16 7 7 3 4 4 3 3 3 3 1 5 3 5 4 7 4 4 4 4 4 7
3 3 3 3 3 13 13 13 13 13 13 13 13 13 7 13 13 13 13 13 13 13 13 13 13 13 13 13 13 13 13 13 13 13 13 13 13 13 13 11 10 10 0 0 0 0 0 0 10 10 11 11 14 14 14 0 0 0 0 0 0 10 15 10 10 10 10 0 0 0 0 0 0 0 0 0 0 11 0 0
3 3 3 3 13 7 13 13 7 7 7 7 7 7 7 7 7 8 8 8 8 8 13 13 13 13 13 13 13 16 16 16 16 16 16 13 13 13 13 13 11 16 11 12 12 12 12 12 12 10 11 4 14 14 14 14 9 0 0 0 0 0 0 0 10 8 10 10 10 10 10 10 10 10 10 10 10 11 8 0
3 3 3 3 13 13 13 3 4 4 4 7 7 7 7 7 8 8 3 14 14 14 14 14 14 14 14 14 14 16 16 16 16 16 16 16 8 8 8 8 14 8 8 14 14 14 14 14 14 14 7 4 7 7 7 7 7 7 8 8 8 8 5 1 2 2 2 2 3 3 3 3 3 3 3 3 3 3 3 3
3 3 3 3 13 13 13 3 4 4 4 7 7 7 7 7 8 8 8 8 8 8 8 8 8 8 8 8 5 5 5 4 2 2 3 3 15 3 3 15 15 15 15 3 3 3 3 14 14 5 7 7 7 7 7 7 7 7 7 7 7 7 7 4 3 3 3 3 8 8 8 8 8 8 8 8 6 3 3 3
