# Results obtained using DQN. CPU time: 124.44918322563171
0.01169549  78.00000000  0.01169549  80.00000000  2270.43260960  0.00000000
0.00068328  77.00000000  0.00049461  80.00000000  1963.76172038  0.00000000
0.00003675  78.00000000  0.00003675  80.00000000  1876.67813586  0.00000000
0.00026007  71.00000000  0.00013432  80.00000000  1454.04955487  0.00000000
0.00190328  73.00000000  0.00160205  80.00000000  1988.59803575  0.00000000
0.02208248  68.00000000  0.01992315  80.00000000  2101.17614738  0.00000000
0.00012787  70.00000000  0.00008548  80.00000000  2437.04105684  0.03804333
0.00372466  56.00000000  0.00190544  80.00000000  1992.39734227  0.09337909
0.00096512  74.00000000  0.00005274  80.00000000  2165.09494812  0.14871484
0.00035882  76.00000000  0.00034109  80.00000000  1892.97794977  0.20405059
0.00103754  75.00000000  0.00054353  80.00000000  1672.37974959  0.25938635
0.00508992  78.00000000  0.00508992  80.00000000  2313.86987297  0.31472210
0.00033206  70.00000000  0.00003023  80.00000000  2022.76659607  0.37005786
0.00566134  69.00000000  0.00360221  80.00000000  2007.10565824  0.42539361
0.01057026  72.00000000  0.00668911  80.00000000  2103.40562801  0.48072937
0.00113582  78.00000000  0.00113582  80.00000000  2019.23267104  0.53606512
0.03120054  73.00000000  0.01381101  80.00000000  2022.79467976  0.59140087
0.02846644  66.00000000  0.00540484  80.00000000  3025.08436945  0.64673663
0.00048774  67.00000000  0.00023362  80.00000000  1605.89582522  0.70207238
0.01267238  67.00000000  0.00026846  80.00000000  2462.16757405  0.75740814
0.05727122  77.00000000  0.05625688  80.00000000  2338.73622986  0.81274389
0.03619613  78.00000000  0.03619613  80.00000000  2149.62018105  0.86807965
0.01658119  78.00000000  0.01658119  80.00000000  1963.50399939  0.92341540
0.07126136  71.00000000  0.03965139  80.00000000  2328.44942801  0.97875115
0.17133078  77.00000000  0.16750310  80.00000000  2339.04993978  0.99000000
0.08349284  63.00000000  0.00485099  80.00000000  2336.71399664  0.99000000
0.05228721  63.00000000  0.00036721  80.00000000  2337.81249346  0.99000000
0.05688530  63.00000000  0.04863517  80.00000000  2337.94792483  0.99000000
0.05688530  63.00000000  0.04863517  80.00000000  2337.94792483  0.99000000
0.05681325  63.00000000  0.05210848  80.00000000  2337.97527784  0.99000000
0.05688530  63.00000000  0.04863517  80.00000000  2337.94792483  0.99000000
0.05688530  63.00000000  0.04863517  80.00000000  2337.94792483  0.99000000
0.05688530  63.00000000  0.04863517  80.00000000  2337.94792483  0.99000000
0.01840214  76.00000000  0.01778087  80.00000000  2013.04648537  0.99000000
0.13314857  78.00000000  0.13314857  80.00000000  2295.62274882  0.99000000
0.05688530  63.00000000  0.04863517  80.00000000  2337.94792483  0.99000000
0.05628899  63.00000000  0.04912138  80.00000000  2337.03683687  0.99000000
0.05688530  63.00000000  0.04863517  80.00000000  2337.94792483  0.99000000
0.02722182  78.00000000  0.02722182  80.00000000  2267.57927212  0.99000000
0.05688530  63.00000000  0.04863517  80.00000000  2337.94792483  0.99000000
0.18558963  68.00000000  0.01903750  80.00000000  2340.00717197  0.99000000
0.18409860  68.00000000  0.00105098  80.00000000  2338.66974940  0.99000000
0.05467016  60.00000000  0.03998179  80.00000000  2336.96138151  0.99000000
0.13141934  64.00000000  0.09571115  80.00000000  2338.45296336  0.99000000
0.15658084  78.00000000  0.15658084  80.00000000  2348.32266325  0.99000000
0.02369878  68.00000000  0.00921330  80.00000000  2330.16142593  0.99000000
0.05688530  63.00000000  0.04863517  80.00000000  2337.94796094  0.99000000
0.05688530  63.00000000  0.04863517  80.00000000  2337.94792483  0.99000000
0.06142821  68.00000000  0.01199225  80.00000000  2337.90399206  0.99000000
0.05688530  63.00000000  0.04863517  80.00000000  2337.94792483  0.99000000
0.05688530  63.00000000  0.04863517  80.00000000  2337.94792483  0.99000000
0.10262956  75.00000000  0.07548197  80.00000000  2338.13291822  0.99000000
0.05688530  63.00000000  0.04863517  80.00000000  2337.94792483  0.99000000
0.05688530  63.00000000  0.04863517  80.00000000  2337.94792483  0.99000000
0.05688530  63.00000000  0.04863517  80.00000000  2337.94792483  0.99000000
0.11096481  75.00000000  0.08177094  80.00000000  2338.38631237  0.99000000
0.05688530  63.00000000  0.04863517  80.00000000  2337.94792483  0.99000000
0.05688530  63.00000000  0.04863517  80.00000000  2337.94792483  0.99000000
0.03974129  78.00000000  0.03974129  80.00000000  2296.07132395  0.99000000
0.05688530  63.00000000  0.04863517  80.00000000  2337.94792483  0.99000000
0.06704872  78.00000000  0.06704872  80.00000000  2338.03145082  0.99000000
0.05688530  63.00000000  0.04863517  80.00000000  2337.94792483  0.99000000
0.26623271  78.00000000  0.26623271  80.00000000  2340.75033088  0.99000000
0.05688530  63.00000000  0.04863517  80.00000000  2337.94792483  0.99000000
0.05724589  63.00000000  0.04937845  80.00000000  2338.55719362  0.99000000
0.05688530  63.00000000  0.04936882  80.00000000  2337.94875418  0.99000000
0.24712059  77.00000000  0.24253206  80.00000000  2339.60274390  0.99000000
0.05688530  63.00000000  0.04863517  80.00000000  2337.94792483  0.99000000
0.15130247  74.00000000  0.08264674  80.00000000  2338.90575560  0.99000000
0.05688530  63.00000000  0.04863517  80.00000000  2337.94792483  0.99000000
0.28387757  70.00000000  0.06351045  80.00000000  2342.55376263  0.99000000
0.05688530  63.00000000  0.04863517  80.00000000  2337.94792483  0.99000000
0.05688530  63.00000000  0.04863517  80.00000000  2337.94792483  0.99000000
0.14500024  78.00000000  0.14500024  80.00000000  2129.94039744  0.99000000
0.17640317  77.00000000  0.16932754  80.00000000  2339.20595604  0.99000000
0.09422313  66.00000000  0.01283676  80.00000000  2336.54149926  0.99000000
0.12808060  64.00000000  0.09552541  80.00000000  2338.42783841  0.99000000
0.05688530  63.00000000  0.04863517  80.00000000  2337.94792483  0.99000000
0.05688530  63.00000000  0.05081923  80.00000000  2337.94991548  0.99000000
0.05688530  63.00000000  0.04863517  80.00000000  2337.94792483  0.99000000
0.05688530  63.00000000  0.05645570  80.00000000  2337.95689692  0.99000000
0.17250680  77.00000000  0.16359443  80.00000000  2339.09949481  0.99000000
0.05688530  63.00000000  0.04863517  80.00000000  2337.94792483  0.99000000
0.09612894  68.00000000  0.00040204  80.00000000  2336.30634288  0.99000000
0.05688530  63.00000000  0.04863517  80.00000000  2337.94792483  0.99000000
0.05688530  63.00000000  0.04863517  80.00000000  2337.94792483  0.99000000
0.05688530  63.00000000  0.04863517  80.00000000  2337.94792483  0.99000000
0.05688530  63.00000000  0.04863517  80.00000000  2337.94792483  0.99000000
0.11811376  66.00000000  0.00752103  80.00000000  2298.25253663  0.99000000
0.05688530  63.00000000  0.04863517  80.00000000  2337.94792483  0.99000000
0.05688530  63.00000000  0.05081923  80.00000000  2337.94991548  0.99000000
0.11106041  65.00000000  0.06411125  80.00000000  2338.82725563  0.99000000
0.15555240  74.00000000  0.09587216  80.00000000  2339.66294472  0.99000000
0.05688530  63.00000000  0.04863517  80.00000000  2337.94792483  0.99000000
0.05688530  63.00000000  0.04863517  80.00000000  2337.94792483  0.99000000
0.07727404  76.00000000  0.07460909  80.00000000  2309.26333419  0.99000000
0.05688530  63.00000000  0.04863517  80.00000000  2337.94792483  0.99000000
0.05688530  63.00000000  0.04863517  80.00000000  2337.94792483  0.99000000
0.25003178  69.00000000  0.01291406  80.00000000  2312.53838710  0.99000000
0.17138641  77.00000000  0.16490955  80.00000000  2339.15416149  0.99000000
0.05688530  63.00000000  0.04816645  80.00000000  2337.94844155  0.99000000
0.07481871  62.00000000  0.05077975  80.00000000  2336.75525945  0.99000000
0.05688530  63.00000000  0.04863517  80.00000000  2337.94792483  0.99000000
0.05604652  63.00000000  0.04829499  80.00000000  2329.37979903  0.99000000
0.05688530  63.00000000  0.04926242  80.00000000  2337.94201686  0.99000000
0.05688530  63.00000000  0.04863517  80.00000000  2337.94792483  0.99000000
0.08066552  76.00000000  0.07093811  80.00000000  2331.91739109  0.99000000
0.03370897  74.00000000  0.01788379  80.00000000  2347.16061340  0.99000000
0.05688530  63.00000000  0.04862269  80.00000000  2337.94528938  0.99000000
0.05688530  63.00000000  0.04863517  80.00000000  2337.94792483  0.99000000
0.00619659  78.00000000  0.00619659  80.00000000  2337.60440394  0.99000000
0.27185050  70.00000000  0.13439705  80.00000000  2355.48670572  0.99000000
0.11047891  76.00000000  0.09583251  80.00000000  2338.18742999  0.99000000
0.05688530  63.00000000  0.04863517  80.00000000  2337.94792483  0.99000000
0.05688530  63.00000000  0.04863517  80.00000000  2337.94792483  0.99000000
0.20635798  67.00000000  0.00503037  80.00000000  2331.27989991  0.99000000
0.22153303  68.00000000  0.00190754  80.00000000  2340.52809788  0.99000000
0.05688530  63.00000000  0.04863517  80.00000000  2337.94792483  0.99000000
0.07064775  78.00000000  0.07064775  80.00000000  2337.96913734  0.99000000
0.05688530  63.00000000  0.04863517  80.00000000  2337.94792483  0.99000000
0.05608209  63.00000000  0.04904763  80.00000000  2337.04044046  0.99000000
0.05688530  63.00000000  0.04863517  80.00000000  2337.94792483  0.99000000
0.15161810  74.00000000  0.07276449  80.00000000  2339.00529299  0.99000000
0.04891331  78.00000000  0.04891331  80.00000000  1937.94406468  0.99000000
0.05688530  63.00000000  0.04863517  80.00000000  2337.94792483  0.99000000
0.05688530  63.00000000  0.04863517  80.00000000  2337.94792483  0.99000000
0.05688530  63.00000000  0.04863505  80.00000000  2337.94785672  0.99000000
0.05688530  63.00000000  0.04863517  80.00000000  2337.94792483  0.99000000
0.15671686  74.00000000  0.09256036  80.00000000  2338.99185717  0.99000000
0.03979657  78.00000000  0.03979657  80.00000000  2296.14559996  0.99000000
0.28419940  69.00000000  0.10394534  80.00000000  2341.41428488  0.99000000
0.02654122  78.00000000  0.02654122  80.00000000  2301.23610638  0.99000000
0.06023576  63.00000000  0.05372976  80.00000000  2273.77480651  0.99000000
0.05445443  63.00000000  0.04577727  80.00000000  2335.39027826  0.99000000
0.20541619  78.00000000  0.20541619  80.00000000  2337.77986055  0.99000000
0.14866339  76.00000000  0.13859594  80.00000000  2334.44114007  0.99000000
0.05688530  63.00000000  0.04863517  80.00000000  2337.94792483  0.99000000
0.05688530  63.00000000  0.04863517  80.00000000  2337.94792483  0.99000000
0.05688530  63.00000000  0.04863517  80.00000000  2337.94792483  0.99000000
0.14740741  67.00000000  0.00074099  80.00000000  2310.84935883  0.99000000
0.05688530  63.00000000  0.04863517  80.00000000  2337.94780548  0.99000000
0.05688530  63.00000000  0.04863517  80.00000000  2337.94792483  0.99000000
0.05688530  63.00000000  0.04863707  80.00000000  2337.94793466  0.99000000
0.05688530  63.00000000  0.04863517  80.00000000  2337.94792483  0.99000000
0.08257557  64.00000000  0.00147632  80.00000000  2338.02140094  0.99000000
0.05688530  63.00000000  0.04863517  80.00000000  2337.94792483  0.99000000
0.22537577  73.00000000  0.12079124  80.00000000  2312.24837124  0.99000000
0.05688530  63.00000000  0.04863517  80.00000000  2337.94792483  0.99000000
0.15528630  70.00000000  0.06741369  80.00000000  2007.51967088  0.99000000
0.22876348  72.00000000  0.11085685  80.00000000  2352.99836877  0.99000000
0.05844090  63.00000000  0.04977122  80.00000000  2340.38289250  0.99000000
0.18569551  67.00000000  0.01829579  80.00000000  2301.03533200  0.99000000
0.17320813  73.00000000  0.09058001  80.00000000  2340.02527086  0.99000000
0.05688530  63.00000000  0.04863517  80.00000000  2337.94792483  0.99000000
0.06966343  78.00000000  0.06966343  80.00000000  2297.05822242  0.99000000
0.05688530  63.00000000  0.04863517  80.00000000  2337.94792483  0.99000000
0.15658567  78.00000000  0.15658567  80.00000000  2348.32083626  0.99000000
0.19132824  67.00000000  0.04474367  80.00000000  2319.43108243  0.99000000
0.30561272  70.00000000  0.08438272  80.00000000  2292.30946865  0.99000000
0.13125955  64.00000000  0.09454042  80.00000000  2339.28415874  0.99000000
0.05688530  63.00000000  0.04863517  80.00000000  2337.94792483  0.99000000
0.28450137  70.00000000  0.06750219  80.00000000  2342.66935353  0.99000000
0.08257654  64.00000000  0.03554714  80.00000000  2338.09548668  0.99000000
0.01301468  78.00000000  0.01301468  80.00000000  2323.87901589  0.99000000
0.05688530  63.00000000  0.04863517  80.00000000  2337.94792483  0.99000000
0.05688530  63.00000000  0.04863517  80.00000000  2337.94792483  0.99000000
0.04802644  66.00000000  0.00658231  80.00000000  2297.43674482  0.99000000
0.09166050  73.00000000  0.06032454  80.00000000  2338.24710376  0.99000000
0.10929444  78.00000000  0.10929444  80.00000000  2323.44806674  0.99000000
0.05688530  63.00000000  0.04863517  80.00000000  2337.94792483  0.99000000
0.17009227  77.00000000  0.16868084  80.00000000  2339.09772706  0.99000000
0.05688530  63.00000000  0.04863517  80.00000000  2337.94792483  0.99000000
0.05688530  63.00000000  0.04863517  80.00000000  2337.94792483  0.99000000
0.05688530  63.00000000  0.04863517  80.00000000  2337.94792483  0.99000000
0.08259157  64.00000000  0.01220009  80.00000000  2338.09497778  0.99000000
0.05688530  63.00000000  0.04863517  80.00000000  2337.94792483  0.99000000
0.28237430  69.00000000  0.03806962  80.00000000  2337.10615816  0.99000000
0.14266585  70.00000000  0.07806544  80.00000000  2339.55263009  0.99000000
0.05688530  63.00000000  0.04863517  80.00000000  2337.94792483  0.99000000
0.05688530  63.00000000  0.04864585  80.00000000  2337.94641047  0.99000000
0.29659019  74.00000000  0.27626509  80.00000000  2336.37911777  0.99000000
0.05688530  63.00000000  0.04853236  80.00000000  2337.94702209  0.99000000
0.05688530  63.00000000  0.04863517  80.00000000  2337.94792483  0.99000000
0.05688530  63.00000000  0.04863517  80.00000000  2337.94792483  0.99000000
0.14888437  66.00000000  0.00116658  80.00000000  2338.93843388  0.99000000
0.01857557  63.00000000  0.00054581  80.00000000  2201.82746450  0.99000000
0.17172619  78.00000000  0.17172619  80.00000000  2339.22278748  0.99000000
0.17545666  76.00000000  0.14960475  80.00000000  2339.25964166  0.99000000
0.05688530  63.00000000  0.04863517  80.00000000  2337.94792483  0.99000000
0.17934277  78.00000000  0.17934277  80.00000000  2348.35673035  0.99000000
0.05688530  63.00000000  0.04863517  80.00000000  2337.94792483  0.99000000
0.05674705  63.00000000  0.04803159  80.00000000  2337.57755058  0.99000000
0.05688530  63.00000000  0.04863517  80.00000000  2337.94792483  0.99000000
0.16906244  76.00000000  0.14992975  80.00000000  2339.04923726  0.99000000
0.03979657  78.00000000  0.03979657  80.00000000  2296.14559996  0.99000000
0.05688530  63.00000000  0.04863517  80.00000000  2337.94792483  0.99000000
0.05716597  63.00000000  0.04933986  80.00000000  2338.46703707  0.99000000
0.05688530  63.00000000  0.04863517  80.00000000  2337.94792483  0.99000000
0.02290258  69.00000000  0.00555016  80.00000000  2284.32881535  0.99000000
0.03865845  65.00000000  0.00501450  80.00000000  2333.25682221  0.99000000
0.05688530  63.00000000  0.04863517  80.00000000  2337.94792483  0.99000000
0.04512723  72.00000000  0.03341932  80.00000000  2016.83955910  0.99000000
0.07169755  65.00000000  0.05208906  80.00000000  2306.27837821  0.99000000
0.05704778  63.00000000  0.04872825  80.00000000  2338.18879257  0.99000000
0.05688530  63.00000000  0.04863517  80.00000000  2337.94792483  0.99000000
0.05688530  63.00000000  0.04863517  80.00000000  2337.94792483  0.99000000
0.02888535  78.00000000  0.02888535  80.00000000  2322.97899563  0.99000000
0.05712262  63.00000000  0.04938016  80.00000000  2338.48510472  0.99000000
0.05688530  63.00000000  0.04863517  80.00000000  2337.94792483  0.99000000
0.05688530  63.00000000  0.04863517  80.00000000  2337.94792483  0.99000000
0.05688530  63.00000000  0.04863517  80.00000000  2337.94792483  0.99000000
0.00993098  78.00000000  0.00993098  80.00000000  2337.84541184  0.99000000
0.05688530  63.00000000  0.04863517  80.00000000  2337.94792483  0.99000000
0.05688530  63.00000000  0.04779268  80.00000000  2337.94709490  0.99000000
0.05688530  63.00000000  0.04863517  80.00000000  2337.94792483  0.99000000
0.01667420  62.00000000  0.00579353  80.00000000  2322.25209241  0.99000000
0.01765500  66.00000000  0.00363711  80.00000000  2167.22757295  0.99000000
0.05688530  63.00000000  0.04863517  80.00000000  2337.94792483  0.99000000
0.06798908  78.00000000  0.06798908  80.00000000  2338.28533167  0.99000000
0.05688530  63.00000000  0.04863517  80.00000000  2337.94792483  0.99000000
0.01512976  70.00000000  0.00100706  80.00000000  2294.60079610  0.99000000
0.14232729  78.00000000  0.14232729  80.00000000  2096.68795029  0.99000000
0.05688530  63.00000000  0.04863517  80.00000000  2337.94792483  0.99000000
0.05688530  63.00000000  0.02939835  80.00000000  2337.90376545  0.99000000
0.05688530  63.00000000  0.04863517  80.00000000  2337.94792483  0.99000000
0.05688530  63.00000000  0.04863517  80.00000000  2337.94792483  0.99000000
0.05688530  63.00000000  0.04863517  80.00000000  2337.94792483  0.99000000
0.27613234  76.00000000  0.20199807  80.00000000  2293.59220339  0.99000000
0.05688530  63.00000000  0.04863517  80.00000000  2337.94792483  0.99000000
0.05656663  71.00000000  0.01810576  80.00000000  1905.61861792  0.99000000
0.05688530  63.00000000  0.04863517  80.00000000  2337.94792483  0.99000000
0.09969796  63.00000000  0.00047651  80.00000000  2330.68853851  0.99000000
0.02876323  61.00000000  0.00401952  80.00000000  2335.93906161  0.99000000
0.05688530  63.00000000  0.04863517  80.00000000  2337.94792483  0.99000000
0.05688530  63.00000000  0.04862269  80.00000000  2337.94528938  0.99000000
0.05688530  63.00000000  0.04863517  80.00000000  2337.94792483  0.99000000
0.05455560  63.00000000  0.04581462  80.00000000  2335.38865329  0.99000000
0.05688530  63.00000000  0.04863517  80.00000000  2337.94739911  0.99000000
0.05688530  63.00000000  0.04863517  80.00000000  2337.94792483  0.99000000
0.05688530  63.00000000  0.04863517  80.00000000  2337.94792483  0.99000000
0.12593377  76.00000000  0.11262875  80.00000000  2339.11921632  0.99000000
0.05688530  63.00000000  0.04863517  80.00000000  2337.94792483  0.99000000
0.04802644  66.00000000  0.00694378  80.00000000  2297.43678163  0.99000000
0.05688343  63.00000000  0.04871396  80.00000000  2337.51796222  0.99000000
0.05688530  63.00000000  0.04516524  80.00000000  2337.94550633  0.99000000
0.05688530  63.00000000  0.04863517  80.00000000  2337.94792483  0.99000000
0.05688530  63.00000000  0.04863517  80.00000000  2337.94792483  0.99000000
0.16602032  75.00000000  0.15162787  80.00000000  2044.54977879  0.99000000
0.05688530  63.00000000  0.04863517  80.00000000  2337.94792483  0.99000000
0.11078033  65.00000000  0.06384969  80.00000000  2338.58247158  0.99000000
0.05688530  63.00000000  0.04863517  80.00000000  2337.94792483  0.99000000
0.05688530  63.00000000  0.04863517  80.00000000  2337.94792483  0.99000000
0.05688530  63.00000000  0.04934209  80.00000000  2337.94950880  0.99000000
0.05688530  63.00000000  0.04863517  80.00000000  2337.94792483  0.99000000
0.05669476  63.00000000  0.04773653  80.00000000  2337.97634206  0.99000000
0.05688530  63.00000000  0.02053524  80.00000000  2337.92929729  0.99000000
0.05688530  63.00000000  0.04863517  80.00000000  2337.94792483  0.99000000
0.17280733  73.00000000  0.11794311  80.00000000  2309.72181492  0.99000000
0.17169765  75.00000000  0.14148391  80.00000000  2337.93449414  0.99000000
0.05688530  63.00000000  0.04863517  80.00000000  2337.94792483  0.99000000
0.15658667  78.00000000  0.15658667  80.00000000  2348.32082547  0.99000000
0.05843760  65.00000000  0.01275038  80.00000000  2303.72468773  0.99000000
0.05688530  63.00000000  0.04863517  80.00000000  2337.94792483  0.99000000
0.05688530  63.00000000  0.04863513  80.00000000  2337.94790521  0.99000000
0.05688530  63.00000000  0.04863513  80.00000000  2337.94771671  0.99000000
0.05688530  63.00000000  0.04934209  80.00000000  2337.94972581  0.99000000
0.14586877  78.00000000  0.14586877  80.00000000  2338.20915458  0.99000000
0.05688530  63.00000000  0.04863517  80.00000000  2337.94792483  0.99000000
0.02953121  62.00000000  0.01210781  80.00000000  1994.39781584  0.99000000
0.13141934  64.00000000  0.09571115  80.00000000  2338.45296336  0.99000000
0.05674701  63.00000000  0.04803175  80.00000000  2337.57755011  0.99000000
0.06883020  74.00000000  0.04159838  80.00000000  2197.84209634  0.99000000
0.05688530  63.00000000  0.04863517  80.00000000  2337.94792483  0.99000000
0.14581258  64.00000000  0.00470307  80.00000000  2350.71816064  0.99000000
0.05688530  63.00000000  0.04863517  80.00000000  2337.94792483  0.99000000
0.02893043  68.00000000  0.01919096  80.00000000  2337.69306112  0.99000000
0.05688530  63.00000000  0.04863517  80.00000000  2337.94792483  0.99000000
0.05688530  63.00000000  0.04863517  80.00000000  2337.94792483  0.99000000
0.05688530  63.00000000  0.04863517  80.00000000  2337.94792483  0.99000000
0.05688530  63.00000000  0.04863517  80.00000000  2337.94792483  0.99000000
0.16349064  75.00000000  0.13359342  80.00000000  2339.09034428  0.99000000
0.05688530  63.00000000  0.04863517  80.00000000  2337.94792483  0.99000000
0.08257580  64.00000000  0.07134927  80.00000000  2338.18538164  0.99000000
0.28351907  69.00000000  0.04557202  80.00000000  2345.06942045  0.99000000
0.05688530  63.00000000  0.04863517  80.00000000  2337.94792483  0.99000000
0.05688530  63.00000000  0.04863517  80.00000000  2337.94792483  0.99000000
0.04191712  78.00000000  0.04191712  80.00000000  2299.43204628  0.99000000
0.05688530  63.00000000  0.04863517  80.00000000  2337.94792483  0.99000000
0.02290682  66.00000000  0.00059780  80.00000000  2337.64856092  0.99000000
0.05688530  63.00000000  0.04863517  80.00000000  2337.94792483  0.99000000
0.05688530  63.00000000  0.04863517  80.00000000  2337.94792483  0.99000000
0.07698951  64.00000000  0.03662821  80.00000000  2338.04502729  0.99000000
0.05701809  63.00000000  0.04835996  80.00000000  2337.83306858  0.99000000
0.19266035  76.00000000  0.16915044  80.00000000  2340.05657863  0.99000000
0.05688530  63.00000000  0.04863517  80.00000000  2337.94792483  0.99000000
0.28400062  69.00000000  0.04016745  80.00000000  2339.76326076  0.99000000
0.05688530  63.00000000  0.04863517  80.00000000  2337.94792483  0.99000000
0.03292451  70.00000000  0.00083704  80.00000000  2209.18775943  0.99000000
0.05688530  63.00000000  0.04863517  80.00000000  2337.94968580  0.99000000
0.17133078  77.00000000  0.16750310  80.00000000  2339.04993978  0.99000000
0.05688530  63.00000000  0.04863517  80.00000000  2337.94792483  0.99000000
0.05688530  63.00000000  0.04863517  80.00000000  2337.94792483  0.99000000
0.14819817  76.00000000  0.13820365  80.00000000  2334.45242816  0.99000000
0.05688530  63.00000000  0.04863517  80.00000000  2337.94792483  0.99000000
0.11225459  62.00000000  0.01081901  80.00000000  2343.41193818  0.99000000
0.13339754  76.00000000  0.12746072  80.00000000  2342.37551839  0.99000000
0.10606522  75.00000000  0.07963207  80.00000000  2261.96581019  0.99000000
0.05688530  63.00000000  0.04863517  80.00000000  2337.94792483  0.99000000
0.08556042  75.00000000  0.06676196  80.00000000  2324.11491669  0.99000000
0.05688530  63.00000000  0.04863517  80.00000000  2337.94810604  0.99000000
0.05688530  63.00000000  0.04863517  80.00000000  2337.94792483  0.99000000
0.03597769  78.00000000  0.03597769  80.00000000  1935.14572152  0.99000000
0.05688530  63.00000000  0.04863517  80.00000000  2337.94792483  0.99000000
0.07641932  73.00000000  0.06089385  80.00000000  2338.21396830  0.99000000
0.02751226  78.00000000  0.02751226  80.00000000  2246.07401234  0.99000000
0.05688530  63.00000000  0.04863517  80.00000000  2337.94792483  0.99000000
0.05688530  63.00000000  0.04863517  80.00000000  2337.94792483  0.99000000
0.11026652  64.00000000  0.00591420  80.00000000  2320.84600783  0.99000000
0.05688530  63.00000000  0.04863517  80.00000000  2337.94792483  0.99000000
0.07184203  78.00000000  0.07184203  80.00000000  2161.62658734  0.99000000
0.05688530  63.00000000  0.04863517  80.00000000  2337.94792483  0.99000000
0.13552600  77.00000000  0.13279759  80.00000000  2333.17466528  0.99000000
0.11377701  78.00000000  0.11377701  80.00000000  2193.15218702  0.99000000
0.05688530  63.00000000  0.04863517  80.00000000  2337.94792483  0.99000000
0.06296965  74.00000000  0.05730380  80.00000000  2279.67205643  0.99000000
0.05688530  63.00000000  0.04863517  80.00000000  2337.94792483  0.99000000
0.05692415  63.00000000  0.04874245  80.00000000  2337.94839997  0.99000000
0.05688530  63.00000000  0.04863517  80.00000000  2337.94792483  0.99000000
0.14141577  69.00000000  0.06989059  80.00000000  2339.67509658  0.99000000
0.05688530  63.00000000  0.04866364  80.00000000  2337.94717728  0.99000000
0.05688530  63.00000000  0.04863517  80.00000000  2337.94792483  0.99000000
0.03548494  69.00000000  0.00024785  80.00000000  2208.95310241  0.99000000
0.05688530  63.00000000  0.04863517  80.00000000  2337.94792483  0.99000000
0.29593246  69.00000000  0.04395532  80.00000000  2339.26779411  0.99000000
0.05688530  63.00000000  0.04863517  80.00000000  2337.94792483  0.99000000
0.05878907  78.00000000  0.05878907  80.00000000  2160.25296841  0.99000000
0.05688530  63.00000000  0.04863517  80.00000000  2337.94792483  0.99000000
0.05228721  63.00000000  0.00036721  80.00000000  2337.81249346  0.99000000
0.05688530  63.00000000  0.04863517  80.00000000  2337.94792483  0.99000000
0.05688530  63.00000000  0.04863517  80.00000000  2337.94792483  0.99000000
0.05688530  63.00000000  0.04863517  80.00000000  2337.94792483  0.99000000
0.16021437  69.00000000  0.05011881  80.00000000  2322.39198904  0.99000000
0.05688530  63.00000000  0.04863517  80.00000000  2337.94792483  0.99000000
0.05688530  63.00000000  0.04863517  80.00000000  2337.94792483  0.99000000
0.06047403  69.00000000  0.01801419  80.00000000  2308.31472435  0.99000000
0.05712986  63.00000000  0.04874737  80.00000000  2337.95012456  0.99000000
0.05688530  63.00000000  0.04863517  80.00000000  2337.94792483  0.99000000
0.05688530  63.00000000  0.04863517  80.00000000  2337.94792483  0.99000000
0.05688530  63.00000000  0.04863517  80.00000000  2337.94792483  0.99000000
0.12414590  78.00000000  0.12414590  80.00000000  2338.75875872  0.99000000
0.05706236  63.00000000  0.04873576  80.00000000  2338.18889072  0.99000000
0.05688530  63.00000000  0.04863517  80.00000000  2337.94792483  0.99000000
0.05688530  63.00000000  0.04863517  80.00000000  2337.94792483  0.99000000
0.05688530  63.00000000  0.04863517  80.00000000  2337.94792483  0.99000000
0.05136759  62.00000000  0.01738467  80.00000000  2296.99735032  0.99000000
0.29596977  69.00000000  0.04392387  80.00000000  2339.26575224  0.99000000
0.05688530  63.00000000  0.04863517  80.00000000  2337.94792483  0.99000000
0.05688530  63.00000000  0.04863517  80.00000000  2337.94792483  0.99000000
0.05688530  63.00000000  0.04863517  80.00000000  2337.94792483  0.99000000
0.05688530  63.00000000  0.04863517  80.00000000  2337.94792483  0.99000000
0.05688530  63.00000000  0.04863517  80.00000000  2337.94792483  0.99000000
0.17280464  73.00000000  0.11794086  80.00000000  2309.72219188  0.99000000
0.05688530  63.00000000  0.04863517  80.00000000  2337.94792483  0.99000000
0.05688530  63.00000000  0.04863517  80.00000000  2337.94792483  0.99000000
0.23803416  68.00000000  0.03831425  80.00000000  2281.50949200  0.99000000
0.05688530  63.00000000  0.04863517  80.00000000  2337.94792483  0.99000000
0.02151506  78.00000000  0.02151506  80.00000000  2324.88607536  0.99000000
0.05688530  63.00000000  0.04863517  80.00000000  2337.94792483  0.99000000
0.05688530  63.00000000  0.04863517  80.00000000  2337.94792483  0.99000000
0.22706366  78.00000000  0.22706366  80.00000000  2338.98982237  0.99000000
0.03979484  78.00000000  0.03979484  80.00000000  2296.16824790  0.99000000
0.05688530  63.00000000  0.04863517  80.00000000  2337.94792483  0.99000000
0.05688530  63.00000000  0.04863517  80.00000000  2337.94792483  0.99000000
0.12897799  69.00000000  0.01244621  80.00000000  2061.31226678  0.99000000
0.27869898  69.00000000  0.01669211  80.00000000  2336.83276939  0.99000000
0.05688530  63.00000000  0.04863517  80.00000000  2337.94792483  0.99000000
0.19409624  73.00000000  0.08335007  80.00000000  2343.23611565  0.99000000
0.05688530  63.00000000  0.04863517  80.00000000  2337.94792483  0.99000000
0.05688530  63.00000000  0.04863517  80.00000000  2337.94792483  0.99000000
0.05688530  63.00000000  0.04863517  80.00000000  2337.94792483  0.99000000
0.05688530  63.00000000  0.04863517  80.00000000  2337.94792483  0.99000000
0.17435314  73.00000000  0.09550854  80.00000000  2340.10779638  0.99000000
0.05688530  63.00000000  0.04863517  80.00000000  2337.94792483  0.99000000
0.05688530  63.00000000  0.04863517  80.00000000  2337.94792483  0.99000000
0.25229422  73.00000000  0.11579937  80.00000000  2340.81072619  0.99000000
0.19985379  70.00000000  0.03527340  80.00000000  2351.68689245  0.99000000
0.05688530  63.00000000  0.04863517  80.00000000  2337.94792483  0.99000000
0.05688530  63.00000000  0.04863517  80.00000000  2337.94792483  0.99000000
0.05688530  63.00000000  0.04863517  80.00000000  2337.94792483  0.99000000
0.05688530  63.00000000  0.04863517  80.00000000  2337.94792483  0.99000000
0.05688530  63.00000000  0.04863517  80.00000000  2337.94792483  0.99000000
0.17103281  75.00000000  0.12846477  80.00000000  2339.09896059  0.99000000
0.16963595  78.00000000  0.16963595  80.00000000  2338.41009801  0.99000000
0.05688530  63.00000000  0.04863517  80.00000000  2337.94792483  0.99000000
0.11316832  78.00000000  0.11316832  80.00000000  2334.86309994  0.99000000
0.05688530  63.00000000  0.04863517  80.00000000  2337.94792400  0.99000000
0.05688530  63.00000000  0.04863517  80.00000000  2337.94792483  0.99000000
0.05778022  78.00000000  0.05778022  80.00000000  2345.04378413  0.99000000
0.05688530  63.00000000  0.04863517  80.00000000  2337.94792483  0.99000000
0.05688530  63.00000000  0.04863517  80.00000000  2337.94792483  0.99000000
0.05688530  63.00000000  0.04853236  80.00000000  2337.94702209  0.99000000
0.06399777  78.00000000  0.06399777  80.00000000  2247.63623666  0.99000000
0.05688530  63.00000000  0.04863517  80.00000000  2337.94792483  0.99000000
0.28138683  69.00000000  0.03094737  80.00000000  2333.29220296  0.99000000
0.04869690  78.00000000  0.04869690  80.00000000  2286.84250691  0.99000000
0.05688530  63.00000000  0.04863517  80.00000000  2337.94792483  0.99000000
0.05688530  63.00000000  0.04863517  80.00000000  2337.94792483  0.99000000
0.05688530  63.00000000  0.04863517  80.00000000  2337.94792483  0.99000000
0.08860584  66.00000000  0.01189133  80.00000000  2309.24006361  0.99000000
0.14628185  66.00000000  0.03721635  80.00000000  2337.85908622  0.99000000
0.25202893  69.00000000  0.00517033  80.00000000  2341.31644080  0.99000000
0.05688530  63.00000000  0.04863517  80.00000000  2337.94792483  0.99000000
0.13785442  78.00000000  0.13785442  80.00000000  2338.72332333  0.99000000
0.05688530  63.00000000  0.04863517  80.00000000  2337.94792483  0.99000000
0.05688530  63.00000000  0.04863517  80.00000000  2337.94792483  0.99000000
0.05688530  63.00000000  0.04863517  80.00000000  2337.94792483  0.99000000
0.05688530  63.00000000  0.04863517  80.00000000  2337.94792483  0.99000000
0.05688530  63.00000000  0.04863517  80.00000000  2337.94792483  0.99000000
0.05712262  63.00000000  0.04938016  80.00000000  2338.48510472  0.99000000
0.11167991  62.00000000  0.01082684  80.00000000  2343.39196414  0.99000000
0.05688530  63.00000000  0.04863517  80.00000000  2337.94792483  0.99000000
0.05688530  63.00000000  0.04863517  80.00000000  2337.94792483  0.99000000
0.05688530  63.00000000  0.04863517  80.00000000  2337.94792483  0.99000000
0.11039752  64.00000000  0.00603534  80.00000000  2323.23388688  0.99000000
0.05688530  63.00000000  0.04863517  80.00000000  2337.94792483  0.99000000
0.19360139  78.00000000  0.19360139  80.00000000  2343.53536103  0.99000000
0.05688530  63.00000000  0.04863517  80.00000000  2337.94792483  0.99000000
0.05688530  63.00000000  0.04863517  80.00000000  2337.94792483  0.99000000
0.05688530  63.00000000  0.04863517  80.00000000  2337.94792483  0.99000000
0.05688530  63.00000000  0.04863517  80.00000000  2337.94792483  0.99000000
0.05688530  63.00000000  0.04863517  80.00000000  2337.94780548  0.99000000
0.14453287  77.00000000  0.14179537  80.00000000  2338.67003472  0.99000000
0.05688530  63.00000000  0.04863517  80.00000000  2337.94792483  0.99000000
0.05154091  78.00000000  0.05154091  80.00000000  2052.94302756  0.99000000
0.27681293  70.00000000  0.23752124  80.00000000  2341.59246205  0.99000000
0.05688530  63.00000000  0.04863517  80.00000000  2337.94792483  0.99000000
0.05688530  63.00000000  0.04863517  80.00000000  2337.94792483  0.99000000
0.05688530  63.00000000  0.04863517  80.00000000  2337.94792483  0.99000000
0.06966343  78.00000000  0.06966343  80.00000000  2297.05822242  0.99000000
0.05688530  63.00000000  0.04863517  80.00000000  2337.94792483  0.99000000
0.01055067  75.00000000  0.00843120  80.00000000  2114.30988743  0.99000000
0.14422614  64.00000000  0.09961177  80.00000000  2339.43601099  0.99000000
0.05688530  63.00000000  0.04863517  80.00000000  2337.94792483  0.99000000
0.05681325  63.00000000  0.05210848  80.00000000  2337.97527784  0.99000000
0.14718830  67.00000000  0.01977806  80.00000000  2304.60310167  0.99000000
0.05688530  63.00000000  0.04863517  80.00000000  2337.94792483  0.99000000
0.05688530  63.00000000  0.04863517  80.00000000  2337.94792483  0.99000000
0.24601048  72.00000000  0.10644988  80.00000000  2354.05171411  0.99000000
0.05688530  63.00000000  0.04863517  80.00000000  2337.94792483  0.99000000
0.23202544  77.00000000  0.22144886  80.00000000  2339.85528051  0.99000000
0.05688530  63.00000000  0.04863517  80.00000000  2337.94792483  0.99000000
0.16107436  74.00000000  0.09435647  80.00000000  2339.06343492  0.99000000
0.05688530  63.00000000  0.04863517  80.00000000  2337.94792483  0.99000000
0.07314258  75.00000000  0.04742683  80.00000000  2338.16165681  0.99000000
0.05688530  63.00000000  0.04863517  80.00000000  2337.94792483  0.99000000
0.05688530  63.00000000  0.04863517  80.00000000  2337.94792483  0.99000000
0.28062982  78.00000000  0.28062982  80.00000000  2121.52446071  0.99000000
0.12507888  78.00000000  0.12507888  80.00000000  2336.94354609  0.99000000
0.25435716  71.00000000  0.07368080  80.00000000  2329.02489645  0.99000000
0.05688530  63.00000000  0.04863461  80.00000000  2337.94803983  0.99000000
0.05688530  63.00000000  0.04863517  80.00000000  2337.94792483  0.99000000
0.05688530  63.00000000  0.04863517  80.00000000  2337.94792483  0.99000000
0.05688530  63.00000000  0.04863517  80.00000000  2337.94792483  0.99000000
0.05688530  63.00000000  0.04863517  80.00000000  2337.94792483  0.99000000
0.11084788  65.00000000  0.01741601  80.00000000  2339.55733650  0.99000000
0.28744328  69.00000000  0.12233610  80.00000000  2340.92016472  0.99000000
0.05688530  63.00000000  0.04863517  80.00000000  2337.94792483  0.99000000
0.13965646  74.00000000  0.11077694  80.00000000  2332.59954330  0.99000000
0.05719436  63.00000000  0.04790330  80.00000000  2337.95261448  0.99000000
0.05688530  63.00000000  0.04863517  80.00000000  2337.94792483  0.99000000
0.05688530  63.00000000  0.04863517  80.00000000  2337.94792483  0.99000000
0.05688530  63.00000000  0.04863517  80.00000000  2337.94792483  0.99000000
0.05688530  63.00000000  0.04863517  80.00000000  2337.94792487  0.99000000
0.04579449  64.00000000  0.00545482  80.00000000  2248.21124337  0.99000000
0.05688530  63.00000000  0.04863517  80.00000000  2337.94792483  0.99000000
0.44678807  78.00000000  0.44678807  80.00000000  2296.56906619  0.99000000
0.03587096  68.00000000  0.00439439  80.00000000  2240.66513207  0.99000000
0.05688530  63.00000000  0.04863517  80.00000000  2337.94792483  0.99000000
0.05688530  63.00000000  0.04863517  80.00000000  2337.94792483  0.99000000
0.01673975  78.00000000  0.01673975  80.00000000  2162.90156053  0.99000000
0.05688530  63.00000000  0.04863517  80.00000000  2337.94792483  0.99000000
0.05688530  63.00000000  0.04863517  80.00000000  2337.94792483  0.99000000
0.05688530  63.00000000  0.04863517  80.00000000  2337.94792483  0.99000000
0.15671686  74.00000000  0.09256036  80.00000000  2338.99185717  0.99000000
0.05667618  63.00000000  0.04771546  80.00000000  2337.97634862  0.99000000
0.16902719  72.00000000  0.11178267  80.00000000  2312.19223089  0.99000000
0.05688530  63.00000000  0.04872015  80.00000000  2337.94874337  0.99000000
0.10733699  77.00000000  0.10271445  80.00000000  2338.02881188  0.99000000
0.05688530  63.00000000  0.04863517  80.00000000  2337.94792483  0.99000000
0.02868908  78.00000000  0.02868908  80.00000000  2250.91491119  0.99000000
0.05688530  63.00000000  0.04863517  80.00000000  2337.94792483  0.99000000
0.05688530  63.00000000  0.04863517  80.00000000  2337.94792483  0.99000000
0.18963037  77.00000000  0.18280169  80.00000000  2339.30489873  0.99000000
0.05688530  63.00000000  0.04863517  80.00000000  2337.94792483  0.99000000
0.05688530  63.00000000  0.04863476  80.00000000  2337.94787709  0.99000000
0.26465124  69.00000000  0.03002281  80.00000000  2336.24471330  0.99000000
0.05688530  63.00000000  0.04863517  80.00000000  2337.94792483  0.99000000
0.14625972  64.00000000  0.07894801  80.00000000  2339.32501345  0.99000000
0.05604652  63.00000000  0.04829499  80.00000000  2329.37979903  0.99000000
0.05688530  63.00000000  0.04863517  80.00000000  2337.94792483  0.99000000
0.24917260  69.00000000  0.07233409  80.00000000  3661.07409851  0.99000000
0.00160001  78.00000000  0.00160001  80.00000000  3568.40242641  0.99000000
0.04312233  69.00000000  0.00746466  80.00000000  3706.98746311  0.99000000
0.02132304  78.00000000  0.02132304  80.00000000  2599.71233614  0.99000000
0.00184036  73.00000000  0.00148124  80.00000000  3836.98782638  0.99000000
0.14489077  66.00000000  0.00099326  80.00000000  2616.10845176  0.99000000
0.06374270  68.00000000  0.02402346  80.00000000  2281.54360458  0.99000000
0.00018296  78.00000000  0.00018296  80.00000000  2497.69482863  0.99000000
0.19216046  71.00000000  0.07249704  80.00000000  2522.45041550  0.99000000
0.02241542  67.00000000  0.00123041  80.00000000  1967.60739905  0.99000000
0.13518741  76.00000000  0.12012340  80.00000000  2591.75875561  0.99000000
0.01813095  73.00000000  0.00886210  80.00000000  2107.34620075  0.99000000
0.05845375  71.00000000  0.03936608  80.00000000  2404.48474197  0.99000000
0.08422013  78.00000000  0.08422013  80.00000000  3150.93260709  0.99000000
0.06540313  77.00000000  0.06521628  80.00000000  2735.79198584  0.99000000
0.00108392  78.00000000  0.00108392  80.00000000  2352.58009810  0.99000000
0.00020216  60.00000000  0.00003951  80.00000000  3954.73822607  0.99000000
0.03875684  78.00000000  0.03875684  80.00000000  2323.30221849  0.99000000
0.00369115  75.00000000  0.00321558  80.00000000  2247.94040106  0.99000000
0.00006330  70.00000000  0.00000461  80.00000000  3776.46573786  0.99000000
0.16588028  67.00000000  0.07472357  80.00000000  3737.16642281  0.99000000
0.02400751  64.00000000  0.00648951  80.00000000  3638.26013453  0.99000000
0.03825804  71.00000000  0.00450268  80.00000000  3676.30998273  0.99000000
0.00630674  64.00000000  0.00143583  80.00000000  3746.98600575  0.99000000
0.01590516  65.00000000  0.00451991  80.00000000  3072.90030793  0.99000000
0.00100288  72.00000000  0.00083886  80.00000000  2702.25620675  0.99000000
0.00420295  61.00000000  0.00062936  80.00000000  3417.81881077  0.99000000
0.05278193  78.00000000  0.05278193  80.00000000  3572.85098446  0.99000000
0.01634929  63.00000000  0.01421027  80.00000000  3730.74986764  0.99000000
0.05027383  62.00000000  0.03923996  80.00000000  2311.00088999  0.99000000
0.00320191  78.00000000  0.00320191  80.00000000  3585.00744798  0.99000000
0.03868585  78.00000000  0.03868585  80.00000000  3148.12330209  0.99000000
0.02243540  69.00000000  0.01721894  80.00000000  3317.35106999  0.99000000
0.07320039  72.00000000  0.02046125  80.00000000  3734.59557856  0.99000000
0.02447079  70.00000000  0.00513253  80.00000000  3701.04421683  0.99000000
0.00767235  78.00000000  0.00767235  80.00000000  3648.14286437  0.99000000
0.00214977  64.00000000  0.00017262  80.00000000  3665.88973407  0.99000000
0.00495029  64.00000000  0.00012674  80.00000000  3620.82825145  0.99000000
0.19115028  78.00000000  0.19115028  80.00000000  3267.95711472  0.99000000
0.00399328  59.00000000  0.00269775  80.00000000  3791.84188902  0.99000000
0.07464575  78.00000000  0.07464575  80.00000000  3178.41809145  0.99000000
0.05855185  78.00000000  0.05855185  80.00000000  3750.70588228  0.99000000
0.01417984  78.00000000  0.01417984  80.00000000  3892.05314989  0.99000000
0.06172599  78.00000000  0.06172599  80.00000000  3148.32977869  0.99000000
0.03887176  78.00000000  0.03887176  80.00000000  3739.86905741  0.99000000
0.03279445  71.00000000  0.00440009  80.00000000  3666.50743837  0.99000000
0.06639952  78.00000000  0.06639952  80.00000000  3543.56154520  0.99000000
0.19197379  78.00000000  0.19197379  80.00000000  3802.47465033  0.99000000
0.03728478  78.00000000  0.03728478  80.00000000  3778.81782658  0.99000000
0.15329929  78.00000000  0.15329929  80.00000000  3738.86727700  0.99000000
0.01380696  77.00000000  0.01351981  80.00000000  3578.67803770  0.99000000
0.00366328  62.00000000  0.00251084  80.00000000  3666.45754676  0.99000000
0.03994921  78.00000000  0.03994921  80.00000000  3937.24329969  0.99000000
0.03269554  78.00000000  0.03269554  80.00000000  3837.72355706  0.99000000
0.00684696  78.00000000  0.00684696  80.00000000  3115.00362996  0.99000000
0.00111729  57.00000000  0.00075253  80.00000000  2572.64845724  0.99000000
0.18358432  71.00000000  0.08538109  80.00000000  3787.23463024  0.99000000
0.00729780  67.00000000  0.00032198  80.00000000  3812.16359185  0.99000000
0.20142856  75.00000000  0.16974772  80.00000000  3862.60618714  0.99000000
0.22222692  64.00000000  0.07145583  80.00000000  3919.76311679  0.99000000
0.04224961  71.00000000  0.00735120  80.00000000  3740.53650110  0.99000000
0.02078994  61.00000000  0.00435044  80.00000000  3709.70432158  0.99000000
0.04454332  78.00000000  0.04454332  80.00000000  3397.62062044  0.99000000
0.00444338  68.00000000  0.00099961  80.00000000  3905.55349590  0.99000000
0.05489245  78.00000000  0.05489245  80.00000000  3879.01843209  0.99000000
0.04928056  70.00000000  0.02084936  80.00000000  3185.09726134  0.99000000
0.00019170  74.00000000  0.00010427  80.00000000  3211.89206807  0.99000000
0.19668905  73.00000000  0.10891750  80.00000000  2452.41037749  0.99000000
0.02548841  78.00000000  0.02548841  80.00000000  3168.05837342  0.99000000
0.19409266  64.00000000  0.00299172  80.00000000  3896.15223699  0.99000000
0.15300891  78.00000000  0.15300891  80.00000000  3588.75260399  0.99000000
0.56429182  76.00000000  0.52609859  80.00000000  3608.02723611  0.99000000
0.49920093  73.00000000  0.18286067  80.00000000  3734.19210967  0.99000000
0.38709321  76.00000000  0.37241275  80.00000000  3687.14344392  0.99000000
0.09296488  77.00000000  0.09110630  80.00000000  3425.09967354  0.99000000
0.04879175  78.00000000  0.04879175  80.00000000  3759.58640616  0.99000000
0.02581965  78.00000000  0.02581965  80.00000000  3832.18950789  0.99000000
0.35457561  78.00000000  0.35457561  80.00000000  3483.95765206  0.99000000
0.10236673  67.00000000  0.00212122  80.00000000  3516.01295106  0.99000000
0.19830736  69.00000000  0.17648717  80.00000000  3600.14899458  0.99000000
0.14674764  72.00000000  0.10326529  80.00000000  3867.14451582  0.99000000
0.00987045  67.00000000  0.00610319  80.00000000  3731.08224146  0.99000000
0.16481426  66.00000000  0.08643396  80.00000000  3530.84441234  0.99000000
0.14367957  70.00000000  0.02131229  80.00000000  3591.06211221  0.99000000
0.23633603  71.00000000  0.07267897  80.00000000  3735.09715362  0.99000000
0.45038366  75.00000000  0.34308387  80.00000000  3631.86217554  0.99000000
0.06401189  74.00000000  0.05021433  80.00000000  3522.52661902  0.99000000
0.19350257  78.00000000  0.19350257  80.00000000  3523.56329533  0.99000000
0.05090181  72.00000000  0.02059013  80.00000000  3707.62821628  0.99000000
0.08675138  78.00000000  0.08675138  80.00000000  3644.28842082  0.99000000
0.06424548  78.00000000  0.06424548  80.00000000  3816.18213846  0.99000000
0.04024085  67.00000000  0.01466827  80.00000000  3746.65229218  0.99000000
0.09416650  75.00000000  0.07833768  80.00000000  3894.44104083  0.99000000
0.01472391  61.00000000  0.00579232  80.00000000  3793.23743545  0.99000000
0.06456194  78.00000000  0.06456194  80.00000000  3703.83883698  0.99000000
0.05407246  67.00000000  0.02992553  80.00000000  3978.40250726  0.99000000
0.09382355  76.00000000  0.08702433  80.00000000  3513.94721072  0.99000000
0.25680363  78.00000000  0.25680363  80.00000000  3804.11703601  0.99000000
0.03534450  78.00000000  0.03534450  80.00000000  2628.58123239  0.99000000
0.23291649  78.00000000  0.23291649  80.00000000  3655.63470649  0.99000000
0.24853747  63.00000000  0.02178370  80.00000000  3824.86647221  0.99000000
