6
7
35
30
21
17
21
8
8
8
9
21
1
1
1
1
1
2
2
2
13
3
3
3
13
4
4
4
4
5
5
5
1
23
6
6
7
17
7
7
8
18
9
8
32
8
1
23
10
11
20
36
33
21
22
11
12
22
13
1
23
13
14
3
15
14
25
25
16
15
13
13
17
16
27
18
28
18
19
31
19
8
18
34
31
30
21
17
21
17
22
18
36
17
23
20
24
23
24
21
20
10
22
21
26
21
22
27
4
24
36
36
28
36
36
23
35
24
7
35
7
35
28
32
9
33
35
35
35
35
21
36
36
36
36
36
36
36
36
36
36
36
36
35
35
35
36
36
36
36
35
15
35
35
35
35
36
35
28
35
35
35
35
8
24
