34
23
34
30
7
10
21
8
9
8
22
0
18
1
1
1
1
1
2
11
2
2
2
2
3
3
3
3
1
4
4
4
4
5
5
5
4
15
6
6
24
6
7
7
7
3
8
8
8
9
8
8
9
9
10
19
20
35
11
11
21
21
6
12
22
12
13
1
13
13
23
24
14
14
15
15
25
15
31
16
16
17
16
32
17
27
18
33
10
28
19
19
7
19
34
20
34
30
35
21
21
20
21
36
22
36
22
12
18
18
24
19
18
19
25
24
21
2
26
25
16
27
15
4
36
36
36
23
28
36
23
29
35
29
24
17
35
31
31
32
24
35
8
35
35
31
35
35
35
35
35
35
35
35
35
35
35
35
36
35
35
35
35
35
36
35
35
36
36
35
36
36
36
36
36
35
35
35
32
35
35
18
15
28
19
14
36
19
