# Results obtained using DQN. CPU time: 41.09834384918213
0.00079079  57.00000000  0.00054361  60.00000000  1583.55900939  0.00000000
0.01139175  58.00000000  0.01139175  60.00000000  1763.93930338  0.00000000
0.00350055  49.00000000  0.00172201  60.00000000  2254.42326682  0.00000000
0.00244248  57.00000000  0.00160308  60.00000000  1537.18509928  0.00000000
0.00294141  50.00000000  0.00079771  60.00000000  2794.38528805  0.00000000
0.00070899  58.00000000  0.00070899  60.00000000  1490.98458173  0.00000000
0.00038127  58.00000000  0.00038127  60.00000000  1821.51241942  0.00000000
0.00186348  54.00000000  0.00160284  60.00000000  1382.38789506  0.00000000
0.00227716  58.00000000  0.00227716  60.00000000  1598.90470188  0.63909397
0.02153195  58.00000000  0.02153195  60.00000000  3128.63809450  0.99000000
0.01336945  58.00000000  0.01336945  60.00000000  3128.44254272  0.99000000
0.01336945  58.00000000  0.01336945  60.00000000  3128.44254272  0.99000000
0.01336945  58.00000000  0.01336945  60.00000000  3128.44254272  0.99000000
0.13608122  56.00000000  0.11747044  60.00000000  3101.95347431  0.99000000
0.01336945  58.00000000  0.01336945  60.00000000  3128.44254272  0.99000000
0.01336945  58.00000000  0.01336945  60.00000000  3128.44254272  0.99000000
0.01475112  55.00000000  0.01323017  60.00000000  3128.48265533  0.99000000
0.01336945  58.00000000  0.01336945  60.00000000  3128.44254272  0.99000000
0.01336945  58.00000000  0.01336945  60.00000000  3128.44254272  0.99000000
0.01336945  58.00000000  0.01336945  60.00000000  3128.44254272  0.99000000
0.02870808  58.00000000  0.02870808  60.00000000  3121.58091981  0.99000000
0.02411668  58.00000000  0.02411668  60.00000000  3128.46659585  0.99000000
0.01336945  58.00000000  0.01336945  60.00000000  3128.44254272  0.99000000
0.01336945  58.00000000  0.01336945  60.00000000  3128.44254272  0.99000000
0.01336945  58.00000000  0.01336945  60.00000000  3128.44254272  0.99000000
0.03629004  58.00000000  0.03629004  60.00000000  3124.45200540  0.99000000
0.01336945  58.00000000  0.01336945  60.00000000  3128.44254272  0.99000000
0.02348785  58.00000000  0.02348785  60.00000000  3128.44411117  0.99000000
0.01336945  58.00000000  0.01336945  60.00000000  3128.44254272  0.99000000
0.01336945  58.00000000  0.01336945  60.00000000  3128.44254272  0.99000000
0.01336945  58.00000000  0.01336945  60.00000000  3128.44254272  0.99000000
0.01336945  58.00000000  0.01336945  60.00000000  3128.44254272  0.99000000
0.01336945  58.00000000  0.01336945  60.00000000  3128.44254272  0.99000000
0.01336945  58.00000000  0.01336945  60.00000000  3128.44254272  0.99000000
0.01336945  58.00000000  0.01336945  60.00000000  3128.44254272  0.99000000
0.01336945  58.00000000  0.01336945  60.00000000  3128.44254272  0.99000000
0.01336945  58.00000000  0.01336945  60.00000000  3128.44254272  0.99000000
0.01336945  58.00000000  0.01336945  60.00000000  3128.44254272  0.99000000
0.01122518  58.00000000  0.01122518  60.00000000  3128.43678998  0.99000000
0.01336946  58.00000000  0.01336946  60.00000000  3128.44246966  0.99000000
0.01336945  58.00000000  0.01336945  60.00000000  3128.44254272  0.99000000
0.01336945  58.00000000  0.01336945  60.00000000  3128.44254272  0.99000000
0.04872423  57.00000000  0.04751245  60.00000000  3167.09080496  0.99000000
0.01336945  58.00000000  0.01336945  60.00000000  3128.44254272  0.99000000
0.00496721  49.00000000  0.00404715  60.00000000  3198.26553272  0.99000000
0.01336945  58.00000000  0.01336945  60.00000000  3128.44254272  0.99000000
0.01336945  58.00000000  0.01336945  60.00000000  3128.44254272  0.99000000
0.01336945  58.00000000  0.01336945  60.00000000  3128.44254272  0.99000000
0.04786753  57.00000000  0.04653009  60.00000000  2232.97723913  0.99000000
0.08462367  58.00000000  0.08462367  60.00000000  3129.00722922  0.99000000
0.03612408  58.00000000  0.03612408  60.00000000  3162.53459274  0.99000000
0.28600118  57.00000000  0.28353155  60.00000000  3190.16879385  0.99000000
0.00581047  48.00000000  0.00568296  60.00000000  3128.43378605  0.99000000
0.01336945  58.00000000  0.01336945  60.00000000  3128.44254272  0.99000000
0.07126013  58.00000000  0.07126013  60.00000000  3130.31964216  0.99000000
0.01332927  58.00000000  0.01332927  60.00000000  3128.79761108  0.99000000
0.01336945  58.00000000  0.01336945  60.00000000  3128.44254272  0.99000000
0.01336945  58.00000000  0.01336945  60.00000000  3128.44254272  0.99000000
0.01336945  58.00000000  0.01336945  60.00000000  3128.44254272  0.99000000
0.01336945  58.00000000  0.01336945  60.00000000  3128.44254272  0.99000000
0.01336945  58.00000000  0.01336945  60.00000000  3128.44254272  0.99000000
0.20527035  58.00000000  0.20527035  60.00000000  2300.45135053  0.99000000
0.01336945  58.00000000  0.01336945  60.00000000  3128.44254272  0.99000000
0.01337534  58.00000000  0.01337534  60.00000000  3128.44622767  0.99000000
0.01336945  58.00000000  0.01336945  60.00000000  3128.44254272  0.99000000
0.01336945  58.00000000  0.01336945  60.00000000  3128.44254272  0.99000000
0.01336945  58.00000000  0.01336945  60.00000000  3128.44254272  0.99000000
0.02886549  58.00000000  0.02886549  60.00000000  3096.57870054  0.99000000
0.01336945  58.00000000  0.01336945  60.00000000  3128.44254272  0.99000000
0.01336945  58.00000000  0.01336945  60.00000000  3128.44254272  0.99000000
0.01336945  58.00000000  0.01336945  60.00000000  3128.44254272  0.99000000
0.02088954  58.00000000  0.02088954  60.00000000  3128.17694494  0.99000000
0.01336945  58.00000000  0.01336945  60.00000000  3128.44254272  0.99000000
0.00893589  58.00000000  0.00893589  60.00000000  3128.44163876  0.99000000
0.02357174  58.00000000  0.02357174  60.00000000  3128.41461973  0.99000000
0.01336945  58.00000000  0.01336945  60.00000000  3128.44254272  0.99000000
0.01336945  58.00000000  0.01336945  60.00000000  3128.44254272  0.99000000
0.01336945  58.00000000  0.01336945  60.00000000  3128.44254272  0.99000000
0.06283402  58.00000000  0.06283402  60.00000000  3125.37516259  0.99000000
0.01336945  58.00000000  0.01336945  60.00000000  3128.44254272  0.99000000
0.01336945  58.00000000  0.01336945  60.00000000  3128.44254272  0.99000000
0.01336945  58.00000000  0.01336945  60.00000000  3128.44254272  0.99000000
0.01336945  58.00000000  0.01336945  60.00000000  3128.44254272  0.99000000
0.12968421  58.00000000  0.12968421  60.00000000  3119.32120508  0.99000000
0.47298265  52.00000000  0.26732601  60.00000000  3250.92154966  0.99000000
0.01336945  58.00000000  0.01336945  60.00000000  3128.44254272  0.99000000
0.01336945  58.00000000  0.01336945  60.00000000  3128.44254272  0.99000000
0.01336945  58.00000000  0.01336945  60.00000000  3128.44254272  0.99000000
0.01336945  58.00000000  0.01336945  60.00000000  3128.44254272  0.99000000
0.01764633  58.00000000  0.01764633  60.00000000  3128.44659801  0.99000000
0.01305179  58.00000000  0.01305179  60.00000000  3128.44234152  0.99000000
0.01336945  58.00000000  0.01336945  60.00000000  3128.44254272  0.99000000
0.01336945  58.00000000  0.01336945  60.00000000  3128.44254272  0.99000000
0.01336945  58.00000000  0.01336945  60.00000000  3128.44254113  0.99000000
0.01336945  58.00000000  0.01336945  60.00000000  3128.44254272  0.99000000
0.01281905  58.00000000  0.01281905  60.00000000  3128.44179193  0.99000000
0.01315293  58.00000000  0.01315293  60.00000000  3127.17306885  0.99000000
0.02009539  57.00000000  0.01375832  60.00000000  3127.83385928  0.99000000
0.01336945  58.00000000  0.01336945  60.00000000  3128.44254272  0.99000000
0.01199274  49.00000000  0.00031376  60.00000000  3128.45313895  0.99000000
0.01336945  58.00000000  0.01336945  60.00000000  3128.44254272  0.99000000
0.01336945  58.00000000  0.01336945  60.00000000  3128.44254272  0.99000000
0.01336945  58.00000000  0.01336945  60.00000000  3128.44254272  0.99000000
0.10165652  58.00000000  0.10165652  60.00000000  3168.57214538  0.99000000
0.01336945  58.00000000  0.01336945  60.00000000  3128.44254272  0.99000000
0.01336945  58.00000000  0.01336945  60.00000000  3128.44254272  0.99000000
0.13520062  58.00000000  0.13520062  60.00000000  2996.70762306  0.99000000
0.01336945  58.00000000  0.01336945  60.00000000  3128.44254272  0.99000000
0.01336945  58.00000000  0.01336945  60.00000000  3128.44254272  0.99000000
0.01336945  58.00000000  0.01336945  60.00000000  3128.44254272  0.99000000
0.02725170  58.00000000  0.02725170  60.00000000  3128.47759796  0.99000000
0.01336945  58.00000000  0.01336945  60.00000000  3128.44254272  0.99000000
0.01336945  58.00000000  0.01336945  60.00000000  3128.44254272  0.99000000
0.03731192  58.00000000  0.03731192  60.00000000  3127.37821032  0.99000000
0.01336945  58.00000000  0.01336945  60.00000000  3128.44254272  0.99000000
0.01336945  58.00000000  0.01336945  60.00000000  3128.44254272  0.99000000
0.01336945  58.00000000  0.01336945  60.00000000  3128.44254272  0.99000000
0.02890546  58.00000000  0.02890546  60.00000000  3128.46592579  0.99000000
0.01336945  58.00000000  0.01336945  60.00000000  3128.44254272  0.99000000
0.01336945  58.00000000  0.01336945  60.00000000  3128.44254272  0.99000000
0.01336945  58.00000000  0.01336945  60.00000000  3128.44254272  0.99000000
0.00617433  58.00000000  0.00617433  60.00000000  3128.43430339  0.99000000
0.01336945  58.00000000  0.01336945  60.00000000  3128.44254272  0.99000000
0.01336945  58.00000000  0.01336945  60.00000000  3128.44254272  0.99000000
0.00702794  55.00000000  0.00530525  60.00000000  2696.21808086  0.99000000
0.01336945  58.00000000  0.01336945  60.00000000  3128.44254272  0.99000000
0.01336945  58.00000000  0.01336945  60.00000000  3128.44254272  0.99000000
0.01336945  58.00000000  0.01336945  60.00000000  3128.44254272  0.99000000
0.01336945  58.00000000  0.01336945  60.00000000  3128.44254272  0.99000000
0.01336945  58.00000000  0.01336945  60.00000000  3128.44254272  0.99000000
0.01336945  58.00000000  0.01336945  60.00000000  3128.44254272  0.99000000
0.01336945  58.00000000  0.01336945  60.00000000  3128.44254272  0.99000000
0.10200722  58.00000000  0.10200722  60.00000000  3129.69611323  0.99000000
0.01336945  58.00000000  0.01336945  60.00000000  3128.44254272  0.99000000
0.01336945  58.00000000  0.01336945  60.00000000  3128.44254272  0.99000000
0.06234942  58.00000000  0.06234942  60.00000000  3126.42073749  0.99000000
0.01441084  51.00000000  0.00399783  60.00000000  3126.94696211  0.99000000
0.02003334  58.00000000  0.02003334  60.00000000  3128.81763044  0.99000000
0.01336945  58.00000000  0.01336945  60.00000000  3128.44254272  0.99000000
0.01336945  58.00000000  0.01336945  60.00000000  3128.44254272  0.99000000
0.01376061  58.00000000  0.01376061  60.00000000  3129.60261926  0.99000000
0.01336945  58.00000000  0.01336945  60.00000000  3128.44254272  0.99000000
0.01336945  58.00000000  0.01336945  60.00000000  3128.44254272  0.99000000
0.03283720  58.00000000  0.03283720  60.00000000  3128.62856301  0.99000000
0.01336945  58.00000000  0.01336945  60.00000000  3128.44254272  0.99000000
0.01336945  58.00000000  0.01336945  60.00000000  3128.44254272  0.99000000
0.09848379  54.00000000  0.07094174  60.00000000  3165.40457764  0.99000000
0.01336945  58.00000000  0.01336945  60.00000000  3128.44254272  0.99000000
0.02419792  58.00000000  0.02419792  60.00000000  3129.59833888  0.99000000
0.01336945  58.00000000  0.01336945  60.00000000  3128.44254272  0.99000000
0.02575913  54.00000000  0.02101369  60.00000000  3128.71127041  0.99000000
0.01336945  58.00000000  0.01336945  60.00000000  3128.44254272  0.99000000
0.01336945  58.00000000  0.01336945  60.00000000  3128.44254272  0.99000000
0.00681059  44.00000000  0.00158009  60.00000000  3103.46268604  0.99000000
0.01336945  58.00000000  0.01336945  60.00000000  3128.44254272  0.99000000
0.01336945  58.00000000  0.01336945  60.00000000  3128.44254272  0.99000000
0.03443228  58.00000000  0.03443228  60.00000000  3128.48639673  0.99000000
0.00768551  47.00000000  0.00528916  60.00000000  3128.43430164  0.99000000
0.02247826  58.00000000  0.02247826  60.00000000  3128.42723383  0.99000000
0.01337946  58.00000000  0.01337946  60.00000000  3125.28803923  0.99000000
0.01336945  58.00000000  0.01336945  60.00000000  3128.44254272  0.99000000
0.01336945  58.00000000  0.01336945  60.00000000  3128.44254272  0.99000000
0.01340454  58.00000000  0.01340454  60.00000000  3128.44232418  0.99000000
0.01336945  58.00000000  0.01336945  60.00000000  3128.44254272  0.99000000
0.06040442  58.00000000  0.06040442  60.00000000  3128.61614383  0.99000000
0.01019063  58.00000000  0.01019063  60.00000000  3128.43951822  0.99000000
0.01336945  58.00000000  0.01336945  60.00000000  3128.44254272  0.99000000
0.01336945  58.00000000  0.01336945  60.00000000  3128.44254691  0.99000000
0.01336945  58.00000000  0.01336945  60.00000000  3128.44254272  0.99000000
0.01970379  55.00000000  0.01653965  60.00000000  3090.72285271  0.99000000
0.01336945  58.00000000  0.01336945  60.00000000  3128.44254272  0.99000000
0.01337660  58.00000000  0.01337660  60.00000000  3128.80370867  0.99000000
0.01336945  58.00000000  0.01336945  60.00000000  3128.44254272  0.99000000
0.19013305  56.00000000  0.17592413  60.00000000  3167.19244859  0.99000000
0.01336945  58.00000000  0.01336945  60.00000000  3128.44254272  0.99000000
0.03570604  58.00000000  0.03570604  60.00000000  3102.55838745  0.99000000
0.05921236  58.00000000  0.05921236  60.00000000  3163.06660030  0.99000000
0.05665392  58.00000000  0.05665392  60.00000000  3128.57671173  0.99000000
0.02786342  58.00000000  0.02786342  60.00000000  3131.82194910  0.99000000
0.07351050  49.00000000  0.00244553  60.00000000  2504.87179126  0.99000000
0.00587484  49.00000000  0.00362379  60.00000000  3128.43429878  0.99000000
0.01416523  58.00000000  0.01416523  60.00000000  3128.44228678  0.99000000
0.01336945  58.00000000  0.01336945  60.00000000  3128.44254272  0.99000000
0.01336945  58.00000000  0.01336945  60.00000000  3128.44254272  0.99000000
0.01336945  58.00000000  0.01336945  60.00000000  3128.44254272  0.99000000
0.03435892  58.00000000  0.03435892  60.00000000  3128.47756580  0.99000000
0.01336945  58.00000000  0.01336945  60.00000000  3128.44254272  0.99000000
0.01336945  58.00000000  0.01336945  60.00000000  3128.44254272  0.99000000
0.01336945  58.00000000  0.01336945  60.00000000  3128.44254272  0.99000000
0.01336945  58.00000000  0.01336945  60.00000000  3128.44254272  0.99000000
0.02250403  58.00000000  0.02250403  60.00000000  3088.81315101  0.99000000
0.01336945  58.00000000  0.01336945  60.00000000  3128.44254272  0.99000000
0.01336945  58.00000000  0.01336945  60.00000000  3128.44254272  0.99000000
0.01373378  58.00000000  0.01373378  60.00000000  3129.61071231  0.99000000
0.04026385  58.00000000  0.04026385  60.00000000  3180.86345494  0.99000000
0.01336945  58.00000000  0.01336945  60.00000000  3128.44254272  0.99000000
0.01281905  58.00000000  0.01281905  60.00000000  3128.44179193  0.99000000
0.01336945  58.00000000  0.01336945  60.00000000  3128.44254272  0.99000000
0.01336945  58.00000000  0.01336945  60.00000000  3128.44258158  0.99000000
0.01336945  58.00000000  0.01336945  60.00000000  3128.44254272  0.99000000
0.01336945  58.00000000  0.01336945  60.00000000  3128.44254272  0.99000000
