7
13
6
12
18
7
22
7
24
11
22
8
19
22
14
23
14
15
23
1
1
9
1
24
24
24
10
2
2
11
1
11
2
17
3
1
3
12
19
21
13
4
4
2
13
4
4
5
5
19
14
22
15
6
6
2
15
6
24
7
21
16
7
1
1
8
8
17
8
4
9
9
9
18
9
24
3
10
10
19
2
4
1
11
11
20
11
5
11
5
12
21
7
5
1
13
8
22
8
0
14
14
4
14
2
23
1
15
6
11
24
9
24
16
2
9
11
15
0
17
13
10
12
3
10
4
2
2
16
4
19
19
20
19
24
24
24
14
24
24
24
24
22
24
22
24
21
24
24
7
24
24
22
24
24
24
24
24
18
24
24
10
24
24
21
24
19
24
24
0
24
24
24
22
