20
12
24
12
13
24
13
8
7
7
7
22
7
12
13
0
14
23
9
1
1
9
10
1
16
10
24
10
2
16
19
11
11
3
1
1
3
0
20
12
13
4
18
22
13
0
5
21
18
5
14
23
18
6
2
15
3
24
6
7
22
16
23
16
1
8
5
8
17
21
0
9
3
18
9
0
5
10
5
19
10
24
6
11
4
20
11
20
12
24
12
21
7
21
13
13
13
3
22
22
9
8
0
14
23
6
23
12
12
12
7
16
24
24
10
2
16
11
11
11
3
3
1
6
0
4
18
15
1
19
19
17
0
19
0
23
23
23
21
23
23
23
21
23
23
23
24
23
23
21
23
1
23
23
23
23
23
23
24
24
24
22
23
23
23
0
23
23
23
24
9
24
6
22
