13
13
12
8
6
16
8
13
13
10
22
23
0
24
11
10
9
23
9
1
1
16
1
9
10
11
16
2
2
11
2
1
11
23
3
2
3
12
0
13
20
4
2
22
0
13
5
14
5
22
15
21
21
6
20
15
6
23
16
7
23
16
7
17
17
1
8
2
17
5
9
18
21
9
4
7
24
10
19
24
2
24
20
20
11
3
10
20
8
12
8
21
3
13
13
13
7
22
0
0
14
0
3
14
23
11
1
14
9
16
16
24
24
16
24
2
2
2
17
16
10
3
2
3
9
11
13
6
17
5
17
0
20
20
23
24
23
23
21
21
23
20
23
23
23
23
23
23
23
23
23
21
23
23
23
12
24
24
21
6
24
24
8
24
24
22
24
1
24
15
24
11
24
20
