17
12
19
24
8
15
0
14
20
13
20
22
24
14
8
11
13
23
14
9
1
1
10
18
10
24
0
2
19
2
0
17
11
3
3
3
3
1
12
12
4
1
4
13
3
18
5
24
14
5
3
23
4
6
16
15
23
4
4
4
7
16
16
0
8
0
23
17
8
23
2
22
9
18
18
6
3
10
19
0
19
7
10
11
11
20
1
4
12
1
21
12
21
0
0
0
13
24
22
0
14
23
24
14
23
24
23
11
15
10
0
24
24
0
2
6
7
17
0
1
17
3
3
9
7
19
12
4
17
4
19
19
2
5
24
23
23
21
23
3
23
23
15
23
23
21
23
23
8
23
23
4
23
23
23
23
23
23
23
22
23
23
23
24
24
23
23
23
7
23
23
23
21
23
