5
6
12
12
21
7
21
24
13
7
14
22
8
19
0
14
20
14
21
9
1
1
19
24
24
24
10
2
2
23
16
11
2
17
3
3
18
1
1
19
4
4
4
13
4
20
0
5
5
14
4
14
19
6
2
6
15
5
5
7
16
2
7
16
2
23
8
17
0
0
23
9
22
18
9
10
4
10
19
10
19
7
4
11
11
20
20
20
11
12
12
21
21
21
12
13
1
22
22
7
13
10
14
23
23
14
23
15
1
2
11
24
24
10
16
6
0
0
17
9
8
3
3
8
1
1
10
13
4
13
19
3
19
20
24
23
23
23
23
23
21
23
21
23
5
14
23
23
22
23
23
23
23
23
23
23
20
23
23
22
23
23
22
23
7
23
10
23
22
23
23
23
23
18
