12
16
20
22
5
15
22
0
13
22
19
13
9
22
24
14
8
10
15
1
1
17
0
1
17
24
16
2
16
0
2
11
1
17
3
1
3
1
12
17
4
13
14
4
14
19
21
5
24
14
23
23
1
6
1
15
16
16
7
7
24
22
16
7
8
23
8
17
18
4
3
23
9
0
18
2
23
19
10
19
19
19
11
4
20
11
24
20
12
23
22
12
21
6
7
13
22
9
23
22
14
24
24
8
14
23
15
3
3
1
24
15
24
16
12
0
13
16
11
1
14
14
1
17
3
13
17
17
9
11
18
15
17
17
23
24
9
23
23
21
12
23
21
23
23
23
23
0
23
23
7
23
23
23
23
12
23
23
23
9
24
24
22
23
23
23
19
23
19
23
23
20
24
24
