5
12
13
9
7
21
10
13
17
12
12
15
8
24
0
14
13
13
16
9
1
1
9
23
18
16
19
2
2
2
2
2
11
16
3
3
12
17
17
3
4
4
13
1
4
13
5
1
5
24
20
24
24
6
4
15
15
6
15
7
7
4
16
7
5
8
17
22
8
17
9
2
9
18
9
1
0
3
10
24
19
10
11
11
24
24
20
0
8
12
12
7
21
11
13
13
6
6
13
22
7
0
14
8
0
8
23
8
1
15
24
10
16
24
2
9
2
11
17
11
16
3
17
15
16
14
18
4
19
2
20
4
13
14
18
24
24
24
22
24
24
24
24
24
24
21
7
23
23
22
23
22
23
23
22
23
23
23
23
24
24
24
1
24
24
24
8
24
24
11
24
24
24
20
