44
0
49
43
54
34
9
9
40
17
17
63
27
52
32
17
1
12
1
52
21
2
2
2
0
49
34
3
3
22
44
37
29
4
28
21
63
5
50
5
43
6
6
6
1
64
7
42
38
7
3
43
8
2
23
29
38
9
47
22
41
10
22
39
22
36
11
39
39
3
12
4
36
25
13
55
25
13
26
14
49
6
44
15
10
45
15
16
53
16
0
29
44
51
17
2
52
42
42
63
4
19
62
32
32
63
20
6
4
41
21
34
42
7
22
35
62
23
36
23
9
6
24
0
14
64
37
11
25
38
26
26
57
26
56
9
51
27
0
53
41
47
28
18
9
29
1
25
30
59
43
0
26
31
8
5
31
32
28
12
17
46
63
33
30
47
31
11
35
59
35
48
10
58
49
36
34
37
37
61
37
26
15
51
38
35
19
39
52
3
34
9
29
40
39
12
41
54
21
62
42
64
21
1
40
56
61
43
2
63
11
14
13
63
64
46
58
6
9
31
12
19
5
5
5
60
48
61
31
23
63
50
21
62
63
3
63
8
24
23
63
38
52
2
64
41
32
7
28
54
36
32
36
55
44
14
52
36
25
43
32
25
9
64
14
63
57
44
59
63
59
28
16
17
63
59
4
63
32
41
63
63
62
63
63
63
63
63
59
63
15
63
63
62
63
7
63
42
62
63
16
62
63
63
6
63
63
62
0
59
64
64
59
59
60
58
64
60
64
56
39
55
22
64
53
32
64
57
57
59
29
63
63
30
59
43
64
26
30
8
20
20
45
15
64
27
8
62
56
44
22
60
11
62
53
37
31
61
58
26
36
17
37
61
61
64
62
17
7
10
