24
34
51
28
40
39
21
22
21
41
34
62
55
41
28
1
31
1
12
43
42
64
2
25
25
39
41
3
45
44
39
59
48
1
4
22
26
5
48
1
31
34
3
6
52
18
62
7
59
3
19
19
8
61
52
52
9
21
9
27
10
10
37
10
23
34
11
23
34
35
6
12
45
7
3
13
54
43
53
39
3
52
5
15
46
2
28
15
29
8
16
17
58
4
53
12
17
30
44
49
19
41
59
19
9
20
42
58
43
21
47
58
16
57
22
21
11
63
23
12
12
54
45
13
24
54
13
38
25
51
0
60
39
52
7
10
27
61
46
28
20
56
22
13
29
45
57
60
30
57
44
30
62
31
0
17
32
4
32
0
33
33
33
33
8
3
26
63
28
61
7
64
29
18
49
51
22
20
30
10
58
38
22
29
53
58
34
53
39
40
60
2
22
40
60
13
54
55
41
62
10
37
43
30
43
21
13
2
25
18
10
58
1
23
62
39
63
19
1
13
43
13
48
60
1
61
34
35
46
21
18
62
47
45
3
48
47
19
63
63
52
16
46
64
0
10
49
13
54
23
34
11
1
21
16
52
12
28
15
42
43
14
55
64
59
37
52
63
3
59
42
30
61
63
34
59
17
58
53
63
63
62
5
46
33
63
59
59
63
14
62
63
4
64
64
52
64
63
63
38
63
62
63
31
38
63
51
63
62
37
64
64
38
55
64
57
60
43
34
64
55
0
0
19
62
62
37
7
6
62
53
51
61
13
57
44
51
62
62
0
17
32
33
32
30
10
63
61
63
30
21
24
63
9
61
8
64
30
18
44
26
60
4
63
22
58
38
57
29
11
