21
53
59
10
39
29
40
49
55
24
20
48
61
0
11
1
41
1
26
20
26
2
40
18
2
30
59
41
3
34
36
15
64
36
4
33
48
17
5
24
64
36
6
41
3
46
38
59
38
7
56
32
8
2
21
40
9
4
9
48
42
30
35
10
36
11
46
58
7
24
43
12
63
0
25
13
38
49
58
14
9
52
55
15
62
15
28
1
16
5
57
16
2
6
52
51
17
51
18
31
31
19
47
56
13
60
20
63
3
64
4
42
40
40
22
35
51
54
23
14
36
60
9
45
24
25
37
37
25
55
20
9
53
50
15
47
27
58
41
2
41
61
6
29
53
28
43
14
30
16
3
18
44
31
15
52
55
7
62
60
22
52
47
63
60
48
19
57
35
57
49
61
54
36
50
36
20
59
51
37
33
1
59
38
32
10
58
59
28
39
29
40
39
62
16
36
33
38
39
35
28
14
10
0
32
5
19
10
41
58
36
59
2
17
18
36
3
64
36
20
24
40
64
33
24
6
27
18
43
6
8
44
51
39
6
9
7
14
2
28
40
16
4
20
48
6
27
47
10
55
11
48
52
2
30
11
52
48
0
25
53
61
60
58
60
62
48
26
64
62
15
29
60
60
64
57
30
45
11
63
63
35
63
16
63
56
59
63
63
59
59
63
63
61
58
6
63
46
63
8
48
62
64
29
59
62
64
45
6
64
62
10
63
15
10
64
56
51
22
58
63
52
63
23
16
59
61
6
0
62
63
43
59
46
16
63
15
53
51
63
61
55
57
62
60
10
60
53
63
28
8
10
25
61
63
49
61
54
36
13
21
20
62
64
53
29
1
5
64
64
