56
33
39
33
35
44
33
54
20
9
64
33
31
0
19
1
49
1
0
20
12
2
64
57
2
39
26
14
3
46
15
15
16
4
64
47
44
23
5
0
41
6
17
30
26
6
38
54
38
7
4
3
8
33
51
0
9
39
63
34
10
10
10
57
1
7
23
11
23
4
12
64
63
64
58
13
25
25
8
5
14
3
55
36
15
27
63
4
48
43
47
17
11
43
17
30
6
1
61
51
19
6
31
19
59
44
61
33
45
45
21
48
16
15
22
35
53
4
5
53
53
63
64
24
36
37
62
25
62
56
54
54
62
45
39
8
58
59
27
49
21
7
9
15
64
29
42
8
30
9
44
19
9
50
15
10
31
8
64
3
33
13
26
57
63
22
34
47
52
26
35
2
36
12
48
56
36
9
49
11
13
37
9
22
27
56
63
39
33
52
26
53
33
20
34
64
33
21
18
63
59
42
22
55
20
27
19
64
56
2
16
26
34
6
46
58
15
31
63
64
47
29
30
0
60
41
6
26
4
24
39
29
10
38
20
62
18
50
12
3
0
28
64
17
42
17
4
43
44
45
7
23
42
46
4
25
24
14
5
14
56
52
5
58
61
64
63
39
63
59
61
61
63
41
59
26
59
63
43
39
54
63
1
58
47
63
63
56
54
15
63
63
12
45
59
54
64
64
49
63
64
64
58
61
63
61
63
55
58
47
63
62
55
62
58
32
60
54
57
32
63
58
11
27
49
62
7
60
26
60
64
64
53
30
9
5
19
32
64
34
1
62
64
64
19
62
15
63
1
63
11
21
9
50
57
23
61
63
63
48
61
46
9
59
63
63
9
9
52
27
