59
38
39
45
9
46
40
59
22
34
12
25
47
61
11
1
1
54
43
22
20
19
55
2
1
12
18
3
1
62
31
22
44
4
63
26
33
40
1
5
39
44
6
17
52
33
4
50
58
7
56
8
45
4
8
61
9
21
22
21
62
1
10
0
4
0
11
22
7
54
12
43
12
12
36
25
39
13
57
14
62
1
62
15
1
35
28
59
16
29
62
42
16
60
64
3
53
31
40
31
19
54
58
58
32
20
47
63
8
21
4
21
49
34
22
7
36
36
23
11
47
36
60
11
55
64
13
25
24
54
48
5
3
14
26
39
5
40
54
21
28
49
9
49
15
54
63
30
59
62
3
43
44
58
64
5
18
19
63
33
33
32
3
54
58
34
3
61
62
26
7
19
5
49
51
19
11
51
50
3
25
38
57
0
37
38
39
52
53
9
11
40
15
54
41
55
25
56
56
11
61
42
31
43
33
56
16
44
4
1
12
60
44
11
62
37
59
61
62
2
21
44
40
1
45
20
44
6
64
47
45
0
50
50
47
43
41
17
1
48
1
9
3
40
53
10
1
51
14
11
2
24
22
39
17
34
43
12
14
36
42
61
13
57
60
60
62
15
64
42
62
28
15
64
58
30
62
47
60
64
62
64
60
64
31
64
64
58
58
64
47
62
64
62
57
64
59
63
36
63
51
49
63
61
50
64
36
60
8
63
63
35
12
24
54
61
55
24
59
26
63
63
40
61
21
58
49
29
12
51
44
63
63
1
62
17
59
44
64
64
57
21
19
63
50
35
16
15
57
59
34
2
31
62
13
60
24
27
49
1
1
11
34
1
3
62
6
57
5
37
