4
34
34
33
64
46
31
19
60
48
53
29
35
16
45
14
42
1
18
17
54
14
2
44
52
58
57
13
3
14
1
0
4
31
53
1
15
1
5
2
60
17
33
6
31
17
36
64
7
28
2
51
8
19
37
49
50
20
9
1
4
54
54
10
37
11
42
6
54
23
44
12
56
40
32
13
58
26
48
14
57
36
59
4
15
28
1
10
56
43
16
46
17
53
29
30
11
37
12
11
57
51
45
4
19
20
8
46
64
34
33
61
57
62
43
22
8
36
63
23
15
57
4
0
63
24
37
18
6
38
53
26
14
54
11
27
27
0
40
62
19
28
14
1
22
64
29
30
57
10
56
30
43
4
10
31
18
32
13
46
45
64
62
26
15
16
5
10
34
35
16
5
8
21
13
58
37
51
50
51
52
37
52
55
6
14
39
57
31
10
15
31
31
54
13
53
8
22
16
21
21
42
43
18
62
26
14
64
44
64
58
57
45
3
18
1
18
10
31
17
63
64
38
5
31
60
25
39
48
22
17
63
62
45
7
51
51
8
19
37
19
63
39
9
1
41
29
54
44
0
7
47
34
54
56
37
47
56
40
32
13
57
39
9
64
57
63
59
6
15
63
61
57
59
64
64
64
17
63
39
64
64
46
59
64
53
64
45
64
64
64
64
46
64
64
37
64
57
64
64
62
2
63
63
48
63
63
2
27
58
63
63
18
61
64
21
63
48
27
63
59
63
16
17
62
48
51
63
21
63
10
44
56
57
59
40
11
59
24
22
31
63
58
13
17
26
63
28
26
60
64
17
56
34
41
64
64
58
19
64
2
64
0
50
23
45
37
2
13
2
