38
59
39
41
56
20
32
40
62
33
35
29
59
42
56
1
1
16
40
59
12
2
2
29
54
2
3
3
3
32
53
29
4
57
4
1
16
40
5
62
3
61
6
2
6
34
18
53
7
18
41
8
40
8
20
48
40
9
35
21
10
10
41
0
10
35
11
54
4
23
12
43
63
43
1
58
57
52
56
14
26
10
60
60
15
61
63
28
16
5
46
29
17
17
54
17
58
47
18
9
1
19
62
55
44
20
10
20
64
13
34
58
63
34
22
6
22
63
58
23
15
50
36
60
64
17
24
37
25
64
4
26
10
55
60
3
15
1
27
0
28
41
17
11
20
14
16
50
14
19
30
21
49
9
2
56
61
31
55
60
45
46
6
21
34
28
26
35
58
59
35
52
15
60
64
30
36
26
32
37
33
5
34
22
20
14
58
39
7
56
1
56
40
37
60
16
14
55
38
54
1
62
16
40
30
64
20
62
29
61
25
42
29
45
60
43
43
59
60
11
1
61
48
5
62
3
61
25
2
48
7
1
62
15
16
63
4
8
38
20
48
40
49
53
21
10
45
48
50
0
9
20
19
47
23
12
43
25
45
5
0
9
10
47
64
59
63
61
14
15
61
63
59
4
54
6
29
63
58
63
59
58
63
63
53
1
63
63
58
63
60
63
63
42
49
63
63
60
57
53
63
37
63
58
64
64
64
36
60
64
64
58
64
25
64
64
59
10
64
62
64
18
64
56
63
0
13
43
63
20
59
30
13
63
6
20
54
17
17
17
16
42
31
63
1
57
61
56
59
34
63
26
42
59
61
35
52
15
57
64
2
36
26
15
13
28
60
34
22
55
