54
54
26
39
63
48
19
23
38
22
9
40
23
51
55
1
1
29
62
13
27
2
25
2
20
23
3
62
3
23
19
59
4
47
4
1
60
5
16
5
2
35
17
6
4
48
18
41
7
51
47
52
8
55
21
44
46
1
6
35
10
10
23
39
34
11
10
11
40
54
12
58
12
56
38
25
53
13
48
26
14
5
50
15
63
27
36
5
16
5
29
63
42
17
46
5
6
18
31
1
50
55
31
14
51
19
20
32
63
58
21
63
60
34
42
55
7
23
58
63
35
9
53
24
60
25
11
25
0
5
63
62
26
9
42
41
3
40
63
28
64
14
41
29
64
29
13
64
14
47
46
51
54
45
31
52
32
7
47
48
59
33
63
1
23
6
34
54
61
12
13
35
48
12
28
49
61
17
63
62
7
14
58
14
21
54
54
12
39
63
18
17
61
53
22
8
23
26
60
42
22
3
19
58
13
43
34
25
19
27
23
57
43
4
23
40
31
4
47
20
26
60
18
16
61
2
35
45
31
20
13
17
26
62
51
21
63
8
64
5
44
51
22
0
42
10
0
4
2
5
11
38
41
43
54
30
55
49
56
7
51
53
38
37
64
63
61
59
61
63
61
36
9
12
63
34
8
38
17
63
60
63
57
31
64
63
63
43
63
49
63
63
62
63
60
63
63
60
16
63
63
54
23
29
63
57
63
59
63
61
11
64
55
50
48
63
63
61
51
42
48
59
29
63
61
64
54
64
29
64
61
34
64
62
62
62
63
63
60
31
52
32
60
19
48
63
55
63
15
61
6
59
58
58
20
13
49
48
36
22
59
61
30
63
42
4
59
54
37
34
