7 7 0 0 0 0 0 0 0 0 0 7 7 7 7 7 7 7 7 7 7 1 7 7 7 7 7 1 1 1 1 1 1 1 7 7 7 5 14 14 14 14 14 14 14 14 1 0 0 0 0 0 0 0 0 0 0 4 1 4 4 4 4 4 1 4 9 0 0 0 0 0 0 0 7 0 0 0 0 0
7 7 0 0 0 0 0 0 0 0 0 7 7 7 7 7 7 7 7 7 7 4 1 1 1 1 1 1 1 1 1 7 7 7 5 14 1 14 0 0 0 0 0 0 2 2 1 0 1 1 3 3 3 3 4 4 4 4 7 4 4 4 5 1 7 7 7 7 0 0 0 0 0 0 0 0 4 4 4 4
7 7 0 0 0 0 0 0 0 0 0 7 7 7 7 7 7 7 7 7 7 7 7 7 7 7 7 7 7 0 5 7 7 1 1 1 1 1 1 1 1 7 7 7 14 14 14 14 14 14 7 7 14 7 7 0 0 0 1 0 0 0 0 0 0 1 11 4 4 4 4 4 4 2 1 4 4 4 1 1
7 7 0 0 10 0 0 0 0 0 0 7 7 7 7 7 7 7 7 7 7 7 7 4 1 1 1 1 1 1 1 1 1 7 7 7 14 14 14 4 0 0 0 0 0 0 0 0 0 3 3 3 3 3 3 3 4 4 4 4 4 4 4 1 1 0 0 0 0 0 0 0 0 3 3 3 3 3 3 3
1 4 4 4 4 3 1 7 7 7 7 7 7 7 7 7 7 7 7 4 1 1 1 3 7 1 1 7 7 7 1 1 1 1 1 1 1 1 1 1 1 1 1 5 1 1 7 7 7 7 0 0 0 7 7 0 0 4 4 4 4 4 4 4 4 1 9 9 9 4 9 4 3 7 9 9 3 3 7 7
7 7 0 0 0 0 0 0 0 0 0 7 7 7 7 7 7 7 7 7 4 1 1 1 1 1 1 1 1 1 1 1 1 4 1 4 4 4 7 5 5 5 5 5 7 7 3 7 4 4 4 1 1 1 1 1 4 4 4 4 4 4 4 2 4 4 4 1 4 13 0 0 0 0 0 0 7 7 7 7
13 7 0 1 4 4 4 4 3 4 13 13 13 1 7 7 7 7 7 7 7 7 7 3 7 7 4 1 1 1 1 1 1 1 1 1 1 1 0 0 1 12 4 4 4 4 4 13 13 13 13 13 14 7 14 14 14 14 14 7 8 7 0 5 0 1 1 1 1 1 4 4 7 1 7 7 7 7 7 4
7 7 0 0 0 0 0 0 0 0 0 7 7 7 7 7 7 7 7 7 4 1 1 1 1 1 1 1 1 1 1 1 1 4 1 4 4 4 7 5 5 5 5 5 7 7 3 7 4 4 4 1 1 1 1 1 4 4 4 4 4 4 4 2 4 4 4 1 4 13 0 0 0 0 0 0 7 7 7 7
7 7 0 0 0 0 0 0 0 0 0 7 7 7 7 7 7 7 7 7 7 7 7 7 5 1 1 1 1 1 7 7 7 5 7 7 1 1 1 1 1 1 14 1 1 1 7 7 0 0 0 0 0 0 0 0 0 0 0 0 0 0 4 4 4 4 15 4 4 4 4 4 4 4 4 4 4 4 4 4
7 7 0 0 0 0 0 0 0 0 0 7 7 7 7 7 7 7 7 7 7 7 7 4 1 1 1 1 1 1 1 1 1 7 7 7 14 14 14 4 0 0 0 0 0 0 0 0 0 3 3 3 3 3 3 3 4 4 4 4 4 4 4 1 1 0 0 0 0 0 0 0 0 3 3 3 3 3 3 3
