# Results obtained using DQN. CPU time: 123.74992775917053
0.00610455  73.00000000  0.00057056  80.00000000  1764.62642744  0.00000000
0.00857039  78.00000000  0.00857039  80.00000000  1565.76590315  0.00000000
0.02346539  78.00000000  0.02346539  80.00000000  2436.85531190  0.00000000
0.00030308  78.00000000  0.00030308  80.00000000  2375.45841762  0.00000000
0.00475366  78.00000000  0.00475366  80.00000000  2171.72261986  0.00000000
0.01435441  64.00000000  0.00015114  80.00000000  2179.92656312  0.00000000
0.00012851  74.00000000  0.00004198  80.00000000  1553.02746392  0.12740401
0.00875863  73.00000000  0.00459684  80.00000000  2050.32768831  0.31271895
0.02422682  75.00000000  0.01344394  80.00000000  2495.66942621  0.49803388
0.00294407  78.00000000  0.00294407  80.00000000  3082.53621010  0.68334881
0.05248736  67.00000000  0.01597313  80.00000000  3540.32968486  0.86866374
0.04442400  77.00000000  0.04329278  80.00000000  2688.99141840  0.99000000
0.08490238  78.00000000  0.08490238  80.00000000  3471.46114758  0.99000000
0.08490220  78.00000000  0.08490220  80.00000000  3471.46118679  0.99000000
0.08490257  78.00000000  0.08490257  80.00000000  3471.46117034  0.99000000
0.00017048  78.00000000  0.00017048  80.00000000  3441.63419158  0.99000000
0.08490238  78.00000000  0.08490238  80.00000000  3471.46114715  0.99000000
0.08490238  78.00000000  0.08490238  80.00000000  3471.46114758  0.99000000
0.02846030  78.00000000  0.02846030  80.00000000  3471.34942297  0.99000000
0.08490238  78.00000000  0.08490238  80.00000000  3471.46114758  0.99000000
0.09919641  78.00000000  0.09919641  80.00000000  3471.51249585  0.99000000
0.00596295  78.00000000  0.00596295  80.00000000  3469.61997098  0.99000000
0.08490238  78.00000000  0.08490238  80.00000000  3471.46114758  0.99000000
0.08490238  78.00000000  0.08490238  80.00000000  3471.46114758  0.99000000
0.08490238  78.00000000  0.08490238  80.00000000  3471.46114758  0.99000000
0.08490238  78.00000000  0.08490238  80.00000000  3471.46114758  0.99000000
0.08490238  78.00000000  0.08490238  80.00000000  3471.46114758  0.99000000
0.08490238  78.00000000  0.08490238  80.00000000  3471.46114758  0.99000000
0.04411999  78.00000000  0.04411999  80.00000000  3447.06972006  0.99000000
0.06680719  78.00000000  0.06680719  80.00000000  3471.41346723  0.99000000
0.01431302  78.00000000  0.01431302  80.00000000  3470.06701970  0.99000000
0.08490238  78.00000000  0.08490238  80.00000000  3471.46114758  0.99000000
0.08490238  78.00000000  0.08490238  80.00000000  3471.46114758  0.99000000
0.08490238  78.00000000  0.08490238  80.00000000  3471.46114758  0.99000000
0.08479381  78.00000000  0.08479381  80.00000000  3471.46024617  0.99000000
0.07849932  73.00000000  0.05000349  80.00000000  3462.62094043  0.99000000
0.08490238  78.00000000  0.08490238  80.00000000  3471.46114758  0.99000000
0.04348936  78.00000000  0.04348936  80.00000000  2177.04025342  0.99000000
0.17602589  72.00000000  0.09156090  80.00000000  3488.63255037  0.99000000
0.14641822  68.00000000  0.04568026  80.00000000  3525.66525183  0.99000000
0.08490238  78.00000000  0.08490238  80.00000000  3471.46114758  0.99000000
0.08490238  78.00000000  0.08490238  80.00000000  3471.46114758  0.99000000
0.08490238  78.00000000  0.08490238  80.00000000  3471.46114758  0.99000000
0.08490238  78.00000000  0.08490238  80.00000000  3471.46114758  0.99000000
0.08490238  78.00000000  0.08490238  80.00000000  3471.46114758  0.99000000
0.08490238  78.00000000  0.08490238  80.00000000  3471.46114758  0.99000000
0.08490238  78.00000000  0.08490238  80.00000000  3471.45811526  0.99000000
0.08490238  78.00000000  0.08490238  80.00000000  3471.46114757  0.99000000
0.00473176  78.00000000  0.00473176  80.00000000  3471.38289755  0.99000000
0.08490238  78.00000000  0.08490238  80.00000000  3471.46114758  0.99000000
0.27506309  62.00000000  0.02233738  80.00000000  3592.71692830  0.99000000
0.08490238  78.00000000  0.08490238  80.00000000  3471.46114758  0.99000000
0.08490238  78.00000000  0.08490238  80.00000000  3471.46114758  0.99000000
0.08490241  78.00000000  0.08490241  80.00000000  3471.46114714  0.99000000
0.08490238  78.00000000  0.08490238  80.00000000  3471.46114758  0.99000000
0.08490238  78.00000000  0.08490238  80.00000000  3471.46114758  0.99000000
0.08490238  78.00000000  0.08490238  80.00000000  3471.46114758  0.99000000
0.00219465  70.00000000  0.00012606  80.00000000  3443.33555591  0.99000000
0.08490238  78.00000000  0.08490238  80.00000000  3471.46114758  0.99000000
0.06257874  78.00000000  0.06257874  80.00000000  3471.40341850  0.99000000
0.08490238  78.00000000  0.08490238  80.00000000  3471.46114758  0.99000000
0.00379637  78.00000000  0.00379637  80.00000000  3443.57743748  0.99000000
0.08490238  78.00000000  0.08490238  80.00000000  3471.46114758  0.99000000
0.08490238  78.00000000  0.08490238  80.00000000  3471.46114758  0.99000000
0.15306980  68.00000000  0.00419870  80.00000000  3528.63867721  0.99000000
0.08490238  78.00000000  0.08490238  80.00000000  3471.46114758  0.99000000
0.08589307  78.00000000  0.08589307  80.00000000  3471.46341653  0.99000000
0.08242381  78.00000000  0.08242381  80.00000000  3470.89276411  0.99000000
0.00008142  74.00000000  0.00005458  80.00000000  3439.06135778  0.99000000
0.00405727  78.00000000  0.00405727  80.00000000  3441.62103362  0.99000000
0.08490238  78.00000000  0.08490238  80.00000000  3471.46114758  0.99000000
0.08490238  78.00000000  0.08490238  80.00000000  3471.46114758  0.99000000
0.08490238  78.00000000  0.08490238  80.00000000  3471.46114758  0.99000000
0.00947795  78.00000000  0.00947795  80.00000000  3446.37901397  0.99000000
0.00060695  78.00000000  0.00060695  80.00000000  3444.08603549  0.99000000
0.08490238  78.00000000  0.08490238  80.00000000  3471.46114758  0.99000000
0.08490238  78.00000000  0.08490238  80.00000000  3471.46114758  0.99000000
0.08490238  78.00000000  0.08490238  80.00000000  3471.46114758  0.99000000
0.08490238  78.00000000  0.08490238  80.00000000  3471.46114758  0.99000000
0.08490238  78.00000000  0.08490238  80.00000000  3471.46114758  0.99000000
0.00190066  74.00000000  0.00182085  80.00000000  3451.58740581  0.99000000
0.01363548  78.00000000  0.01363548  80.00000000  3266.80838367  0.99000000
0.01034717  78.00000000  0.01034717  80.00000000  3482.55688353  0.99000000
0.16388572  68.00000000  0.00224515  80.00000000  3529.48017901  0.99000000
0.08490238  78.00000000  0.08490238  80.00000000  3471.46114758  0.99000000
0.00699987  78.00000000  0.00699987  80.00000000  3444.63197980  0.99000000
0.08490238  78.00000000  0.08490238  80.00000000  3471.46114758  0.99000000
0.08490238  78.00000000  0.08490238  80.00000000  3471.46114758  0.99000000
0.08490238  78.00000000  0.08490238  80.00000000  3471.46114758  0.99000000
0.08490238  78.00000000  0.08490238  80.00000000  3471.46087868  0.99000000
0.08490238  78.00000000  0.08490238  80.00000000  3471.46114758  0.99000000
0.26257257  64.00000000  0.25026163  80.00000000  3705.91371680  0.99000000
0.04049028  70.00000000  0.02977655  80.00000000  3542.96890707  0.99000000
0.08490238  78.00000000  0.08490238  80.00000000  3471.46114758  0.99000000
0.08490238  78.00000000  0.08490238  80.00000000  3471.46114758  0.99000000
0.12192636  78.00000000  0.12192636  80.00000000  3471.79139484  0.99000000
0.00349712  73.00000000  0.00165430  80.00000000  3436.79986548  0.99000000
0.00054902  78.00000000  0.00054902  80.00000000  3442.69178954  0.99000000
0.08490238  78.00000000  0.08490238  80.00000000  3471.46114758  0.99000000
0.01241324  78.00000000  0.01241324  80.00000000  3470.89330300  0.99000000
0.08490238  78.00000000  0.08490238  80.00000000  3471.46114758  0.99000000
0.08954745  71.00000000  0.04105146  80.00000000  3443.75395226  0.99000000
0.00612576  78.00000000  0.00612576  80.00000000  3444.61444532  0.99000000
0.08490238  78.00000000  0.08490238  80.00000000  3471.46114758  0.99000000
0.08490238  78.00000000  0.08490238  80.00000000  3471.46114758  0.99000000
0.08490238  78.00000000  0.08490238  80.00000000  3471.46114758  0.99000000
0.08490238  78.00000000  0.08490238  80.00000000  3471.46114758  0.99000000
0.03244068  65.00000000  0.02632387  80.00000000  3252.29433911  0.99000000
0.00874551  78.00000000  0.00874551  80.00000000  3441.26150363  0.99000000
0.06072533  78.00000000  0.06072533  80.00000000  3471.39154929  0.99000000
0.00024003  78.00000000  0.00024003  80.00000000  3440.16497127  0.99000000
0.08490238  78.00000000  0.08490238  80.00000000  3471.46114758  0.99000000
0.00197215  78.00000000  0.00197215  80.00000000  3442.54333263  0.99000000
0.00038158  78.00000000  0.00038158  80.00000000  3440.77833555  0.99000000
0.08490238  78.00000000  0.08490238  80.00000000  3471.46114758  0.99000000
0.00310723  78.00000000  0.00310723  80.00000000  3471.33844299  0.99000000
0.10630103  64.00000000  0.00398755  80.00000000  2644.36519431  0.99000000
0.08490238  78.00000000  0.08490238  80.00000000  3471.46114758  0.99000000
0.08490238  78.00000000  0.08490238  80.00000000  3471.46114758  0.99000000
0.00269175  78.00000000  0.00269175  80.00000000  3444.79706192  0.99000000
0.08542412  78.00000000  0.08542412  80.00000000  3473.42326649  0.99000000
0.08490238  78.00000000  0.08490238  80.00000000  3471.46114758  0.99000000
0.08490238  78.00000000  0.08490238  80.00000000  3471.46114758  0.99000000
0.08490229  78.00000000  0.08490229  80.00000000  3471.46077980  0.99000000
0.00172599  78.00000000  0.00172599  80.00000000  3449.87391760  0.99000000
0.00146766  70.00000000  0.00039220  80.00000000  3446.89747391  0.99000000
0.00071156  66.00000000  0.00010901  80.00000000  3444.79381001  0.99000000
0.08490238  78.00000000  0.08490238  80.00000000  3471.46114758  0.99000000
0.08490238  78.00000000  0.08490238  80.00000000  3471.46114758  0.99000000
0.06039539  78.00000000  0.06039539  80.00000000  3471.40269931  0.99000000
0.01404848  78.00000000  0.01404848  80.00000000  3471.17439128  0.99000000
0.08490238  78.00000000  0.08490238  80.00000000  3471.46114758  0.99000000
0.08490238  78.00000000  0.08490238  80.00000000  3471.46114758  0.99000000
0.00190884  78.00000000  0.00190884  80.00000000  3442.54427769  0.99000000
0.00151187  75.00000000  0.00123843  80.00000000  3460.89595962  0.99000000
0.08490238  78.00000000  0.08490238  80.00000000  3471.46114758  0.99000000
0.00080940  66.00000000  0.00002028  80.00000000  3444.08138978  0.99000000
0.08490238  78.00000000  0.08490238  80.00000000  3471.46114758  0.99000000
0.00244433  76.00000000  0.00222592  80.00000000  3444.13280335  0.99000000
0.08490238  78.00000000  0.08490238  80.00000000  3471.46114758  0.99000000
0.08490238  78.00000000  0.08490238  80.00000000  3471.45811526  0.99000000
0.08490238  78.00000000  0.08490238  80.00000000  3471.46114758  0.99000000
0.08490238  78.00000000  0.08490238  80.00000000  3471.46114758  0.99000000
0.01226606  78.00000000  0.01226606  80.00000000  3471.34024459  0.99000000
0.00547605  78.00000000  0.00547605  80.00000000  3471.33926723  0.99000000
0.08490238  78.00000000  0.08490238  80.00000000  3471.46114758  0.99000000
0.10118984  78.00000000  0.10118984  80.00000000  3471.51643288  0.99000000
0.16183294  78.00000000  0.16183294  80.00000000  2116.37369778  0.99000000
0.08498467  78.00000000  0.08498467  80.00000000  3471.46102513  0.99000000
0.08640739  78.00000000  0.08640739  80.00000000  3471.46660454  0.99000000
0.08490238  78.00000000  0.08490238  80.00000000  3471.46114758  0.99000000
0.08490238  78.00000000  0.08490238  80.00000000  3471.46114758  0.99000000
0.23042822  66.00000000  0.06086292  80.00000000  3512.98927054  0.99000000
0.08536463  78.00000000  0.08536463  80.00000000  3471.46045762  0.99000000
0.08490238  78.00000000  0.08490238  80.00000000  3471.46114758  0.99000000
0.16160465  78.00000000  0.16160465  80.00000000  3471.86419947  0.99000000
0.08490238  78.00000000  0.08490238  80.00000000  3471.46114758  0.99000000
0.08488968  78.00000000  0.08488968  80.00000000  3471.46157553  0.99000000
0.08110938  78.00000000  0.08110938  80.00000000  3470.88662049  0.99000000
0.08490238  78.00000000  0.08490238  80.00000000  3471.46114758  0.99000000
0.08490238  78.00000000  0.08490238  80.00000000  3471.46114758  0.99000000
0.04795410  59.00000000  0.03890996  80.00000000  2437.98041129  0.99000000
0.08490238  78.00000000  0.08490238  80.00000000  3471.46114758  0.99000000
0.02350561  78.00000000  0.02350561  80.00000000  3471.35372300  0.99000000
0.00317683  78.00000000  0.00317683  80.00000000  3471.33836900  0.99000000
0.00427427  78.00000000  0.00427427  80.00000000  3448.45281546  0.99000000
0.08490238  78.00000000  0.08490238  80.00000000  3471.46114758  0.99000000
0.00352211  74.00000000  0.00091407  80.00000000  3472.65245630  0.99000000
0.01188723  78.00000000  0.01188723  80.00000000  3471.96694833  0.99000000
0.07792249  78.00000000  0.07792249  80.00000000  3471.43329561  0.99000000
0.02273253  78.00000000  0.02273253  80.00000000  3452.36817697  0.99000000
0.08490238  78.00000000  0.08490238  80.00000000  3471.46114758  0.99000000
0.03845839  78.00000000  0.03845839  80.00000000  3471.19635428  0.99000000
0.08490238  78.00000000  0.08490238  80.00000000  3471.46114758  0.99000000
0.08490238  78.00000000  0.08490238  80.00000000  3471.46114758  0.99000000
0.07443531  78.00000000  0.07443531  80.00000000  3471.43739578  0.99000000
0.08490238  78.00000000  0.08490238  80.00000000  3471.46114758  0.99000000
0.08490238  78.00000000  0.08490238  80.00000000  3471.46114758  0.99000000
0.01978282  78.00000000  0.01978282  80.00000000  3471.14250944  0.99000000
0.00137889  78.00000000  0.00137889  80.00000000  3471.33822024  0.99000000
0.08529496  78.00000000  0.08529496  80.00000000  3471.17177668  0.99000000
0.07284060  72.00000000  0.03117479  80.00000000  3539.80130591  0.99000000
0.00332834  78.00000000  0.00332834  80.00000000  3471.33848644  0.99000000
0.04594750  78.00000000  0.04594750  80.00000000  3471.37501215  0.99000000
0.08536449  78.00000000  0.08536449  80.00000000  3471.46240229  0.99000000
0.08490238  78.00000000  0.08490238  80.00000000  3471.46114758  0.99000000
0.08490238  78.00000000  0.08490238  80.00000000  3471.46114758  0.99000000
0.08490238  78.00000000  0.08490238  80.00000000  3471.46114758  0.99000000
0.04407760  78.00000000  0.04407760  80.00000000  3446.88763332  0.99000000
0.08490238  78.00000000  0.08490238  80.00000000  3471.46114758  0.99000000
0.08490238  78.00000000  0.08490238  80.00000000  3471.46100981  0.99000000
0.08490147  78.00000000  0.08490147  80.00000000  3471.46114094  0.99000000
0.00536101  76.00000000  0.00516519  80.00000000  3470.84684967  0.99000000
0.08490238  78.00000000  0.08490238  80.00000000  3471.46114758  0.99000000
0.07849932  73.00000000  0.05000527  80.00000000  3462.61979844  0.99000000
0.08490238  78.00000000  0.08490238  80.00000000  3471.46114758  0.99000000
0.01884127  77.00000000  0.01840658  80.00000000  3471.34725027  0.99000000
0.08490238  78.00000000  0.08490238  80.00000000  3471.46114758  0.99000000
0.08490238  78.00000000  0.08490238  80.00000000  3471.46114758  0.99000000
0.04856992  78.00000000  0.04856992  80.00000000  3471.36948719  0.99000000
0.08490238  78.00000000  0.08490238  80.00000000  3471.46114758  0.99000000
0.00359642  76.00000000  0.00342546  80.00000000  3442.36764784  0.99000000
0.01014182  69.00000000  0.00075945  80.00000000  3453.83365933  0.99000000
0.00146634  70.00000000  0.00035731  80.00000000  3446.89845274  0.99000000
0.08490238  78.00000000  0.08490238  80.00000000  3471.46114715  0.99000000
0.01320014  78.00000000  0.01320014  80.00000000  3443.44309225  0.99000000
0.08490238  78.00000000  0.08490238  80.00000000  3471.46114758  0.99000000
0.04644329  78.00000000  0.04644329  80.00000000  3471.37307604  0.99000000
0.08490238  78.00000000  0.08490238  80.00000000  3471.46114758  0.99000000
0.08806532  78.00000000  0.08806532  80.00000000  3471.47284972  0.99000000
0.08490238  78.00000000  0.08490238  80.00000000  3471.46114758  0.99000000
0.02856501  76.00000000  0.02696813  80.00000000  3469.56787190  0.99000000
0.02082984  78.00000000  0.02082984  80.00000000  3471.34437789  0.99000000
0.08490238  78.00000000  0.08490238  80.00000000  3471.46114758  0.99000000
0.14593043  76.00000000  0.12844809  80.00000000  1744.12575869  0.99000000
0.08490238  78.00000000  0.08490238  80.00000000  3471.46114758  0.99000000
0.04486305  78.00000000  0.04486305  80.00000000  3471.36977322  0.99000000
0.00078059  78.00000000  0.00078059  80.00000000  3468.98075969  0.99000000
0.02548991  78.00000000  0.02548991  80.00000000  3470.07592960  0.99000000
0.00016632  70.00000000  0.00007739  80.00000000  3439.44037850  0.99000000
0.08490238  78.00000000  0.08490238  80.00000000  3471.46114758  0.99000000
0.02658319  78.00000000  0.02658319  80.00000000  3453.08321140  0.99000000
0.08490238  78.00000000  0.08490238  80.00000000  3471.46114758  0.99000000
0.05394664  78.00000000  0.05394664  80.00000000  3476.54640584  0.99000000
0.08490238  78.00000000  0.08490238  80.00000000  3471.46114758  0.99000000
0.00176353  73.00000000  0.00089437  80.00000000  3444.62342870  0.99000000
0.00940349  78.00000000  0.00940349  80.00000000  3471.34043590  0.99000000
0.08490238  78.00000000  0.08490238  80.00000000  3471.46114758  0.99000000
0.04399692  78.00000000  0.04399692  80.00000000  3471.36908381  0.99000000
0.04936917  78.00000000  0.04936917  80.00000000  3471.38962331  0.99000000
0.15875107  68.00000000  0.04991046  80.00000000  3530.37270284  0.99000000
0.16701583  72.00000000  0.03157080  80.00000000  3588.62784220  0.99000000
0.08490098  78.00000000  0.08490098  80.00000000  3471.46033809  0.99000000
0.03344778  57.00000000  0.00080792  80.00000000  2913.83186162  0.99000000
0.08490238  78.00000000  0.08490238  80.00000000  3471.46114758  0.99000000
0.08490238  78.00000000  0.08490238  80.00000000  3471.46114758  0.99000000
0.00215693  72.00000000  0.00095156  80.00000000  3444.62848056  0.99000000
0.08490238  78.00000000  0.08490238  80.00000000  3471.46114758  0.99000000
0.08242381  78.00000000  0.08242381  80.00000000  3470.89276411  0.99000000
0.06838225  71.00000000  0.03073085  80.00000000  2593.02410903  0.99000000
0.08490238  78.00000000  0.08490238  80.00000000  3471.46114758  0.99000000
0.08490238  78.00000000  0.08490238  80.00000000  3471.46114758  0.99000000
0.01307099  78.00000000  0.01307099  80.00000000  3471.34137310  0.99000000
0.08490238  78.00000000  0.08490238  80.00000000  3471.46114758  0.99000000
0.01612997  78.00000000  0.01612997  80.00000000  3471.34143664  0.99000000
0.00912928  74.00000000  0.00706129  80.00000000  3432.98852813  0.99000000
0.08490238  78.00000000  0.08490238  80.00000000  3471.46114758  0.99000000
0.08490238  78.00000000  0.08490238  80.00000000  3471.46114758  0.99000000
0.01313087  75.00000000  0.01148730  80.00000000  3449.11381886  0.99000000
0.04546232  72.00000000  0.03328089  80.00000000  1993.42879651  0.99000000
0.00230459  78.00000000  0.00230459  80.00000000  3444.23195197  0.99000000
0.01428959  78.00000000  0.01428959  80.00000000  3469.98120432  0.99000000
0.08490238  78.00000000  0.08490238  80.00000000  3471.46114758  0.99000000
0.08490092  78.00000000  0.08490092  80.00000000  3471.46095954  0.99000000
0.03422928  78.00000000  0.03422928  80.00000000  3471.35497005  0.99000000
0.08490238  78.00000000  0.08490238  80.00000000  3471.46114758  0.99000000
0.08490238  78.00000000  0.08490238  80.00000000  3471.46114758  0.99000000
0.08490238  78.00000000  0.08490238  80.00000000  3471.46114758  0.99000000
0.01420738  78.00000000  0.01420738  80.00000000  3442.17795974  0.99000000
0.11392722  78.00000000  0.11392722  80.00000000  3471.56846969  0.99000000
0.00295762  78.00000000  0.00295762  80.00000000  3471.31322513  0.99000000
0.08490238  78.00000000  0.08490238  80.00000000  3471.46114758  0.99000000
0.00444665  78.00000000  0.00444665  80.00000000  3464.19248008  0.99000000
0.08490238  78.00000000  0.08490238  80.00000000  3471.46114758  0.99000000
0.01046968  78.00000000  0.01046968  80.00000000  3471.33971524  0.99000000
0.00336058  74.00000000  0.00207073  80.00000000  3471.33854668  0.99000000
0.27506309  62.00000000  0.02233738  80.00000000  3592.71692830  0.99000000
0.04746925  78.00000000  0.04746925  80.00000000  2440.19778810  0.99000000
0.03132539  61.00000000  0.00826640  80.00000000  3008.32705122  0.99000000
0.08490238  78.00000000  0.08490238  80.00000000  3471.46114758  0.99000000
0.08490238  78.00000000  0.08490238  80.00000000  3471.46114715  0.99000000
0.09919641  78.00000000  0.09919641  80.00000000  3471.51249585  0.99000000
0.00158531  78.00000000  0.00158531  80.00000000  3443.33343364  0.99000000
0.27811991  63.00000000  0.03630926  80.00000000  3659.26491041  0.99000000
0.08490238  78.00000000  0.08490238  80.00000000  3471.46114758  0.99000000
0.08490238  78.00000000  0.08490238  80.00000000  3471.46114758  0.99000000
0.01298772  68.00000000  0.00402690  80.00000000  3473.96160661  0.99000000
0.09961971  78.00000000  0.09961971  80.00000000  3471.50846098  0.99000000
0.00024773  78.00000000  0.00024773  80.00000000  3443.56011704  0.99000000
0.00016007  70.00000000  0.00006404  80.00000000  3439.44971248  0.99000000
0.08490238  78.00000000  0.08490238  80.00000000  3471.46114758  0.99000000
0.08490238  78.00000000  0.08490238  80.00000000  3471.46114758  0.99000000
0.08490238  78.00000000  0.08490238  80.00000000  3471.46114758  0.99000000
0.08490238  78.00000000  0.08490238  80.00000000  3471.46114758  0.99000000
0.04326888  78.00000000  0.04326888  80.00000000  3471.36810427  0.99000000
0.08490238  78.00000000  0.08490238  80.00000000  3471.46114758  0.99000000
0.02005677  78.00000000  0.02005677  80.00000000  3471.35018022  0.99000000
0.08490238  78.00000000  0.08490238  80.00000000  3471.46114758  0.99000000
0.08490238  78.00000000  0.08490238  80.00000000  3471.46114758  0.99000000
0.02317817  78.00000000  0.02317817  80.00000000  3471.35676373  0.99000000
0.14420675  68.00000000  0.04631210  80.00000000  3525.57443646  0.99000000
0.08490238  78.00000000  0.08490238  80.00000000  3471.46114758  0.99000000
0.08490238  78.00000000  0.08490238  80.00000000  3471.46114758  0.99000000
0.08488968  78.00000000  0.08488968  80.00000000  3471.46156558  0.99000000
0.00152451  67.00000000  0.00107928  80.00000000  3479.15385941  0.99000000
0.08490238  78.00000000  0.08490238  80.00000000  3471.46114758  0.99000000
0.08490238  78.00000000  0.08490238  80.00000000  3471.46114758  0.99000000
0.08490238  78.00000000  0.08490238  80.00000000  3471.46114758  0.99000000
0.01155877  77.00000000  0.01149779  80.00000000  3471.34167767  0.99000000
0.08490238  78.00000000  0.08490238  80.00000000  3471.46114758  0.99000000
0.08490238  78.00000000  0.08490238  80.00000000  3471.46114758  0.99000000
0.08490238  78.00000000  0.08490238  80.00000000  3471.46114758  0.99000000
0.08490238  78.00000000  0.08490238  80.00000000  3471.46114758  0.99000000
0.07979428  78.00000000  0.07979428  80.00000000  3471.85608545  0.99000000
0.00589313  78.00000000  0.00589313  80.00000000  2797.51602284  0.99000000
0.08490238  78.00000000  0.08490238  80.00000000  3471.46114758  0.99000000
0.07346011  78.00000000  0.07346011  80.00000000  3471.42747002  0.99000000
0.08645017  78.00000000  0.08645017  80.00000000  3471.46243186  0.99000000
0.08490238  78.00000000  0.08490238  80.00000000  3471.46114758  0.99000000
0.08490238  78.00000000  0.08490238  80.00000000  3471.46114758  0.99000000
0.16701583  72.00000000  0.03157080  80.00000000  3588.62784220  0.99000000
0.08490238  78.00000000  0.08490238  80.00000000  3471.46114758  0.99000000
0.00210655  70.00000000  0.00010054  80.00000000  3443.33325354  0.99000000
0.08490238  78.00000000  0.08490238  80.00000000  3471.46114758  0.99000000
0.08490238  78.00000000  0.08490238  80.00000000  3471.46114758  0.99000000
0.08490238  78.00000000  0.08490238  80.00000000  3471.46114758  0.99000000
0.12696281  78.00000000  0.12696281  80.00000000  2275.66681400  0.99000000
0.08490238  78.00000000  0.08490238  80.00000000  3471.46114758  0.99000000
0.14067893  67.00000000  0.02710970  80.00000000  3527.97054441  0.99000000
0.26551127  74.00000000  0.20083818  80.00000000  3554.98647718  0.99000000
0.08490238  78.00000000  0.08490238  80.00000000  3471.46095570  0.99000000
0.08490238  78.00000000  0.08490238  80.00000000  3471.46114758  0.99000000
0.08490238  78.00000000  0.08490238  80.00000000  3471.46114758  0.99000000
0.02422118  78.00000000  0.02422118  80.00000000  3471.34735276  0.99000000
0.07443240  72.00000000  0.03492047  80.00000000  3495.02887551  0.99000000
0.02148106  78.00000000  0.02148106  80.00000000  3471.34467652  0.99000000
0.08490238  78.00000000  0.08490238  80.00000000  3471.46114758  0.99000000
0.08490238  78.00000000  0.08490238  80.00000000  3471.46114758  0.99000000
0.08490238  78.00000000  0.08490238  80.00000000  3471.46114758  0.99000000
0.08490238  78.00000000  0.08490238  80.00000000  3471.46114758  0.99000000
0.00769314  78.00000000  0.00769314  80.00000000  3444.63204855  0.99000000
0.16206054  68.00000000  0.03928709  80.00000000  3529.19171495  0.99000000
0.08490238  78.00000000  0.08490238  80.00000000  3471.46114758  0.99000000
0.00845189  78.00000000  0.00845189  80.00000000  3472.75285549  0.99000000
0.08490238  78.00000000  0.08490238  80.00000000  3471.46114758  0.99000000
0.04662318  78.00000000  0.04662318  80.00000000  3447.07757883  0.99000000
0.08490238  78.00000000  0.08490238  80.00000000  3471.46114759  0.99000000
0.08490238  78.00000000  0.08490238  80.00000000  3471.46114758  0.99000000
0.08806532  78.00000000  0.08806532  80.00000000  3471.47284972  0.99000000
0.02317817  78.00000000  0.02317817  80.00000000  3471.35676373  0.99000000
0.08490238  78.00000000  0.08490238  80.00000000  3471.46114758  0.99000000
0.08490238  78.00000000  0.08490238  80.00000000  3471.46114758  0.99000000
0.07823611  78.00000000  0.07823611  80.00000000  3471.44017519  0.99000000
0.02776611  78.00000000  0.02776611  80.00000000  3471.34972884  0.99000000
0.08490238  78.00000000  0.08490238  80.00000000  3471.46114758  0.99000000
0.08490238  78.00000000  0.08490238  80.00000000  3471.46114758  0.99000000
0.08490238  78.00000000  0.08490238  80.00000000  3471.46114758  0.99000000
0.03796874  72.00000000  0.01615276  80.00000000  2980.27150406  0.99000000
0.00245643  78.00000000  0.00245643  80.00000000  3471.33825967  0.99000000
0.00016905  78.00000000  0.00016905  80.00000000  3429.12594773  0.99000000
0.16215600  68.00000000  0.03162177  80.00000000  3529.29546451  0.99000000
0.08490238  78.00000000  0.08490238  80.00000000  3471.46114758  0.99000000
0.08490237  78.00000000  0.08490237  80.00000000  3471.46057266  0.99000000
0.08490238  78.00000000  0.08490238  80.00000000  3471.46114758  0.99000000
0.02148106  78.00000000  0.02148106  80.00000000  3471.34464693  0.99000000
0.08490238  78.00000000  0.08490238  80.00000000  3471.46114758  0.99000000
0.08490238  78.00000000  0.08490238  80.00000000  3471.46114758  0.99000000
0.00075672  78.00000000  0.00075672  80.00000000  3338.69974408  0.99000000
0.02459397  78.00000000  0.02459397  80.00000000  3471.35623164  0.99000000
0.00642594  78.00000000  0.00642594  80.00000000  2797.55708165  0.99000000
0.14318227  63.00000000  0.06425713  80.00000000  3412.80364510  0.99000000
0.08490238  78.00000000  0.08490238  80.00000000  3471.46114758  0.99000000
0.26257259  64.00000000  0.25026162  80.00000000  3705.91372508  0.99000000
0.08490238  78.00000000  0.08490238  80.00000000  3471.46114758  0.99000000
0.08464195  78.00000000  0.08464195  80.00000000  3471.45755348  0.99000000
0.00727622  78.00000000  0.00727622  80.00000000  3471.33885336  0.99000000
0.09661365  70.00000000  0.01916430  80.00000000  3481.39054893  0.99000000
0.08490238  78.00000000  0.08490238  80.00000000  3471.46114758  0.99000000
0.08490238  78.00000000  0.08490238  80.00000000  3471.46114758  0.99000000
0.08490238  78.00000000  0.08490238  80.00000000  3471.46114758  0.99000000
0.08490238  78.00000000  0.08490238  80.00000000  3471.46114758  0.99000000
0.08490238  78.00000000  0.08490238  80.00000000  3471.46114758  0.99000000
0.00056563  73.00000000  0.00024500  80.00000000  3443.60981424  0.99000000
0.08490238  78.00000000  0.08490238  80.00000000  3471.46114758  0.99000000
0.01884127  77.00000000  0.01840658  80.00000000  3471.34725027  0.99000000
0.08490238  78.00000000  0.08490238  80.00000000  3471.46114758  0.99000000
0.02345118  78.00000000  0.02345118  80.00000000  3471.35263135  0.99000000
0.01260056  67.00000000  0.00494410  80.00000000  2667.33464374  0.99000000
0.08490238  78.00000000  0.08490238  80.00000000  3471.46114758  0.99000000
0.00043721  78.00000000  0.00043721  80.00000000  3440.60897412  0.99000000
0.08490238  78.00000000  0.08490238  80.00000000  3471.46114758  0.99000000
0.02106397  78.00000000  0.02106397  80.00000000  3471.62840863  0.99000000
0.08490238  78.00000000  0.08490238  80.00000000  3471.46114758  0.99000000
0.06440590  72.00000000  0.04287972  80.00000000  3564.84115055  0.99000000
0.00012228  78.00000000  0.00012228  80.00000000  3439.57927150  0.99000000
0.08490238  78.00000000  0.08490238  80.00000000  3471.46114758  0.99000000
0.03707177  78.00000000  0.03707177  80.00000000  3471.36083529  0.99000000
0.00875696  78.00000000  0.00875696  80.00000000  3441.26118440  0.99000000
0.00085237  67.00000000  0.00022401  80.00000000  3442.56944965  0.99000000
0.08490238  78.00000000  0.08490238  80.00000000  3471.46114758  0.99000000
0.08490238  78.00000000  0.08490238  80.00000000  3471.46114758  0.99000000
0.00083461  78.00000000  0.00083461  80.00000000  3440.26902946  0.99000000
0.03366079  78.00000000  0.03366079  80.00000000  3457.00383678  0.99000000
0.08490238  78.00000000  0.08490238  80.00000000  3471.46114758  0.99000000
0.08490238  78.00000000  0.08490238  80.00000000  3471.46114758  0.99000000
0.03439077  78.00000000  0.03439077  80.00000000  3476.54241656  0.99000000
0.08490238  78.00000000  0.08490238  80.00000000  3471.46114758  0.99000000
0.08490238  78.00000000  0.08490238  80.00000000  3471.46114758  0.99000000
0.08490238  78.00000000  0.08490238  80.00000000  3471.46114758  0.99000000
0.08490238  78.00000000  0.08490238  80.00000000  3471.46114758  0.99000000
0.08490238  78.00000000  0.08490238  80.00000000  3471.46114758  0.99000000
0.08490238  78.00000000  0.08490238  80.00000000  3471.46114758  0.99000000
0.08490238  78.00000000  0.08490238  80.00000000  3471.46114758  0.99000000
0.08490238  78.00000000  0.08490238  80.00000000  3471.46114758  0.99000000
0.16701583  72.00000000  0.03157080  80.00000000  3588.62784220  0.99000000
0.08490238  78.00000000  0.08490238  80.00000000  3471.46114758  0.99000000
0.08490238  78.00000000  0.08490238  80.00000000  3471.46114758  0.99000000
0.08490238  78.00000000  0.08490238  80.00000000  3471.46114758  0.99000000
0.02207379  78.00000000  0.02207379  80.00000000  3471.35178118  0.99000000
0.09023177  78.00000000  0.09023177  80.00000000  3471.47797406  0.99000000
0.08490238  78.00000000  0.08490238  80.00000000  3471.46114758  0.99000000
0.08490238  78.00000000  0.08490238  80.00000000  3471.46114758  0.99000000
0.08490238  78.00000000  0.08490238  80.00000000  3471.46114758  0.99000000
0.01447219  78.00000000  0.01447219  80.00000000  3441.60171219  0.99000000
0.07922622  78.00000000  0.07922622  80.00000000  3471.43931166  0.99000000
0.02300917  78.00000000  0.02300917  80.00000000  3450.03057001  0.99000000
0.08490238  78.00000000  0.08490238  80.00000000  3471.46114758  0.99000000
0.00024773  78.00000000  0.00024773  80.00000000  3443.56011704  0.99000000
0.08490238  78.00000000  0.08490238  80.00000000  3471.46114758  0.99000000
0.08490238  78.00000000  0.08490238  80.00000000  3471.46114758  0.99000000
0.08490238  78.00000000  0.08490238  80.00000000  3471.46114758  0.99000000
0.08490238  78.00000000  0.08490238  80.00000000  3471.46114758  0.99000000
0.08490238  78.00000000  0.08490238  80.00000000  3471.46114758  0.99000000
0.08490238  78.00000000  0.08490238  80.00000000  3471.46105119  0.99000000
0.08490238  78.00000000  0.08490238  80.00000000  3471.46114758  0.99000000
0.08490238  78.00000000  0.08490238  80.00000000  3471.46114758  0.99000000
0.08490238  78.00000000  0.08490238  80.00000000  3471.46114758  0.99000000
0.08490238  78.00000000  0.08490238  80.00000000  3471.46114758  0.99000000
0.00347379  78.00000000  0.00347379  80.00000000  3441.46811943  0.99000000
0.00756990  78.00000000  0.00756990  80.00000000  3444.62674006  0.99000000
0.02799771  78.00000000  0.02799771  80.00000000  3471.34866730  0.99000000
0.08490238  78.00000000  0.08490238  80.00000000  3471.46114758  0.99000000
0.00261159  73.00000000  0.00155539  80.00000000  3433.35489520  0.99000000
0.08490238  78.00000000  0.08490238  80.00000000  3471.46114758  0.99000000
0.08490238  78.00000000  0.08490238  80.00000000  3471.46114758  0.99000000
0.23477322  69.00000000  0.04825817  80.00000000  3555.64523047  0.99000000
0.25079742  74.00000000  0.18474387  80.00000000  1731.44283310  0.99000000
0.08490238  78.00000000  0.08490238  80.00000000  3471.46114758  0.99000000
0.08490238  78.00000000  0.08490238  80.00000000  3471.46114758  0.99000000
0.08490238  78.00000000  0.08490238  80.00000000  3471.46114758  0.99000000
0.08298553  78.00000000  0.08298553  80.00000000  3471.06709049  0.99000000
0.00009721  78.00000000  0.00009721  80.00000000  3439.43708213  0.99000000
0.06176755  78.00000000  0.06176755  80.00000000  3470.80601599  0.99000000
0.08424226  78.00000000  0.08424226  80.00000000  3471.45870256  0.99000000
0.08490238  78.00000000  0.08490238  80.00000000  3471.46114758  0.99000000
0.00644881  78.00000000  0.00644881  80.00000000  3444.63687272  0.99000000
0.04455458  78.00000000  0.04455458  80.00000000  3471.37144593  0.99000000
0.01825100  78.00000000  0.01825100  80.00000000  3457.58982431  0.99000000
0.08490238  78.00000000  0.08490238  80.00000000  3471.46114758  0.99000000
0.01048678  78.00000000  0.01048678  80.00000000  3471.34067734  0.99000000
0.08490238  78.00000000  0.08490238  80.00000000  3471.46114758  0.99000000
0.09906777  78.00000000  0.09906777  80.00000000  3471.51162036  0.99000000
0.08490238  78.00000000  0.08490238  80.00000000  3471.46114758  0.99000000
0.08742608  78.00000000  0.08742608  80.00000000  3471.46923565  0.99000000
0.08490238  78.00000000  0.08490238  80.00000000  3471.46114758  0.99000000
0.08717401  78.00000000  0.08717401  80.00000000  3471.46985656  0.99000000
0.00021409  78.00000000  0.00021409  80.00000000  3443.60979927  0.99000000
0.08490238  78.00000000  0.08490238  80.00000000  3471.46114758  0.99000000
0.08490238  78.00000000  0.08490238  80.00000000  3471.46114758  0.99000000
0.08490238  78.00000000  0.08490238  80.00000000  3471.46114758  0.99000000
0.00286320  74.00000000  0.00210450  80.00000000  3433.35494332  0.99000000
0.08490238  78.00000000  0.08490238  80.00000000  3471.46059502  0.99000000
0.16965498  78.00000000  0.16965498  80.00000000  3471.08661462  0.99000000
0.08490238  78.00000000  0.08490238  80.00000000  3471.46114758  0.99000000
0.00514784  78.00000000  0.00514784  80.00000000  3471.33873643  0.99000000
0.07971633  78.00000000  0.07971633  80.00000000  3471.78238887  0.99000000
0.01172355  78.00000000  0.01172355  80.00000000  3470.89443590  0.99000000
0.01446012  78.00000000  0.01446012  80.00000000  3444.64071636  0.99000000
0.08490238  78.00000000  0.08490238  80.00000000  3471.46114758  0.99000000
0.08490238  78.00000000  0.08490238  80.00000000  3471.46114758  0.99000000
0.08189868  78.00000000  0.08189868  80.00000000  3470.88983583  0.99000000
0.00113745  78.00000000  0.00113745  80.00000000  3471.17148991  0.99000000
0.08431889  78.00000000  0.08431889  80.00000000  3471.45961593  0.99000000
0.00044570  70.00000000  0.00002127  80.00000000  3439.91207842  0.99000000
0.08431889  78.00000000  0.08431889  80.00000000  3471.45961593  0.99000000
0.01987085  75.00000000  0.01527610  80.00000000  3471.35611255  0.99000000
0.04401188  78.00000000  0.04401188  80.00000000  3447.07015771  0.99000000
0.08490238  78.00000000  0.08490238  80.00000000  3471.46114758  0.99000000
0.03103424  78.00000000  0.03103424  80.00000000  2633.59549476  0.99000000
0.08490240  78.00000000  0.08490240  80.00000000  3471.46119676  0.99000000
0.08490238  78.00000000  0.08490238  80.00000000  3471.46114758  0.99000000
0.08490042  78.00000000  0.08490042  80.00000000  3471.46060293  0.99000000
0.01325033  78.00000000  0.01325033  80.00000000  3466.85257961  0.99000000
0.02069801  76.00000000  0.00810091  80.00000000  3471.35218064  0.99000000
0.09071366  78.00000000  0.09071366  80.00000000  3471.48214105  0.99000000
0.19611788  70.00000000  0.04112044  80.00000000  3491.60476462  0.99000000
0.05691294  78.00000000  0.05691294  80.00000000  3471.42395679  0.99000000
0.08488957  78.00000000  0.08488957  80.00000000  3471.45853430  0.99000000
0.08490238  78.00000000  0.08490238  80.00000000  3471.46114758  0.99000000
0.07645253  78.00000000  0.07645253  80.00000000  3471.44844501  0.99000000
0.02877722  76.00000000  0.01593843  80.00000000  3471.35980141  0.99000000
0.01986622  78.00000000  0.01986622  80.00000000  3472.81030154  0.99000000
0.01476084  70.00000000  0.00096268  80.00000000  2336.43144973  0.99000000
0.08490238  78.00000000  0.08490238  80.00000000  3471.46114758  0.99000000
0.08490238  78.00000000  0.08490238  80.00000000  3471.46114758  0.99000000
0.00646796  78.00000000  0.00646796  80.00000000  3444.63727045  0.99000000
0.05490587  78.00000000  0.05490587  80.00000000  3453.09332353  0.99000000
0.08490238  78.00000000  0.08490238  80.00000000  3471.46114758  0.99000000
0.01439603  78.00000000  0.01439603  80.00000000  3471.34121566  0.99000000
0.00225224  71.00000000  0.00048758  80.00000000  2180.98143382  0.99000000
0.00624657  78.00000000  0.00624657  80.00000000  3441.08529556  0.99000000
0.06967353  72.00000000  0.01660410  80.00000000  3511.48489244  0.99000000
0.00013789  65.00000000  0.00012748  80.00000000  3436.63941322  0.99000000
0.00006273  51.00000000  0.00000681  80.00000000  3436.63941198  0.99000000
0.00021828  78.00000000  0.00021828  80.00000000  3432.37523818  0.99000000
0.00026213  59.00000000  0.00002506  80.00000000  3438.54981571  0.99000000
0.00022856  60.00000000  0.00002381  80.00000000  3436.63941616  0.99000000
0.00022856  60.00000000  0.00002380  80.00000000  3436.63941616  0.99000000
0.00022856  60.00000000  0.00002381  80.00000000  3436.63941616  0.99000000
0.00022856  60.00000000  0.00002190  80.00000000  3436.63941598  0.99000000
0.00022856  60.00000000  0.00002381  80.00000000  3436.63941616  0.99000000
0.00022856  60.00000000  0.00002381  80.00000000  3436.63941616  0.99000000
0.00025192  61.00000000  0.00002437  80.00000000  3438.41337985  0.99000000
0.00022856  60.00000000  0.00002327  80.00000000  3436.63941598  0.99000000
0.00022856  60.00000000  0.00002380  80.00000000  3436.63941616  0.99000000
0.00022856  60.00000000  0.00002380  80.00000000  3436.63941616  0.99000000
0.00022856  60.00000000  0.00001682  80.00000000  3436.63941616  0.99000000
0.00022856  60.00000000  0.00002380  80.00000000  3436.63941616  0.99000000
0.00022856  60.00000000  0.00002378  80.00000000  3436.63941616  0.99000000
0.00022932  60.00000000  0.00003344  80.00000000  3437.00703205  0.99000000
0.00022856  60.00000000  0.00002378  80.00000000  3436.63941616  0.99000000
0.00021453  61.00000000  0.00001304  80.00000000  3360.77059569  0.99000000
0.00022856  60.00000000  0.00002378  80.00000000  3436.63941616  0.99000000
0.00022834  60.00000000  0.00002555  80.00000000  3436.64348035  0.99000000
0.00014162  57.00000000  0.00000382  80.00000000  3436.64312532  0.99000000
0.00022856  60.00000000  0.00002378  80.00000000  3436.63941616  0.99000000
0.00022525  60.00000000  0.00002424  80.00000000  3439.26306932  0.99000000
0.00015372  65.00000000  0.00003671  80.00000000  3436.62118096  0.99000000
0.00022856  60.00000000  0.00002374  80.00000000  3436.63941616  0.99000000
0.00022856  60.00000000  0.00002377  80.00000000  3436.63941615  0.99000000
0.00022856  60.00000000  0.00002394  80.00000000  3436.63941615  0.99000000
0.00022825  60.00000000  0.00004482  80.00000000  3436.64377808  0.99000000
0.00022856  60.00000000  0.00002377  80.00000000  3436.63941615  0.99000000
0.00022856  60.00000000  0.00002447  80.00000000  3436.63941615  0.99000000
0.00022856  60.00000000  0.00001534  80.00000000  3436.63941615  0.99000000
0.00036838  60.00000000  0.00004105  80.00000000  3443.39822678  0.99000000
0.00022841  60.00000000  0.00003458  80.00000000  3436.63941603  0.99000000
0.00022830  60.00000000  0.00002385  80.00000000  3436.27273507  0.99000000
0.00022834  60.00000000  0.00001319  80.00000000  3436.27273508  0.99000000
0.00172271  78.00000000  0.00172271  80.00000000  3110.08629950  0.99000000
0.00022830  60.00000000  0.00002420  80.00000000  3436.27273501  0.99000000
0.00022830  60.00000000  0.00005786  80.00000000  3436.27273496  0.99000000
0.00022830  60.00000000  0.00002411  80.00000000  3436.27273494  0.99000000
0.00022830  60.00000000  0.00002411  80.00000000  3436.27273494  0.99000000
0.00022830  60.00000000  0.00002411  80.00000000  3436.27273494  0.99000000
0.00022830  60.00000000  0.00002407  80.00000000  3436.27273494  0.99000000
0.00022689  60.00000000  0.00003162  80.00000000  3436.46789768  0.99000000
0.00033275  60.00000000  0.00002028  80.00000000  3439.89608861  0.99000000
0.00022830  60.00000000  0.00002328  80.00000000  3436.27273487  0.99000000
0.00022211  60.00000000  0.00002826  80.00000000  3436.27985457  0.99000000
0.00022830  60.00000000  0.00002328  80.00000000  3436.27273487  0.99000000
0.00022889  60.00000000  0.00002368  80.00000000  3437.02681417  0.99000000
0.00022830  60.00000000  0.00002361  80.00000000  3436.27273481  0.99000000
0.00022830  60.00000000  0.00002361  80.00000000  3436.27273481  0.99000000
0.00022830  60.00000000  0.00002361  80.00000000  3436.27273481  0.99000000
0.00022830  60.00000000  0.00002768  80.00000000  3436.27273455  0.99000000
0.00022830  60.00000000  0.00002768  80.00000000  3436.27273455  0.99000000
0.00022830  60.00000000  0.00002767  80.00000000  3436.27273455  0.99000000
0.00022830  60.00000000  0.00002767  80.00000000  3436.27273455  0.99000000
0.00022830  60.00000000  0.00002767  80.00000000  3436.27273455  0.99000000
0.00022830  60.00000000  0.00002767  80.00000000  3436.27273455  0.99000000
0.00022830  60.00000000  0.00002767  80.00000000  3436.27273455  0.99000000
0.00022830  60.00000000  0.00002002  80.00000000  3436.27273448  0.99000000
0.00022830  60.00000000  0.00002002  80.00000000  3436.27273447  0.99000000
0.00022830  60.00000000  0.00002002  80.00000000  3436.27273448  0.99000000
0.00022830  60.00000000  0.00002026  80.00000000  3436.27273486  0.99000000
0.05266389  78.00000000  0.05266389  80.00000000  3461.78559739  0.99000000
0.00022830  60.00000000  0.00002199  80.00000000  3436.27273492  0.99000000
0.00022830  60.00000000  0.00002199  80.00000000  3436.27273494  0.99000000
0.00022829  60.00000000  0.00002199  80.00000000  3436.27272208  0.99000000
0.00017797  59.00000000  0.00005477  80.00000000  3439.85756976  0.99000000
0.00034303  78.00000000  0.00034303  80.00000000  3441.62068554  0.99000000
0.00022830  60.00000000  0.00002160  80.00000000  3436.27273493  0.99000000
0.00022830  60.00000000  0.00004716  80.00000000  3436.27273618  0.99000000
0.00022830  60.00000000  0.00002262  80.00000000  3436.27273503  0.99000000
0.00022830  60.00000000  0.00002916  80.00000000  3436.27273503  0.99000000
0.00008186  61.00000000  0.00000460  80.00000000  3312.10565913  0.99000000
0.00022830  60.00000000  0.00002335  80.00000000  3436.27273502  0.99000000
0.00022518  61.00000000  0.00003149  80.00000000  3436.62593669  0.99000000
0.00022830  60.00000000  0.00002614  80.00000000  3436.27273506  0.99000000
0.00022830  60.00000000  0.00003060  80.00000000  3436.27273502  0.99000000
0.00022830  60.00000000  0.00003060  80.00000000  3436.27273502  0.99000000
0.00022830  60.00000000  0.00000553  80.00000000  3436.27273502  0.99000000
0.00022830  60.00000000  0.00003060  80.00000000  3436.27273502  0.99000000
0.00022825  60.00000000  0.00003061  80.00000000  3436.27362339  0.99000000
0.00023159  61.00000000  0.00003225  80.00000000  3447.42050723  0.99000000
0.00007945  56.00000000  0.00006199  80.00000000  3436.27913345  0.99000000
0.00022830  60.00000000  0.00003060  80.00000000  3436.27273502  0.99000000
0.00023078  60.00000000  0.00003359  80.00000000  3436.28537745  0.99000000
0.00019725  76.00000000  0.00018098  80.00000000  3436.70088948  0.99000000
0.00137477  72.00000000  0.00058295  80.00000000  3437.38834545  0.99000000
0.00248999  74.00000000  0.00180987  80.00000000  3437.44629068  0.99000000
0.00026619  60.00000000  0.00000176  80.00000000  3430.50811923  0.99000000
0.00967399  73.00000000  0.00552777  80.00000000  3439.27607455  0.99000000
0.00912279  74.00000000  0.00731820  80.00000000  3439.27183325  0.99000000
0.00912279  74.00000000  0.00731820  80.00000000  3439.27183325  0.99000000
0.01390765  72.00000000  0.00649285  80.00000000  3444.43370098  0.99000000
0.00843342  73.00000000  0.00431112  80.00000000  3447.23113123  0.99000000
0.12431389  68.00000000  0.01363654  80.00000000  2463.44222353  0.99000000
0.00980934  74.00000000  0.00805046  80.00000000  3439.27172705  0.99000000
0.19933181  70.00000000  0.02483540  80.00000000  3569.98456034  0.99000000
