26
34
26
18
20
34
15
36
29
0
27
8
22
14
32
17
22
10
16
33
1
34
1
24
24
18
15
2
2
2
2
23
2
23
22
3
13
3
0
22
26
4
14
4
30
14
33
34
5
24
29
5
15
16
6
26
4
4
6
17
7
4
17
30
7
36
18
8
1
30
1
19
26
33
34
9
34
20
10
3
33
34
34
11
34
11
8
5
5
22
12
35
31
1
9
23
13
0
24
31
36
14
6
25
9
35
25
14
10
35
4
31
16
26
16
15
1
6
31
36
0
17
28
2
18
0
9
6
1
19
19
6
34
30
34
31
14
20
1
1
35
35
0
32
10
22
17
32
17
22
17
4
33
11
34
0
7
24
11
24
2
2
24
18
12
2
17
16
11
9
10
0
14
26
4
11
13
9
13
2
18
15
21
29
5
22
16
6
23
20
21
6
32
32
4
23
34
30
34
4
36
7
30
36
33
33
33
6
26
34
30
36
36
21
35
21
35
19
35
29
2
35
32
23
35
35
0
29
35
35
30
9
36
35
35
35
35
29
35
35
14
12
35
3
35
35
31
36
3
9
36
31
36
0
36
36
12
35
27
31
35
21
28
17
36
34
