20
6
15
29
29
30
10
31
35
8
28
8
14
8
13
22
32
15
29
1
1
1
1
1
1
27
36
11
2
2
12
22
24
35
18
3
3
13
2
13
3
4
3
4
21
14
15
5
5
5
15
5
3
29
6
6
36
16
6
17
7
7
2
26
2
7
18
8
24
2
19
36
9
5
31
9
35
35
10
3
20
10
6
21
22
11
3
7
7
22
12
23
22
6
34
27
13
36
6
28
36
14
24
33
14
35
3
9
35
9
32
35
16
26
16
15
32
12
27
34
28
14
18
17
18
18
36
1
29
7
36
2
12
19
0
15
3
20
30
5
31
35
35
34
35
14
8
16
22
32
0
5
8
23
7
33
4
1
24
2
11
34
35
22
22
24
35
22
26
26
35
24
9
10
18
3
36
11
18
28
5
16
17
1
29
3
13
4
13
22
8
29
9
8
26
7
26
2
35
31
36
24
35
7
35
33
35
27
33
35
35
0
35
20
35
24
33
36
36
3
4
36
22
15
36
13
11
36
29
16
36
12
36
36
35
35
36
35
13
35
31
35
9
36
35
16
35
33
35
32
12
36
35
35
35
6
36
18
35
35
11
24
31
36
36
26
