21
6
6
19
34
11
19
21
15
31
17
20
12
29
36
22
31
20
16
1
17
1
1
11
19
1
0
2
2
1
2
2
12
36
12
3
3
12
26
13
26
36
4
27
4
0
14
5
0
15
5
20
32
35
6
24
1
3
6
30
7
17
7
17
25
8
26
8
25
2
31
9
30
1
9
0
31
0
10
20
35
10
2
1
11
6
11
5
22
36
4
36
12
36
7
13
23
24
35
2
14
14
14
7
34
35
29
25
14
15
32
5
26
16
8
26
3
16
34
36
6
17
35
35
28
18
28
19
19
19
29
36
5
10
7
20
34
6
30
11
15
15
31
3
8
35
8
12
22
17
13
13
36
17
36
33
11
24
34
36
36
12
11
6
2
35
36
17
21
7
26
26
25
26
16
4
27
4
17
10
6
24
25
21
26
21
24
28
4
1
0
6
30
23
17
32
32
34
34
26
8
36
33
31
36
33
15
31
19
4
6
35
20
35
10
35
1
36
6
35
35
28
36
36
36
36
36
36
34
35
19
35
28
35
14
4
35
34
35
29
2
35
35
34
7
16
35
35
4
18
34
36
36
6
35
35
10
36
29
28
36
6
19
36
36
5
