13
18
6
10
31
0
10
16
29
36
21
12
29
18
0
32
33
9
34
1
1
1
1
1
34
11
34
2
34
2
17
27
13
1
18
3
13
32
3
20
24
13
14
4
2
32
15
22
5
28
2
27
2
3
23
6
3
27
29
17
7
1
18
7
31
2
32
31
8
28
33
9
1
33
20
32
9
10
1
10
7
32
21
11
29
22
11
7
6
5
12
32
4
12
29
23
35
13
35
34
4
14
36
34
25
14
29
2
10
33
26
6
16
33
16
34
16
17
17
8
13
36
28
36
18
6
29
19
35
19
7
34
10
30
32
20
10
31
0
32
12
31
36
21
12
7
22
5
32
9
22
19
33
1
11
19
20
19
11
34
24
12
14
25
12
18
1
35
25
1
18
3
36
1
1
12
4
9
18
28
14
5
28
26
27
14
3
27
6
3
28
29
9
20
20
0
35
36
2
31
1
35
31
33
29
7
35
34
32
33
35
33
35
35
32
35
27
35
35
34
36
36
5
36
36
11
36
20
35
35
32
35
29
35
35
36
35
20
13
35
7
35
32
32
0
34
34
9
35
16
35
17
8
1
36
3
36
18
2
35
23
35
3
7
5
3
