35
36
20
16
32
26
21
31
21
18
13
25
11
30
31
9
15
33
36
22
1
1
34
23
11
35
1
2
2
19
2
25
33
12
36
3
13
3
36
13
14
2
4
22
1
25
15
5
33
25
5
23
29
28
28
6
1
17
27
27
7
26
2
31
29
33
1
8
19
19
33
19
9
20
33
30
35
33
10
36
21
36
21
32
11
3
34
33
29
28
1
12
23
8
11
5
13
8
24
34
25
5
3
14
25
5
1
15
34
26
26
34
7
7
16
27
27
17
3
32
28
0
17
29
0
13
18
6
1
19
30
34
36
35
36
20
9
31
4
31
31
21
32
32
17
14
13
33
33
0
33
11
22
23
34
34
18
4
0
24
35
21
19
12
25
10
12
13
36
20
10
36
1
3
2
11
24
3
25
5
5
28
2
5
21
2
9
28
4
30
14
27
24
7
23
36
31
29
36
1
33
36
23
33
33
14
36
33
0
35
32
19
36
21
36
36
36
36
3
34
35
35
28
1
12
35
35
30
23
35
8
35
34
35
34
35
1
35
14
35
28
35
9
35
34
7
30
35
27
32
13
35
32
28
34
35
29
36
36
0
32
14
5
30
5
36
