33
13
7
12
34
9
31
21
18
15
24
33
34
0
36
14
35
35
24
18
1
10
1
17
0
0
21
2
2
2
2
12
35
2
3
19
3
35
24
25
19
4
14
26
4
23
15
2
5
25
3
2
16
6
3
35
6
35
26
24
17
7
1
25
1
18
8
31
8
32
36
25
9
26
9
31
1
20
10
21
10
35
6
27
11
1
11
32
28
31
12
28
31
12
23
29
13
24
36
8
14
33
14
35
25
7
31
14
15
4
36
5
5
16
27
1
36
9
17
32
2
17
28
36
36
35
6
2
29
1
34
19
16
14
36
9
20
34
15
31
21
5
2
21
2
5
0
36
22
7
2
33
34
1
23
4
17
0
0
4
2
2
2
25
25
35
36
3
6
3
11
24
3
7
24
10
27
14
23
25
26
16
16
26
2
17
29
3
10
7
8
26
22
13
36
3
15
1
35
33
8
32
32
35
34
13
3
35
35
35
34
36
36
10
35
26
35
21
22
35
26
28
35
12
35
31
24
35
35
6
35
36
36
35
33
35
31
35
7
35
14
35
35
36
5
35
17
31
33
2
35
27
32
35
20
17
36
35
35
35
33
35
28
35
19
35
