32
35
20
20
34
7
15
21
12
30
7
21
21
25
36
16
9
14
9
33
1
1
32
10
18
17
1
2
2
29
2
0
25
25
3
24
1
3
13
19
28
21
4
27
2
2
15
25
5
15
15
29
21
36
6
23
16
6
3
3
7
32
7
17
24
27
31
24
8
18
19
28
9
33
2
2
9
26
34
35
35
10
28
5
11
21
8
22
28
12
4
36
12
23
13
36
13
4
24
29
14
2
35
24
25
14
15
10
7
10
36
15
8
2
16
1
0
31
27
28
17
35
17
13
10
18
18
10
34
35
30
14
29
4
20
20
20
34
11
15
21
21
5
31
21
21
34
5
16
9
36
9
33
1
23
6
10
11
12
25
25
25
34
9
4
8
25
15
35
1
3
9
8
27
15
36
27
15
2
15
2
5
13
5
17
28
15
22
19
22
28
6
22
13
14
7
1
36
27
35
2
8
27
35
28
31
33
36
36
9
36
3
35
33
35
4
35
35
22
35
32
35
32
35
3
35
35
35
36
36
35
35
36
35
35
35
36
8
36
15
36
22
36
35
34
36
2
36
27
4
31
36
7
35
35
17
31
35
15
35
12
35
35
19
36
0
