9
28
34
20
35
12
17
33
17
7
21
28
32
13
19
9
11
22
0
1
34
1
16
1
20
11
30
2
2
2
2
2
12
3
3
3
20
19
19
3
2
14
2
4
23
35
1
15
5
35
16
1
29
24
3
6
27
0
16
17
3
7
25
1
29
23
8
31
0
19
31
33
9
20
9
30
20
10
29
20
10
21
35
1
6
34
1
11
12
22
12
23
35
33
10
13
34
13
35
1
35
14
24
14
36
34
36
7
26
15
34
35
11
16
36
27
35
34
36
17
9
12
28
0
18
4
18
0
2
29
8
18
8
9
20
35
20
35
11
35
1
31
8
21
0
32
0
9
22
36
11
0
10
34
1
33
20
20
23
9
25
20
2
18
25
13
25
6
35
2
10
14
24
27
36
2
27
4
9
1
3
28
19
0
1
29
29
18
15
7
16
8
17
3
23
19
1
36
35
8
29
0
35
5
33
9
27
9
35
33
33
29
21
35
25
27
17
35
35
1
34
35
35
32
35
35
0
35
35
9
35
35
1
35
11
2
36
36
34
17
36
35
35
34
35
34
0
36
33
35
35
0
17
36
36
34
36
18
35
35
35
36
18
8
36
8
