19
26
18
16
20
9
7
35
36
7
16
0
12
32
31
9
32
33
23
23
1
27
30
1
21
0
30
35
2
26
18
0
12
12
3
30
34
3
13
23
35
33
4
22
15
20
35
5
5
5
5
31
28
23
6
35
16
1
6
17
27
26
7
3
26
31
8
18
1
4
28
9
30
35
35
9
5
4
10
20
3
10
34
21
11
33
21
28
2
12
12
7
35
12
35
13
23
35
13
24
14
35
14
30
3
35
25
15
6
31
26
7
34
16
16
3
7
17
27
32
17
35
33
2
18
2
29
18
18
7
19
9
36
19
30
6
7
20
14
7
35
31
15
8
21
11
32
16
10
15
7
10
23
11
2
14
12
7
34
24
35
18
0
18
18
12
24
3
36
14
4
13
27
12
27
14
9
15
6
28
13
5
1
28
4
16
23
23
21
19
4
29
5
27
31
9
36
33
25
35
33
33
18
28
31
5
35
31
33
29
33
34
29
35
29
34
21
34
35
34
28
35
7
12
25
35
12
35
4
36
35
36
36
14
35
35
14
35
35
36
35
35
31
35
5
10
35
32
35
33
35
35
32
35
35
9
32
36
34
29
36
18
34
22
19
36
