35
10
20
20
28
9
21
31
21
20
16
14
16
22
29
22
36
23
33
1
1
23
1
1
16
16
1
1
2
2
25
0
12
20
3
3
3
0
3
27
25
4
27
20
4
24
31
32
3
5
23
15
34
16
27
6
16
35
24
1
7
17
17
33
7
8
8
8
0
1
19
31
9
2
9
20
35
20
10
6
31
27
10
11
11
34
22
35
31
12
0
23
36
4
36
13
12
3
24
13
34
24
14
36
34
4
25
7
32
15
31
26
35
16
11
11
16
27
11
17
4
10
6
9
0
2
29
13
1
29
6
19
30
35
35
20
16
18
9
21
31
21
20
16
15
16
22
9
22
36
23
33
14
23
23
14
7
6
14
0
14
35
19
16
36
25
20
25
3
19
0
3
27
22
27
27
23
0
24
18
6
8
5
27
15
17
29
5
26
16
5
1
36
31
3
28
33
35
26
33
33
0
30
34
35
30
34
36
33
35
33
35
35
36
35
8
35
30
35
14
35
35
35
36
36
36
24
36
13
36
3
32
12
36
24
16
36
34
31
35
35
34
35
36
35
35
16
35
35
16
36
23
12
35
35
31
33
33
36
36
25
35
18
35
35
30
