20
30
15
7
20
12
9
25
9
23
1
1
1
11
2
2
2
3
3
3
13
4
4
15
5
26
1
6
6
16
7
7
17
1
8
3
9
3
2
10
10
10
11
22
21
12
12
11
13
23
24
14
14
8
15
14
34
26
30
17
27
17
17
18
13
19
29
20
30
36
20
20
31
35
32
21
23
34
33
36
34
10
36
21
36
35
19
19
27
7
0
5
27
5
20
6
36
29
24
35
33
35
25
29
35
35
35
35
35
36
36
36
35
35
35
35
35
36
35
35
35
35
35
36
36
36
17
35
35
35
35
35
19
9
35
