24
51
58
15
53
54
54
1
2
56
57
3
4
4
16
5
6
6
7
7
8
50
9
22
10
6
11
23
12
13
3
32
26
15
16
29
17
29
54
50
63
20
32
5
6
22
23
3
36
57
38
43
26
63
43
52
16
42
30
43
26
44
4
61
60
53
47
48
36
23
61
50
24
51
38
41
53
54
54
18
44
56
57
59
58
47
32
60
60
45
27
7
2
63
49
64
64
48
39
23
58
13
42
57
26
62
64
44
56
63
64
63
63
63
64
64
63
60
63
46
60
63
38
46
63
48
63
2
63
48
30
63
44
7
63
61
64
12
63
62
55
64
62
63
