30
13
31
27
8
13
28
28
16
15
32
18
29
1
1
12
10
1
10
11
2
31
22
11
12
3
12
14
31
4
22
14
4
1
5
15
22
15
6
16
6
7
7
5
17
7
6
8
17
17
9
9
8
19
19
29
20
10
1
6
11
21
4
22
8
22
22
13
23
30
7
23
14
14
14
13
25
26
15
25
3
14
1
26
17
31
27
2
1
28
19
28
28
19
18
29
29
4
10
31
30
1
21
16
31
22
31
12
11
22
7
32
20
13
14
20
1
4
7
20
24
6
2
27
4
7
5
17
31
6
15
31
30
31
31
31
29
31
29
32
29
32
6
29
32
22
21
29
32
22
17
32
29
23
31
29
7
31
13
32
32
12
32
4
32
1
31
