30
25
7
12
33
17
35
18
22
13
9
1
1
35
11
2
2
20
26
3
3
26
4
3
4
4
5
5
5
16
6
6
17
7
7
26
5
8
8
19
9
7
9
10
35
10
21
11
27
35
12
23
13
13
5
24
14
13
15
15
26
30
16
36
17
17
33
17
18
18
34
29
19
30
20
20
12
34
21
35
13
22
35
33
23
34
35
36
36
2
36
16
10
6
26
22
27
4
4
2
13
36
6
6
6
35
7
21
7
30
35
29
33
35
35
36
36
35
35
35
25
35
36
35
35
35
35
36
35
35
35
35
36
36
35
36
36
17
36
35
35
0
18
2
29
7
10
