7 7 7 7 7 7 7 7 7 7 1 1 1 1 1 7 8 8 8 8 0 8 3 3 3 1 1 1 1 1 1 1 1 1 1 0 0 0 0 0
7 7 7 8 7 7 7 7 7 7 1 1 1 1 1 7 8 8 8 8 8 8 3 3 3 1 1 1 1 1 1 1 1 1 1 0 0 0 0 0
7 7 7 0 7 7 7 7 7 7 1 1 1 1 1 7 8 8 8 8 8 8 3 3 3 1 1 1 1 1 1 1 1 1 1 0 0 0 0 0
7 7 7 7 7 7 7 7 7 7 6 1 1 1 1 1 7 2 2 2 8 8 3 3 3 1 1 1 1 1 1 1 1 1 1 0 0 0 0 0
7 7 7 7 7 7 7 7 7 7 7 5 1 1 1 1 7 1 0 0 3 3 8 3 3 3 3 3 3 3 3 1 1 3 1 1 4 0 0 0
7 7 7 7 7 7 7 7 7 7 7 5 1 1 1 7 1 1 0 0 3 3 8 3 3 3 3 3 3 3 3 3 3 1 4 1 1 0 0 0
7 7 7 7 7 7 7 7 7 7 1 1 1 1 1 7 8 8 8 8 8 8 3 3 3 1 1 1 1 1 1 1 1 1 1 0 0 0 0 0
7 7 7 7 7 7 7 7 7 7 1 1 1 1 1 7 8 8 8 8 8 8 3 3 3 1 1 1 1 1 1 1 1 1 1 0 0 0 0 0
7 7 7 7 7 7 7 7 7 7 1 1 1 1 1 7 8 8 8 8 8 8 3 3 3 1 1 1 1 1 1 1 1 1 1 0 0 0 0 0
7 7 7 7 7 7 7 7 7 7 1 1 1 1 1 7 8 8 8 8 8 8 3 3 3 1 1 1 1 1 1 1 1 1 1 0 0 0 0 0
