8 8 8 8 8 8 8 8 8 8 8 8 8 7 7 7 7 7 2 2 16 16 1 1 1 1 0 0 0 0 0 1 1 1 1 1 1 1 1 1 1 1 1 1 1 1 1 1 9 1 1 9 9 9 9 9 9 9 9 9 9 9 9 9 9 9 9 9 9 9 9 9 9 9 9 9 9 9 9 9
16 16 16 16 16 0 16 16 16 16 16 16 16 16 16 16 16 16 16 16 16 16 16 16 16 16 16 0 0 0 0 0 0 0 0 0 0 0 0 0 0 16 16 16 16 16 0 0 3 3 3 0 0 0 0 0 0 0 0 0 0 0 0 0 0 0 15 15 0 15 15 15 15 11 10 10 10 0 0 0
8 8 8 8 8 8 8 8 8 8 8 8 8 8 8 8 7 7 7 2 2 0 0 0 0 0 0 0 0 0 0 0 0 11 1 0 1 1 1 1 1 1 1 9 9 9 1 9 1 9 9 9 9 9 9 9 9 9 1 1 10 10 10 10 10 12 12 12 12 12 12 9 14 14 14 14 14 14 14 14
14 12 12 12 12 12 9 9 9 9 9 12 12 12 12 2 2 2 2 2 2 4 4 4 4 4 16 16 16 16 16 16 16 16 16 16 16 0 0 0 0 16 16 16 16 16 5 5 5 5 5 5 5 5 5 5 5 5 5 5 5 5 5 5 5 5 5 5 5 5 5 5 5 5 5 5 0 0 0 0
16 16 16 16 16 16 16 16 16 16 16 16 16 16 16 16 12 1 12 1 1 1 1 1 1 1 16 16 16 16 16 16 16 16 16 16 16 16 16 16 16 16 16 16 16 16 16 16 16 16 16 16 16 3 3 3 0 0 0 0 0 0 0 0 0 0 0 7 7 7 7 7 0 0 0 0 0 0 9 9
0 0 0 0 10 0 0 0 0 0 0 0 0 0 0 14 14 14 14 14 2 14 1 1 1 1 1 1 1 1 1 1 1 1 1 1 1 1 1 0 0 0 0 0 0 0 0 0 0 0 0 0 0 0 6 6 7 7 7 7 7 7 7 7 7 7 7 2 2 2 2 2 6 6 6 6 6 6 6 9
0 0 0 0 0 0 8 8 8 8 8 8 8 8 14 14 14 14 2 2 2 2 1 1 1 1 1 1 13 1 1 1 1 1 1 1 1 1 1 1 1 1 1 1 1 1 1 2 2 0 6 0 0 0 0 0 0 0 0 0 2 2 14 2 2 2 2 2 2 2 2 2 2 9 9 9 9 9 9 9
12 12 12 12 12 12 12 12 12 12 12 12 12 12 12 12 12 12 1 1 2 0 0 0 0 0 0 0 0 0 0 0 0 0 0 0 0 0 0 0 0 0 0 0 0 0 0 0 0 0 0 0 0 0 0 0 0 0 0 2 12 12 12 12 5 5 5 5 5 7 7 5 7 5 5 5 2 9 9 9
9 9 9 9 9 9 9 9 9 9 9 9 9 9 9 9 1 1 1 1 1 1 1 1 1 1 1 1 1 1 1 1 1 1 1 1 1 1 1 1 1 1 1 1 1 1 1 1 1 1 0 0 0 0 0 0 0 0 0 0 0 0 0 0 2 2 2 5 4 2 5 5 5 12 16 16 5 5 5 6
8 8 8 8 8 8 8 8 8 8 8 8 8 8 8 8 8 2 2 2 2 2 2 2 2 2 12 12 12 12 0 0 2 0 0 0 0 0 0 0 0 5 5 5 5 5 5 5 5 5 5 5 5 5 5 5 5 5 5 5 5 5 5 5 5 5 5 5 5 5 5 5 5 5 5 5 9 9 9 9
