# Results obtained using DQN. CPU time: 125.12709927558899
0.02128485  70.00000000  0.00679587  80.00000000  2860.55443195  0.00000000
0.00208163  78.00000000  0.00208163  80.00000000  1866.12148127  0.00000000
0.00034904  72.00000000  0.00032273  80.00000000  1707.41627249  0.00000000
0.00139787  76.00000000  0.00129094  80.00000000  1538.23508379  0.00000000
0.00587086  76.00000000  0.00521489  80.00000000  2427.56158536  0.00000000
0.00014803  76.00000000  0.00014329  80.00000000  1514.95775852  0.00000000
0.00632345  78.00000000  0.00632345  80.00000000  2379.55124571  0.22685263
0.00064250  70.00000000  0.00034490  80.00000000  1213.52762203  0.55682008
0.00188705  78.00000000  0.00188705  80.00000000  1747.69611513  0.88678753
0.02576913  77.00000000  0.02565747  80.00000000  2511.85545018  0.99000000
0.12276499  78.00000000  0.12276499  80.00000000  3402.08023963  0.99000000
0.27312999  78.00000000  0.27312999  80.00000000  3384.57946778  0.99000000
0.13149307  78.00000000  0.13149307  80.00000000  3402.16922942  0.99000000
0.10421306  78.00000000  0.10421306  80.00000000  3402.84602575  0.99000000
0.12276499  78.00000000  0.12276499  80.00000000  3402.08023963  0.99000000
0.09837765  78.00000000  0.09837765  80.00000000  3402.06985855  0.99000000
0.12276499  78.00000000  0.12276499  80.00000000  3402.08023963  0.99000000
0.15208549  78.00000000  0.15208549  80.00000000  3402.54113779  0.99000000
0.14284576  78.00000000  0.14284576  80.00000000  3041.34647340  0.99000000
0.31182022  77.00000000  0.30339529  80.00000000  3406.49921538  0.99000000
0.12276499  78.00000000  0.12276499  80.00000000  3402.08023963  0.99000000
0.12275820  78.00000000  0.12275820  80.00000000  3402.09100421  0.99000000
0.16913745  78.00000000  0.16913745  80.00000000  3402.35052802  0.99000000
0.14637202  78.00000000  0.14637202  80.00000000  3402.61709219  0.99000000
0.12276499  78.00000000  0.12276499  80.00000000  3402.08023963  0.99000000
0.12276499  78.00000000  0.12276499  80.00000000  3402.08023963  0.99000000
0.12114477  78.00000000  0.12114477  80.00000000  3402.10005507  0.99000000
0.11323182  78.00000000  0.11323182  80.00000000  3402.06692363  0.99000000
0.13258325  78.00000000  0.13258325  80.00000000  3402.12638325  0.99000000
0.10776506  63.00000000  0.04268467  80.00000000  3412.43943833  0.99000000
0.10174359  61.00000000  0.01219019  80.00000000  4184.45798090  0.99000000
0.12276499  78.00000000  0.12276499  80.00000000  3402.08023963  0.99000000
0.12276499  78.00000000  0.12276499  80.00000000  3402.08023963  0.99000000
0.12276499  78.00000000  0.12276499  80.00000000  3402.08023963  0.99000000
0.12276499  78.00000000  0.12276499  80.00000000  3402.08023963  0.99000000
0.04244777  75.00000000  0.03431283  80.00000000  3393.95779274  0.99000000
0.00395014  71.00000000  0.00027805  80.00000000  3055.99904019  0.99000000
0.12263285  78.00000000  0.12263285  80.00000000  3402.08177668  0.99000000
0.07272887  78.00000000  0.07272887  80.00000000  3428.58494001  0.99000000
0.04681476  69.00000000  0.02659568  80.00000000  3399.29142440  0.99000000
0.12276499  78.00000000  0.12276499  80.00000000  3402.08023963  0.99000000
0.12276499  78.00000000  0.12276499  80.00000000  3402.08023963  0.99000000
0.11246777  78.00000000  0.11246777  80.00000000  3402.07170044  0.99000000
0.07717855  71.00000000  0.04199395  80.00000000  3399.48426360  0.99000000
0.12276499  78.00000000  0.12276499  80.00000000  3402.08023963  0.99000000
0.12276499  78.00000000  0.12276499  80.00000000  3402.08023963  0.99000000
0.12276499  78.00000000  0.12276499  80.00000000  3402.08023963  0.99000000
0.12276499  78.00000000  0.12276499  80.00000000  3402.08023963  0.99000000
0.12276499  78.00000000  0.12276499  80.00000000  3402.08023963  0.99000000
0.05933213  70.00000000  0.04528536  80.00000000  3394.54323577  0.99000000
0.12516857  78.00000000  0.12516857  80.00000000  3402.09477218  0.99000000
0.10548638  67.00000000  0.06269199  80.00000000  3405.84769363  0.99000000
0.12276499  78.00000000  0.12276499  80.00000000  3402.08023963  0.99000000
0.14271502  61.00000000  0.05278224  80.00000000  4182.84461994  0.99000000
0.12280498  78.00000000  0.12280498  80.00000000  3402.05388077  0.99000000
0.12276499  78.00000000  0.12276499  80.00000000  3402.08023963  0.99000000
0.12276499  78.00000000  0.12276499  80.00000000  3402.08023963  0.99000000
0.12276499  78.00000000  0.12276499  80.00000000  3402.08023963  0.99000000
0.07005566  78.00000000  0.07005566  80.00000000  3209.67524127  0.99000000
0.04105291  78.00000000  0.04105291  80.00000000  3386.81774098  0.99000000
0.12276499  78.00000000  0.12276499  80.00000000  3402.08023963  0.99000000
0.12276499  78.00000000  0.12276499  80.00000000  3402.08023963  0.99000000
0.12276499  78.00000000  0.12276499  80.00000000  3402.08023963  0.99000000
0.12276499  78.00000000  0.12276499  80.00000000  3402.08023963  0.99000000
0.12276499  78.00000000  0.12276499  80.00000000  3402.08023963  0.99000000
0.12352216  78.00000000  0.12352216  80.00000000  3402.09988325  0.99000000
0.12276499  78.00000000  0.12276499  80.00000000  3402.08023963  0.99000000
0.12258649  78.00000000  0.12258649  80.00000000  3417.63006397  0.99000000
0.14287697  61.00000000  0.05279045  80.00000000  4182.98067227  0.99000000
0.07005566  78.00000000  0.07005566  80.00000000  3209.67524127  0.99000000
0.12276499  78.00000000  0.12276499  80.00000000  3402.08023963  0.99000000
0.12276499  78.00000000  0.12276499  80.00000000  3402.08023963  0.99000000
0.12020590  78.00000000  0.12020590  80.00000000  3402.07753151  0.99000000
0.12276499  78.00000000  0.12276499  80.00000000  3402.08023963  0.99000000
0.12551752  78.00000000  0.12551752  80.00000000  3402.10248495  0.99000000
0.12276499  78.00000000  0.12276499  80.00000000  3402.08023963  0.99000000
0.12737827  78.00000000  0.12737827  80.00000000  3402.62867998  0.99000000
0.12276499  78.00000000  0.12276499  80.00000000  3402.08023963  0.99000000
0.12276499  78.00000000  0.12276499  80.00000000  3402.08023963  0.99000000
0.12276499  78.00000000  0.12276499  80.00000000  3402.08023963  0.99000000
0.12276499  78.00000000  0.12276499  80.00000000  3402.08023963  0.99000000
0.12276499  78.00000000  0.12276499  80.00000000  3402.08023963  0.99000000
0.12276499  78.00000000  0.12276499  80.00000000  3402.08023963  0.99000000
0.42817763  76.00000000  0.38232093  80.00000000  3275.77414452  0.99000000
0.12276499  78.00000000  0.12276499  80.00000000  3402.08023963  0.99000000
0.11046258  78.00000000  0.11046258  80.00000000  3402.05707675  0.99000000
0.12276499  78.00000000  0.12276499  80.00000000  3402.08023963  0.99000000
0.12615606  78.00000000  0.12615606  80.00000000  3402.09884117  0.99000000
0.12276499  78.00000000  0.12276499  80.00000000  3402.08023963  0.99000000
0.12276499  78.00000000  0.12276499  80.00000000  3402.08023963  0.99000000
0.12276499  78.00000000  0.12276499  80.00000000  3402.08023910  0.99000000
0.12285095  78.00000000  0.12285095  80.00000000  3402.08079659  0.99000000
0.12276499  78.00000000  0.12276499  80.00000000  3402.08023963  0.99000000
0.12276499  78.00000000  0.12276499  80.00000000  3402.08023963  0.99000000
0.12456535  78.00000000  0.12456535  80.00000000  3402.09055466  0.99000000
0.12276499  78.00000000  0.12276499  80.00000000  3402.08023963  0.99000000
0.46401551  77.00000000  0.45660287  80.00000000  3331.64304435  0.99000000
0.12276499  78.00000000  0.12276499  80.00000000  3402.08023963  0.99000000
0.07388132  73.00000000  0.06097297  80.00000000  3402.45270246  0.99000000
0.20863440  76.00000000  0.18983420  80.00000000  3403.31970153  0.99000000
0.12276499  78.00000000  0.12276499  80.00000000  3402.08023963  0.99000000
0.12276499  78.00000000  0.12276499  80.00000000  3402.08023963  0.99000000
0.12276499  78.00000000  0.12276499  80.00000000  3402.08023963  0.99000000
0.12185121  78.00000000  0.12185121  80.00000000  3402.07752479  0.99000000
0.16676127  73.00000000  0.09355317  80.00000000  3401.79115843  0.99000000
0.15158138  78.00000000  0.15158138  80.00000000  3402.25799849  0.99000000
0.07057196  71.00000000  0.06517480  80.00000000  3363.75334529  0.99000000
0.12276499  78.00000000  0.12276499  80.00000000  3402.08023963  0.99000000
0.12293998  78.00000000  0.12293998  80.00000000  3402.09195474  0.99000000
0.12020590  78.00000000  0.12020590  80.00000000  3402.07753151  0.99000000
0.12276499  78.00000000  0.12276499  80.00000000  3402.08023963  0.99000000
0.02419732  78.00000000  0.02419732  80.00000000  3068.07790991  0.99000000
0.12276499  78.00000000  0.12276499  80.00000000  3402.08023963  0.99000000
0.12276499  78.00000000  0.12276499  80.00000000  3402.08023963  0.99000000
0.12287838  78.00000000  0.12287838  80.00000000  3402.09469360  0.99000000
0.12261745  78.00000000  0.12261745  80.00000000  3402.08018881  0.99000000
0.12150721  78.00000000  0.12150721  80.00000000  3402.08366538  0.99000000
0.12276499  78.00000000  0.12276499  80.00000000  3402.08023963  0.99000000
0.12276499  78.00000000  0.12276499  80.00000000  3402.08023963  0.99000000
0.12276499  78.00000000  0.12276499  80.00000000  3402.08023963  0.99000000
0.11823675  78.00000000  0.11823675  80.00000000  3402.57735933  0.99000000
0.27039784  77.00000000  0.27010131  80.00000000  3405.56377900  0.99000000
0.15617032  70.00000000  0.02921676  80.00000000  3199.24892201  0.99000000
0.12276499  78.00000000  0.12276499  80.00000000  3402.08023963  0.99000000
0.09191048  78.00000000  0.09191048  80.00000000  3402.00645677  0.99000000
0.16403655  78.00000000  0.16403655  80.00000000  3402.99866599  0.99000000
0.04451531  67.00000000  0.04094161  80.00000000  3403.60263102  0.99000000
0.11034782  78.00000000  0.11034782  80.00000000  3403.66428519  0.99000000
0.12276499  78.00000000  0.12276499  80.00000000  3402.08023963  0.99000000
0.12276499  78.00000000  0.12276499  80.00000000  3402.08023963  0.99000000
0.12258848  78.00000000  0.12258848  80.00000000  3417.63089276  0.99000000
0.12276499  78.00000000  0.12276499  80.00000000  3402.08023963  0.99000000
0.12276559  78.00000000  0.12276559  80.00000000  3402.08027309  0.99000000
0.12276499  78.00000000  0.12276499  80.00000000  3402.08023963  0.99000000
0.12276499  78.00000000  0.12276499  80.00000000  3402.08023963  0.99000000
0.12276499  78.00000000  0.12276499  80.00000000  3402.08023963  0.99000000
0.12276499  78.00000000  0.12276499  80.00000000  3402.08023963  0.99000000
0.24869730  78.00000000  0.24869730  80.00000000  3402.96718340  0.99000000
0.04284868  66.00000000  0.02138881  80.00000000  3198.14500712  0.99000000
0.12276499  78.00000000  0.12276499  80.00000000  3402.08023963  0.99000000
0.14008169  78.00000000  0.14008169  80.00000000  3367.26701742  0.99000000
0.12276499  78.00000000  0.12276499  80.00000000  3402.08023963  0.99000000
0.12276499  78.00000000  0.12276499  80.00000000  3402.08023963  0.99000000
0.12276499  78.00000000  0.12276499  80.00000000  3402.08023963  0.99000000
0.12276499  78.00000000  0.12276499  80.00000000  3402.08023963  0.99000000
0.12276499  78.00000000  0.12276499  80.00000000  3402.08023963  0.99000000
0.12296777  78.00000000  0.12296777  80.00000000  3402.08012435  0.99000000
0.03904037  65.00000000  0.03653752  80.00000000  3401.89067232  0.99000000
0.04541610  78.00000000  0.04541610  80.00000000  3401.79166498  0.99000000
0.12276499  78.00000000  0.12276499  80.00000000  3402.08023963  0.99000000
0.12276499  78.00000000  0.12276499  80.00000000  3402.08023963  0.99000000
0.12276499  78.00000000  0.12276499  80.00000000  3402.08023963  0.99000000
0.10128539  61.00000000  0.01340067  80.00000000  4184.03733537  0.99000000
0.01315059  66.00000000  0.00441121  80.00000000  3098.30611984  0.99000000
0.12276499  78.00000000  0.12276499  80.00000000  3402.08023963  0.99000000
0.03326910  74.00000000  0.01938642  80.00000000  2766.50174829  0.99000000
0.03904037  65.00000000  0.01317127  80.00000000  3401.86479740  0.99000000
0.18286162  78.00000000  0.18286162  80.00000000  3332.81721927  0.99000000
0.07115686  68.00000000  0.00413143  80.00000000  3376.73309285  0.99000000
0.10124914  73.00000000  0.06544992  80.00000000  3384.69968637  0.99000000
0.04219235  78.00000000  0.04219235  80.00000000  3327.84388789  0.99000000
0.12276499  78.00000000  0.12276499  80.00000000  3402.08023963  0.99000000
0.05439723  68.00000000  0.01093081  80.00000000  3289.32793444  0.99000000
0.33055405  76.00000000  0.29571289  80.00000000  3400.67762081  0.99000000
0.17539281  68.00000000  0.03369455  80.00000000  3404.89250290  0.99000000
0.12276499  78.00000000  0.12276499  80.00000000  3402.08023963  0.99000000
0.12276499  78.00000000  0.12276499  80.00000000  3402.08023963  0.99000000
0.08152648  66.00000000  0.03021450  80.00000000  2226.91805933  0.99000000
0.25763400  76.00000000  0.23205445  80.00000000  3406.48341122  0.99000000
0.05769366  66.00000000  0.05672530  80.00000000  3402.07444652  0.99000000
0.14299878  61.00000000  0.03310797  80.00000000  4182.69531750  0.99000000
0.12276499  78.00000000  0.12276499  80.00000000  3402.08023963  0.99000000
0.12276499  78.00000000  0.12276499  80.00000000  3402.08023963  0.99000000
0.12276499  78.00000000  0.12276499  80.00000000  3402.08023963  0.99000000
0.12276499  78.00000000  0.12276499  80.00000000  3402.08023963  0.99000000
0.12276499  78.00000000  0.12276499  80.00000000  3402.08023963  0.99000000
0.12276499  78.00000000  0.12276499  80.00000000  3402.08023963  0.99000000
0.12276499  78.00000000  0.12276499  80.00000000  3402.08023963  0.99000000
0.12276499  78.00000000  0.12276499  80.00000000  3402.08023963  0.99000000
0.12135822  78.00000000  0.12135822  80.00000000  3402.11584648  0.99000000
0.12260468  78.00000000  0.12260468  80.00000000  3402.08796185  0.99000000
0.06719453  78.00000000  0.06719453  80.00000000  3401.95852855  0.99000000
0.12276623  78.00000000  0.12276623  80.00000000  3402.08013137  0.99000000
0.07482857  76.00000000  0.07135175  80.00000000  3356.66201237  0.99000000
0.12276499  78.00000000  0.12276499  80.00000000  3402.08023963  0.99000000
0.12276499  78.00000000  0.12276499  80.00000000  3402.08023963  0.99000000
0.12165717  78.00000000  0.12165717  80.00000000  3402.07632448  0.99000000
0.12276499  78.00000000  0.12276499  80.00000000  3402.08023963  0.99000000
0.12276499  78.00000000  0.12276499  80.00000000  3402.08023963  0.99000000
0.12276499  78.00000000  0.12276499  80.00000000  3402.08023963  0.99000000
0.12276499  78.00000000  0.12276499  80.00000000  3402.08023963  0.99000000
0.12127133  78.00000000  0.12127133  80.00000000  3402.03556185  0.99000000
0.12276499  78.00000000  0.12276499  80.00000000  3402.08023963  0.99000000
0.12260468  78.00000000  0.12260468  80.00000000  3402.08796185  0.99000000
0.12276499  78.00000000  0.12276499  80.00000000  3402.08023963  0.99000000
0.07057196  71.00000000  0.06517480  80.00000000  3363.75334529  0.99000000
0.12276499  78.00000000  0.12276499  80.00000000  3402.08023963  0.99000000
0.12276499  78.00000000  0.12276499  80.00000000  3402.08023963  0.99000000
0.12276499  78.00000000  0.12276499  80.00000000  3402.08023963  0.99000000
0.06673203  68.00000000  0.00950885  80.00000000  3403.36687575  0.99000000
0.12276499  78.00000000  0.12276499  80.00000000  3402.08023963  0.99000000
0.05806465  66.00000000  0.03708009  80.00000000  3402.09426001  0.99000000
0.12626402  78.00000000  0.12626402  80.00000000  3402.10555310  0.99000000
0.03908498  65.00000000  0.01361755  80.00000000  3401.86443574  0.99000000
0.12276499  78.00000000  0.12276499  80.00000000  3402.08023963  0.99000000
0.12276499  78.00000000  0.12276499  80.00000000  3402.08023963  0.99000000
0.11799818  78.00000000  0.11799818  80.00000000  3402.57219128  0.99000000
0.01011164  78.00000000  0.01011164  80.00000000  2945.56378235  0.99000000
0.06980323  78.00000000  0.06980323  80.00000000  3209.72773160  0.99000000
0.12276499  78.00000000  0.12276499  80.00000000  3402.08023963  0.99000000
0.12276499  78.00000000  0.12276499  80.00000000  3402.08023963  0.99000000
0.43392162  64.00000000  0.22239330  80.00000000  4154.09207995  0.99000000
0.22047694  78.00000000  0.22047694  80.00000000  3403.08167147  0.99000000
0.14603836  78.00000000  0.14603836  80.00000000  3403.25833228  0.99000000
0.12276500  78.00000000  0.12276500  80.00000000  3402.08023723  0.99000000
0.12276499  78.00000000  0.12276499  80.00000000  3402.08023963  0.99000000
0.03331809  64.00000000  0.01905988  80.00000000  2923.71670451  0.99000000
0.12276499  78.00000000  0.12276499  80.00000000  3402.08023963  0.99000000
0.12276499  78.00000000  0.12276499  80.00000000  3402.08023963  0.99000000
0.09770064  78.00000000  0.09770064  80.00000000  3400.52828217  0.99000000
0.12276499  78.00000000  0.12276499  80.00000000  3402.08023963  0.99000000
0.16196640  74.00000000  0.12303194  80.00000000  3037.62656622  0.99000000
0.12276694  78.00000000  0.12276694  80.00000000  3402.08046304  0.99000000
0.12276499  78.00000000  0.12276499  80.00000000  3402.08023963  0.99000000
0.12276499  78.00000000  0.12276499  80.00000000  3402.08023963  0.99000000
0.12276499  78.00000000  0.12276499  80.00000000  3402.08023963  0.99000000
0.12287836  78.00000000  0.12287836  80.00000000  3402.08663629  0.99000000
0.06813951  67.00000000  0.00961643  80.00000000  3403.46969344  0.99000000
0.12276499  78.00000000  0.12276499  80.00000000  3402.08023963  0.99000000
0.12276499  78.00000000  0.12276499  80.00000000  3402.08023963  0.99000000
0.12276499  78.00000000  0.12276499  80.00000000  3402.08023963  0.99000000
0.03306600  78.00000000  0.03306600  80.00000000  1607.83695048  0.99000000
0.03580567  69.00000000  0.00160310  80.00000000  3401.86387780  0.99000000
0.12276499  78.00000000  0.12276499  80.00000000  3402.08023963  0.99000000
0.12276499  78.00000000  0.12276499  80.00000000  3402.08023963  0.99000000
0.12276499  78.00000000  0.12276499  80.00000000  3402.08023963  0.99000000
0.07653699  78.00000000  0.07653699  80.00000000  3312.63948649  0.99000000
0.06947312  77.00000000  0.06201899  80.00000000  3366.20615530  0.99000000
0.12276500  78.00000000  0.12276500  80.00000000  3402.08023154  0.99000000
0.06269778  67.00000000  0.04009229  80.00000000  3312.85445111  0.99000000
0.12276499  78.00000000  0.12276499  80.00000000  3402.08023963  0.99000000
0.09025248  78.00000000  0.09025248  80.00000000  3401.98952274  0.99000000
0.12276499  78.00000000  0.12276499  80.00000000  3402.08023963  0.99000000
0.48513092  72.00000000  0.17771681  80.00000000  3413.86179108  0.99000000
0.12276499  78.00000000  0.12276499  80.00000000  3402.08023963  0.99000000
0.12276499  78.00000000  0.12276499  80.00000000  3402.08023963  0.99000000
0.15512690  78.00000000  0.15512690  80.00000000  3401.66955736  0.99000000
0.12493543  78.00000000  0.12493543  80.00000000  3402.08966738  0.99000000
0.12276499  78.00000000  0.12276499  80.00000000  3402.08023963  0.99000000
0.03904037  65.00000000  0.02317414  80.00000000  3401.87594471  0.99000000
0.12276499  78.00000000  0.12276499  80.00000000  3402.08023963  0.99000000
0.02483335  62.00000000  0.02095987  80.00000000  3401.75945976  0.99000000
0.00799115  72.00000000  0.00061868  80.00000000  3189.72886078  0.99000000
0.07039362  76.00000000  0.06267628  80.00000000  3360.03710658  0.99000000
0.11875863  78.00000000  0.11875863  80.00000000  3402.07945518  0.99000000
0.12276499  78.00000000  0.12276499  80.00000000  3402.08023963  0.99000000
0.12185198  78.00000000  0.12185198  80.00000000  3402.09081814  0.99000000
0.05769366  66.00000000  0.05672530  80.00000000  3402.07444652  0.99000000
0.21911530  78.00000000  0.21911530  80.00000000  3403.05433728  0.99000000
0.06827821  77.00000000  0.05265125  80.00000000  3401.97374168  0.99000000
0.12276499  78.00000000  0.12276499  80.00000000  3402.08023963  0.99000000
0.12276499  78.00000000  0.12276499  80.00000000  3402.08023963  0.99000000
0.12276499  78.00000000  0.12276499  80.00000000  3402.08023963  0.99000000
0.12276499  78.00000000  0.12276499  80.00000000  3402.08023963  0.99000000
0.12477827  78.00000000  0.12477827  80.00000000  3402.09410589  0.99000000
0.12276499  78.00000000  0.12276499  80.00000000  3402.08023963  0.99000000
0.12276499  78.00000000  0.12276499  80.00000000  3402.08023963  0.99000000
0.12276499  78.00000000  0.12276499  80.00000000  3402.08023963  0.99000000
0.14177468  78.00000000  0.14177468  80.00000000  3403.30271903  0.99000000
0.12276499  78.00000000  0.12276499  80.00000000  3402.08023963  0.99000000
0.12276499  78.00000000  0.12276499  80.00000000  3402.08023963  0.99000000
0.12276499  78.00000000  0.12276499  80.00000000  3402.08023963  0.99000000
0.08812761  78.00000000  0.08812761  80.00000000  3398.37845183  0.99000000
0.12276499  78.00000000  0.12276499  80.00000000  3402.08023963  0.99000000
0.03380977  69.00000000  0.03340598  80.00000000  3073.06824441  0.99000000
0.15335459  78.00000000  0.15335459  80.00000000  3402.31002059  0.99000000
0.46401551  77.00000000  0.45660287  80.00000000  3331.64304435  0.99000000
0.20614304  68.00000000  0.03275391  80.00000000  3405.27547984  0.99000000
0.12798100  78.00000000  0.12798100  80.00000000  3402.09456369  0.99000000
0.07489272  68.00000000  0.05220335  80.00000000  3232.01340820  0.99000000
0.12276499  78.00000000  0.12276499  80.00000000  3402.08023963  0.99000000
0.12276499  78.00000000  0.12276499  80.00000000  3402.08023963  0.99000000
0.12278438  78.00000000  0.12278438  80.00000000  3402.08042383  0.99000000
0.12276499  78.00000000  0.12276499  80.00000000  3402.08023963  0.99000000
0.24011318  75.00000000  0.18820164  80.00000000  3408.99652699  0.99000000
0.11648950  78.00000000  0.11648950  80.00000000  3401.42495571  0.99000000
0.13118137  69.00000000  0.05841206  80.00000000  3403.38948229  0.99000000
0.12276499  78.00000000  0.12276499  80.00000000  3402.08023963  0.99000000
0.12276499  78.00000000  0.12276499  80.00000000  3402.08023963  0.99000000
0.12276499  78.00000000  0.12276499  80.00000000  3402.08023963  0.99000000
0.12276499  78.00000000  0.12276499  80.00000000  3402.08023963  0.99000000
0.12276499  78.00000000  0.12276499  80.00000000  3402.08023963  0.99000000
0.12276499  78.00000000  0.12276499  80.00000000  3402.08023963  0.99000000
0.12176940  78.00000000  0.12176940  80.00000000  3402.09652245  0.99000000
0.11716241  78.00000000  0.11716241  80.00000000  3389.62999270  0.99000000
0.12276499  78.00000000  0.12276499  80.00000000  3402.08023963  0.99000000
0.05773331  67.00000000  0.04774350  80.00000000  3402.11261817  0.99000000
0.12276499  78.00000000  0.12276499  80.00000000  3402.08023963  0.99000000
0.12276499  78.00000000  0.12276499  80.00000000  3402.08023963  0.99000000
0.12276499  78.00000000  0.12276499  80.00000000  3402.08023963  0.99000000
0.12276499  78.00000000  0.12276499  80.00000000  3402.08023963  0.99000000
0.03931649  65.00000000  0.00193958  80.00000000  3401.86768770  0.99000000
0.12741946  78.00000000  0.12741946  80.00000000  3402.65715609  0.99000000
0.24457815  61.00000000  0.21348674  80.00000000  4151.74990737  0.99000000
0.03904037  65.00000000  0.01667719  80.00000000  3401.86245988  0.99000000
0.12276499  78.00000000  0.12276499  80.00000000  3402.08023963  0.99000000
0.12660858  78.00000000  0.12660858  80.00000000  3402.32980910  0.99000000
0.12330623  78.00000000  0.12330623  80.00000000  3402.13058017  0.99000000
0.11290255  78.00000000  0.11290255  80.00000000  3410.50458843  0.99000000
0.12285164  78.00000000  0.12285164  80.00000000  3402.07762901  0.99000000
0.12276498  78.00000000  0.12276498  80.00000000  3402.08030588  0.99000000
0.12276499  78.00000000  0.12276499  80.00000000  3402.08023963  0.99000000
0.12276499  78.00000000  0.12276499  80.00000000  3402.08023963  0.99000000
0.12276392  78.00000000  0.12276392  80.00000000  3402.08022887  0.99000000
0.12276499  78.00000000  0.12276499  80.00000000  3402.08023963  0.99000000
0.12276499  78.00000000  0.12276499  80.00000000  3402.08023963  0.99000000
0.09876994  78.00000000  0.09876994  80.00000000  3402.01966221  0.99000000
0.04147597  75.00000000  0.03241994  80.00000000  2381.83443251  0.99000000
0.12260360  78.00000000  0.12260360  80.00000000  3402.08576864  0.99000000
0.06220502  78.00000000  0.06220502  80.00000000  3401.94049463  0.99000000
0.07310064  65.00000000  0.02566169  80.00000000  3365.27124538  0.99000000
0.12276499  78.00000000  0.12276499  80.00000000  3402.08023963  0.99000000
0.20584561  78.00000000  0.20584561  80.00000000  3402.63239929  0.99000000
0.12276499  78.00000000  0.12276499  80.00000000  3402.08023963  0.99000000
0.12276499  78.00000000  0.12276499  80.00000000  3402.08023963  0.99000000
0.06525392  69.00000000  0.01901502  80.00000000  3402.64716860  0.99000000
0.12276499  78.00000000  0.12276499  80.00000000  3402.08023963  0.99000000
0.12276499  78.00000000  0.12276499  80.00000000  3402.08023963  0.99000000
0.12276499  78.00000000  0.12276499  80.00000000  3402.08023963  0.99000000
0.12276217  78.00000000  0.12276217  80.00000000  3402.08084127  0.99000000
0.04681476  69.00000000  0.02659568  80.00000000  3399.29142440  0.99000000
0.10341279  66.00000000  0.02845713  80.00000000  3368.24815031  0.99000000
0.12276499  78.00000000  0.12276499  80.00000000  3402.08023963  0.99000000
0.20863440  76.00000000  0.18983420  80.00000000  3403.31970153  0.99000000
0.12276499  78.00000000  0.12276499  80.00000000  3402.08023963  0.99000000
0.13075485  78.00000000  0.13075485  80.00000000  3402.12810154  0.99000000
0.12276499  78.00000000  0.12276499  80.00000000  3402.08023963  0.99000000
0.23657632  64.00000000  0.08401112  80.00000000  3417.86983428  0.99000000
0.12276499  78.00000000  0.12276499  80.00000000  3402.08023963  0.99000000
0.08566902  64.00000000  0.07411200  80.00000000  3426.55477697  0.99000000
0.12276499  78.00000000  0.12276499  80.00000000  3402.08023963  0.99000000
0.12275186  78.00000000  0.12275186  80.00000000  3402.08391005  0.99000000
0.04250689  78.00000000  0.04250689  80.00000000  3349.70973210  0.99000000
0.12275391  78.00000000  0.12275391  80.00000000  3402.07819826  0.99000000
0.06840337  78.00000000  0.06840337  80.00000000  3401.95517989  0.99000000
0.12276499  78.00000000  0.12276499  80.00000000  3402.08023963  0.99000000
0.12276499  78.00000000  0.12276499  80.00000000  3402.08023963  0.99000000
0.14447973  63.00000000  0.03589793  80.00000000  3243.30803939  0.99000000
0.12276499  78.00000000  0.12276499  80.00000000  3402.08023963  0.99000000
0.12276499  78.00000000  0.12276499  80.00000000  3402.08023963  0.99000000
0.12276499  78.00000000  0.12276499  80.00000000  3402.08023963  0.99000000
0.12276499  78.00000000  0.12276499  80.00000000  3402.08023963  0.99000000
0.12276499  78.00000000  0.12276499  80.00000000  3402.08023963  0.99000000
0.12276499  78.00000000  0.12276499  80.00000000  3402.08023963  0.99000000
0.11981018  78.00000000  0.11981018  80.00000000  3402.05792774  0.99000000
0.09114115  66.00000000  0.02238121  80.00000000  3407.23194627  0.99000000
0.09135000  77.00000000  0.08931550  80.00000000  3402.25875216  0.99000000
0.09770064  78.00000000  0.09770064  80.00000000  3400.52828217  0.99000000
0.12276499  78.00000000  0.12276499  80.00000000  3402.08023963  0.99000000
0.14490577  61.00000000  0.05389323  80.00000000  4183.15116700  0.99000000
0.12276499  78.00000000  0.12276499  80.00000000  3402.08023963  0.99000000
0.12263285  78.00000000  0.12263285  80.00000000  3402.08177668  0.99000000
0.26896287  75.00000000  0.21461736  80.00000000  3409.09284735  0.99000000
0.12285164  78.00000000  0.12285164  80.00000000  3402.07762901  0.99000000
0.15437020  78.00000000  0.15437020  80.00000000  3329.40551860  0.99000000
0.12276499  78.00000000  0.12276499  80.00000000  3402.08023963  0.99000000
0.12276499  78.00000000  0.12276499  80.00000000  3402.08023963  0.99000000
0.12276499  78.00000000  0.12276499  80.00000000  3402.08023963  0.99000000
0.12185415  78.00000000  0.12185415  80.00000000  3402.08241162  0.99000000
0.32327092  76.00000000  0.29913595  80.00000000  3276.08265376  0.99000000
0.10256549  78.00000000  0.10256549  80.00000000  3402.56425320  0.99000000
0.17677732  77.00000000  0.16643463  80.00000000  3403.07058512  0.99000000
0.12276499  78.00000000  0.12276499  80.00000000  3402.08023963  0.99000000
0.12276499  78.00000000  0.12276499  80.00000000  3402.08023963  0.99000000
0.12276499  78.00000000  0.12276499  80.00000000  3402.08023963  0.99000000
0.14219410  61.00000000  0.05250548  80.00000000  4182.78616016  0.99000000
0.12276499  78.00000000  0.12276499  80.00000000  3402.08023963  0.99000000
0.07395282  78.00000000  0.07395282  80.00000000  3115.42890420  0.99000000
0.16313112  68.00000000  0.04112692  80.00000000  3404.01859463  0.99000000
0.12276499  78.00000000  0.12276499  80.00000000  3402.08023963  0.99000000
0.12276499  78.00000000  0.12276499  80.00000000  3402.08023963  0.99000000
0.07442663  68.00000000  0.03177420  80.00000000  3313.26544405  0.99000000
0.12276499  78.00000000  0.12276499  80.00000000  3402.08023963  0.99000000
0.12276499  78.00000000  0.12276499  80.00000000  3402.08023963  0.99000000
0.03904037  65.00000000  0.03653752  80.00000000  3401.89067232  0.99000000
0.23031725  78.00000000  0.23031725  80.00000000  3358.56274175  0.99000000
0.29708164  78.00000000  0.29708164  80.00000000  3280.19321696  0.99000000
0.12276499  78.00000000  0.12276499  80.00000000  3402.08023963  0.99000000
0.12276499  78.00000000  0.12276499  80.00000000  3402.08023963  0.99000000
0.12276499  78.00000000  0.12276499  80.00000000  3402.08023963  0.99000000
0.01467611  62.00000000  0.01277160  80.00000000  3401.70276276  0.99000000
0.07950243  77.00000000  0.07755749  80.00000000  3402.06430718  0.99000000
0.12276576  78.00000000  0.12276576  80.00000000  3402.08113694  0.99000000
0.12276499  78.00000000  0.12276499  80.00000000  3402.08023963  0.99000000
0.19452359  76.00000000  0.16383911  80.00000000  3403.16940164  0.99000000
0.12276499  78.00000000  0.12276499  80.00000000  3402.08023963  0.99000000
0.31592890  76.00000000  0.28052060  80.00000000  3407.60459733  0.99000000
0.12276499  78.00000000  0.12276499  80.00000000  3402.08023963  0.99000000
0.12276499  78.00000000  0.12276499  80.00000000  3402.08023963  0.99000000
0.12276499  78.00000000  0.12276499  80.00000000  3402.08023963  0.99000000
0.15423676  78.00000000  0.15423676  80.00000000  3402.39096656  0.99000000
0.12276499  78.00000000  0.12276499  80.00000000  3402.08023963  0.99000000
0.12276499  78.00000000  0.12276499  80.00000000  3402.08023963  0.99000000
0.12276499  78.00000000  0.12276499  80.00000000  3402.08023963  0.99000000
0.12276499  78.00000000  0.12276499  80.00000000  3402.08023963  0.99000000
0.03589613  68.00000000  0.02063799  80.00000000  3202.57827341  0.99000000
0.12276499  78.00000000  0.12276499  80.00000000  3402.08023963  0.99000000
0.12276499  78.00000000  0.12276499  80.00000000  3402.08023963  0.99000000
0.13252376  74.00000000  0.10371538  80.00000000  3400.69052065  0.99000000
0.12276499  78.00000000  0.12276499  80.00000000  3402.08023963  0.99000000
0.12276499  78.00000000  0.12276499  80.00000000  3402.08023963  0.99000000
0.12276499  78.00000000  0.12276499  80.00000000  3402.08023963  0.99000000
0.12267736  78.00000000  0.12267736  80.00000000  3401.77255799  0.99000000
0.12276499  78.00000000  0.12276499  80.00000000  3402.08023963  0.99000000
0.12276499  78.00000000  0.12276499  80.00000000  3402.08023963  0.99000000
0.08745381  78.00000000  0.08745381  80.00000000  3401.99933358  0.99000000
0.12260723  78.00000000  0.12260723  80.00000000  3403.32686222  0.99000000
0.12276499  78.00000000  0.12276499  80.00000000  3402.08023963  0.99000000
0.18216091  78.00000000  0.18216091  80.00000000  3402.40894451  0.99000000
0.03904037  65.00000000  0.00956512  80.00000000  3401.86117341  0.99000000
0.00974966  69.00000000  0.00465337  80.00000000  3350.07389369  0.99000000
0.08768613  78.00000000  0.08768613  80.00000000  3401.98973785  0.99000000
0.27722207  78.00000000  0.27722207  80.00000000  3404.01924250  0.99000000
0.03904037  65.00000000  0.01229786  80.00000000  3401.86535135  0.99000000
0.12276499  78.00000000  0.12276499  80.00000000  3402.08023963  0.99000000
0.14607948  78.00000000  0.14607948  80.00000000  3329.89429573  0.99000000
0.12276499  78.00000000  0.12276499  80.00000000  3402.08023963  0.99000000
0.08512532  78.00000000  0.08512532  80.00000000  3401.84467082  0.99000000
0.02483335  62.00000000  0.02095987  80.00000000  3401.75945976  0.99000000
0.09571675  78.00000000  0.09571675  80.00000000  3401.84392827  0.99000000
0.12173745  78.00000000  0.12173745  80.00000000  3402.04854127  0.99000000
0.12285095  78.00000000  0.12285095  80.00000000  3402.08556920  0.99000000
0.12276499  78.00000000  0.12276499  80.00000000  3402.08023963  0.99000000
0.13056251  78.00000000  0.13056251  80.00000000  3402.11187185  0.99000000
0.07918305  74.00000000  0.04827057  80.00000000  3130.85334095  0.99000000
0.12276499  78.00000000  0.12276499  80.00000000  3402.08023963  0.99000000
0.12276499  78.00000000  0.12276499  80.00000000  3402.08023963  0.99000000
0.07612592  66.00000000  0.00567249  80.00000000  3405.64641179  0.99000000
0.12260723  78.00000000  0.12260723  80.00000000  3403.32686222  0.99000000
0.12276499  78.00000000  0.12276499  80.00000000  3402.08023963  0.99000000
0.19030196  65.00000000  0.06552142  80.00000000  3254.18529348  0.99000000
0.14857636  70.00000000  0.09088660  80.00000000  3079.92751483  0.99000000
0.12010621  78.00000000  0.12010621  80.00000000  3402.10859329  0.99000000
0.33478347  75.00000000  0.27073639  80.00000000  3408.69710524  0.99000000
0.12185121  78.00000000  0.12185121  80.00000000  3402.08045506  0.99000000
0.12276499  78.00000000  0.12276499  80.00000000  3402.08023963  0.99000000
0.12276499  78.00000000  0.12276499  80.00000000  3402.08023963  0.99000000
0.00648570  78.00000000  0.00648570  80.00000000  2821.37560459  0.99000000
0.12276499  78.00000000  0.12276499  80.00000000  3402.08023963  0.99000000
0.12276499  78.00000000  0.12276499  80.00000000  3402.08023963  0.99000000
0.13081723  78.00000000  0.13081723  80.00000000  3395.73176506  0.99000000
0.12276499  78.00000000  0.12276499  80.00000000  3402.08023963  0.99000000
0.04451531  67.00000000  0.04094180  80.00000000  3403.60490123  0.99000000
0.03962781  65.00000000  0.01621498  80.00000000  3401.90031582  0.99000000
0.07361578  78.00000000  0.07361578  80.00000000  3401.96213994  0.99000000
0.08153738  78.00000000  0.08153738  80.00000000  3402.35481112  0.99000000
0.12276499  78.00000000  0.12276499  80.00000000  3402.08023963  0.99000000
0.12273566  78.00000000  0.12273566  80.00000000  3402.09193977  0.99000000
0.12276559  78.00000000  0.12276559  80.00000000  3402.08060915  0.99000000
0.12276499  78.00000000  0.12276499  80.00000000  3402.08023963  0.99000000
0.12276499  78.00000000  0.12276499  80.00000000  3402.08023963  0.99000000
0.12276499  78.00000000  0.12276499  80.00000000  3402.08023963  0.99000000
0.12276499  78.00000000  0.12276499  80.00000000  3402.08023963  0.99000000
0.17450141  78.00000000  0.17450141  80.00000000  3404.27266427  0.99000000
0.15142896  78.00000000  0.15142896  80.00000000  3402.65687157  0.99000000
0.02857627  65.00000000  0.01825984  80.00000000  3401.81488576  0.99000000
0.12784916  78.00000000  0.12784916  80.00000000  3402.11177294  0.99000000
0.12276499  78.00000000  0.12276499  80.00000000  3402.08023963  0.99000000
0.12276499  78.00000000  0.12276499  80.00000000  3402.08023963  0.99000000
0.12278397  78.00000000  0.12278397  80.00000000  3402.05108795  0.99000000
0.12276499  78.00000000  0.12276499  80.00000000  3402.08023963  0.99000000
0.03962781  65.00000000  0.01621498  80.00000000  3401.90031582  0.99000000
0.12276499  78.00000000  0.12276499  80.00000000  3402.08023963  0.99000000
0.12276499  78.00000000  0.12276499  80.00000000  3402.08023963  0.99000000
0.13101558  78.00000000  0.13101558  80.00000000  3390.90870454  0.99000000
0.00216633  78.00000000  0.00216633  80.00000000  2719.56448378  0.99000000
0.13458274  78.00000000  0.13458274  80.00000000  3403.21334180  0.99000000
0.12276499  78.00000000  0.12276499  80.00000000  3402.08023963  0.99000000
0.12276499  78.00000000  0.12276499  80.00000000  3402.08023963  0.99000000
0.12276499  78.00000000  0.12276499  80.00000000  3402.08023963  0.99000000
0.12276499  78.00000000  0.12276499  80.00000000  3402.08023963  0.99000000
0.12185258  78.00000000  0.12185258  80.00000000  3402.10744912  0.99000000
0.07056434  71.00000000  0.06520008  80.00000000  3363.75334698  0.99000000
0.12276499  78.00000000  0.12276499  80.00000000  3402.08023963  0.99000000
0.12276499  78.00000000  0.12276499  80.00000000  3402.08023963  0.99000000
0.04182797  78.00000000  0.04182797  80.00000000  3386.82038406  0.99000000
0.12276499  78.00000000  0.12276499  80.00000000  3402.08023963  0.99000000
0.12276499  78.00000000  0.12276499  80.00000000  3402.08023963  0.99000000
0.12276507  78.00000000  0.12276507  80.00000000  3402.08061431  0.99000000
0.12276499  78.00000000  0.12276499  80.00000000  3402.08023963  0.99000000
0.12276499  78.00000000  0.12276499  80.00000000  3402.08023963  0.99000000
0.09894296  63.00000000  0.04939481  80.00000000  3407.15582675  0.99000000
0.09658554  78.00000000  0.09658554  80.00000000  3402.01848219  0.99000000
0.12276499  78.00000000  0.12276499  80.00000000  3402.08023963  0.99000000
0.26852796  78.00000000  0.26852796  80.00000000  3403.06267688  0.99000000
0.12276499  78.00000000  0.12276499  80.00000000  3402.08023963  0.99000000
0.12276499  78.00000000  0.12276499  80.00000000  3402.08023963  0.99000000
0.12276499  78.00000000  0.12276499  80.00000000  3402.08023963  0.99000000
0.12263285  78.00000000  0.12263285  80.00000000  3402.08177668  0.99000000
0.15124463  78.00000000  0.15124463  80.00000000  3401.89428788  0.99000000
0.00104434  74.00000000  0.00075824  80.00000000  2520.51215374  0.99000000
0.17039003  78.00000000  0.17039003  80.00000000  3983.48379904  0.99000000
0.01453346  51.00000000  0.00284549  80.00000000  2747.78276058  0.99000000
0.00188457  57.00000000  0.00027584  80.00000000  2729.41251704  0.99000000
0.13131496  68.00000000  0.12964801  80.00000000  3190.44586240  0.99000000
0.21949724  77.00000000  0.21342050  80.00000000  3275.24744299  0.99000000
0.37640162  70.00000000  0.07052182  80.00000000  3497.41808542  0.99000000
0.16432137  62.00000000  0.04035485  80.00000000  4098.25458756  0.99000000
0.14279417  67.00000000  0.00566966  80.00000000  3918.91094931  0.99000000
0.32557855  62.00000000  0.03324334  80.00000000  4123.45116122  0.99000000
0.06082623  76.00000000  0.03865961  80.00000000  3280.19118856  0.99000000
0.00264083  74.00000000  0.00178928  80.00000000  1873.35138459  0.99000000
0.00423998  70.00000000  0.00345968  80.00000000  2003.18956216  0.99000000
0.02142084  61.00000000  0.00815032  80.00000000  2009.04764130  0.99000000
0.01024507  71.00000000  0.00203143  80.00000000  2014.27767698  0.99000000
0.00157334  78.00000000  0.00157334  80.00000000  2818.95965353  0.99000000
0.00938378  57.00000000  0.00222585  80.00000000  4181.22649912  0.99000000
0.71085342  61.00000000  0.33695320  80.00000000  4270.82757066  0.99000000
0.28034160  58.00000000  0.14616456  80.00000000  4100.29395894  0.99000000
0.00003077  78.00000000  0.00003077  80.00000000  1843.30615215  0.99000000
0.04418733  69.00000000  0.01701968  80.00000000  2235.67000599  0.99000000
0.69172503  61.00000000  0.04264588  80.00000000  4259.18342001  0.99000000
0.40644327  70.00000000  0.14965834  80.00000000  3734.19079571  0.99000000
0.02457835  78.00000000  0.02457835  80.00000000  3584.64140469  0.99000000
0.68813502  61.00000000  0.14919658  80.00000000  4246.95083533  0.99000000
0.71353311  61.00000000  0.01872234  80.00000000  4090.63665171  0.99000000
0.80284006  62.00000000  0.07441841  80.00000000  4275.77631936  0.99000000
0.00068861  73.00000000  0.00067840  80.00000000  1912.41461234  0.99000000
0.00199621  69.00000000  0.00175465  80.00000000  4034.30947703  0.99000000
0.15975698  65.00000000  0.10684062  80.00000000  4181.87372488  0.99000000
0.34608615  66.00000000  0.08685504  80.00000000  4226.44069906  0.99000000
0.69661824  61.00000000  0.18519414  80.00000000  4250.87984167  0.99000000
0.14156460  68.00000000  0.00417293  80.00000000  3991.39100332  0.99000000
0.68809303  61.00000000  0.14852823  80.00000000  4241.47704631  0.99000000
0.76001695  62.00000000  0.02101206  80.00000000  4273.11590102  0.99000000
0.77993562  61.00000000  0.19069594  80.00000000  4282.50370095  0.99000000
0.72479557  61.00000000  0.04149221  80.00000000  4259.82434020  0.99000000
0.75031618  62.00000000  0.01115372  80.00000000  4266.69465519  0.99000000
0.08247201  68.00000000  0.02457983  80.00000000  4203.60137539  0.99000000
0.63831676  60.00000000  0.19334583  80.00000000  4229.67153145  0.99000000
0.16270431  77.00000000  0.15995742  80.00000000  3554.35896800  0.99000000
0.16989486  72.00000000  0.08043477  80.00000000  4132.24610340  0.99000000
0.02204593  51.00000000  0.00099304  80.00000000  4151.04858710  0.99000000
0.00798322  55.00000000  0.00189858  80.00000000  4153.80119442  0.99000000
0.15077299  76.00000000  0.13711949  80.00000000  4199.77957930  0.99000000
0.31071263  59.00000000  0.11216033  80.00000000  3559.28131040  0.99000000
0.12173369  78.00000000  0.12173369  80.00000000  4091.55809711  0.99000000
0.70217082  61.00000000  0.05475370  80.00000000  4240.20256145  0.99000000
0.14554540  78.00000000  0.14554540  80.00000000  4143.41094016  0.99000000
0.70666149  61.00000000  0.07581785  80.00000000  4243.96187371  0.99000000
0.01323645  78.00000000  0.01323645  80.00000000  4165.33988245  0.99000000
0.31093895  60.00000000  0.03035120  80.00000000  4189.82115270  0.99000000
0.02027815  49.00000000  0.01928396  80.00000000  4206.69123622  0.99000000
0.25526005  58.00000000  0.01770708  80.00000000  4200.77033034  0.99000000
0.42674869  57.00000000  0.05463141  80.00000000  4248.49711947  0.99000000
0.00229959  78.00000000  0.00229959  80.00000000  4217.74745999  0.99000000
0.00914876  52.00000000  0.00286619  80.00000000  3924.25489239  0.99000000
0.01354497  48.00000000  0.01056437  80.00000000  4117.11350063  0.99000000
0.00507045  73.00000000  0.00327524  80.00000000  4096.46074594  0.99000000
0.05054389  76.00000000  0.04995689  80.00000000  4175.76959949  0.99000000
0.65005089  64.00000000  0.63235619  80.00000000  4228.81388599  0.99000000
0.40816024  67.00000000  0.05080086  80.00000000  4241.11415347  0.99000000
0.72682398  63.00000000  0.14217553  80.00000000  4242.30269172  0.99000000
0.07071614  61.00000000  0.03436277  80.00000000  3921.70461322  0.99000000
0.06101779  70.00000000  0.01229345  80.00000000  4091.98447324  0.99000000
0.17851486  69.00000000  0.02038499  80.00000000  4110.14855612  0.99000000
0.11788523  59.00000000  0.01962729  80.00000000  4149.91414497  0.99000000
0.03921654  59.00000000  0.01923773  80.00000000  3881.10268141  0.99000000
0.74622389  66.00000000  0.02776422  80.00000000  4109.05223927  0.99000000
0.09020491  58.00000000  0.06215153  80.00000000  3784.95570886  0.99000000
0.70815659  61.00000000  0.01134450  80.00000000  4261.15841759  0.99000000
0.07204845  61.00000000  0.00313035  80.00000000  3101.69882320  0.99000000
0.07959422  78.00000000  0.07959422  80.00000000  1823.97239070  0.99000000
0.25543040  70.00000000  0.00522079  80.00000000  3937.74321756  0.99000000
0.34891748  66.00000000  0.00331795  80.00000000  4116.47264436  0.99000000
0.36937652  58.00000000  0.05319541  80.00000000  4153.13323917  0.99000000
0.07257604  52.00000000  0.00516174  80.00000000  3550.68703350  0.99000000
0.55001688  65.00000000  0.09411999  80.00000000  4251.11407188  0.99000000
0.55242211  64.00000000  0.41523245  80.00000000  4219.32421617  0.99000000
0.09006474  69.00000000  0.05498991  80.00000000  4207.87379004  0.99000000
0.26082301  63.00000000  0.02078922  80.00000000  3884.81673481  0.99000000
0.00171439  58.00000000  0.00070115  80.00000000  1832.76716881  0.99000000
0.03126848  78.00000000  0.03126848  80.00000000  2115.69860376  0.99000000
0.76526741  63.00000000  0.00770166  80.00000000  4178.73571176  0.99000000
0.56343015  60.00000000  0.10169138  80.00000000  4246.64281394  0.99000000
0.39165099  56.00000000  0.04222977  80.00000000  4211.42305550  0.99000000
0.05478351  69.00000000  0.00640099  80.00000000  3452.64892342  0.99000000
0.70967020  62.00000000  0.00645097  80.00000000  4109.19719106  0.99000000
0.07276631  65.00000000  0.00118991  80.00000000  2912.91376918  0.99000000
0.47653657  60.00000000  0.04612687  80.00000000  4001.35244391  0.99000000
0.06640059  63.00000000  0.00913292  80.00000000  3447.10699725  0.99000000
0.10454770  61.00000000  0.00235096  80.00000000  3795.85627912  0.99000000
0.07794852  60.00000000  0.02679017  80.00000000  3709.51757746  0.99000000
0.22183537  57.00000000  0.00168632  80.00000000  4076.55542241  0.99000000
0.00514858  56.00000000  0.00036594  80.00000000  3191.36784669  0.99000000
0.07576849  65.00000000  0.00959537  80.00000000  4080.75578718  0.99000000
0.04420342  78.00000000  0.04420342  80.00000000  2195.21217934  0.99000000
0.55286681  61.00000000  0.03694292  80.00000000  3820.19517856  0.99000000
0.14326318  57.00000000  0.00638461  80.00000000  4060.73184201  0.99000000
0.03263544  56.00000000  0.00227032  80.00000000  3885.76109110  0.99000000
0.00016226  78.00000000  0.00016226  80.00000000  3787.65205227  0.99000000
