11
36
36
7
15
8
21
34
35
36
19
12
32
30
15
16
9
21
0
14
20
1
21
10
25
19
10
16
11
2
20
34
22
19
26
3
12
28
3
24
1
1
29
36
4
1
27
0
20
5
30
15
22
31
6
0
3
29
6
17
7
7
27
7
29
24
33
8
32
18
3
25
1
0
9
4
5
20
0
3
26
31
20
20
31
11
21
0
6
32
22
12
31
1
5
5
23
29
12
1
24
14
13
35
24
24
35
8
14
25
15
7
8
16
26
16
7
17
17
8
27
11
10
32
33
28
18
0
7
4
7
29
7
34
19
36
36
34
30
20
9
14
21
31
35
10
22
22
15
16
9
32
33
8
12
23
10
10
0
12
10
12
11
34
7
34
13
26
26
17
35
16
3
15
1
7
8
36
4
28
21
0
5
23
9
16
8
3
25
26
4
29
27
5
30
15
16
7
21
24
13
32
35
1
23
34
35
21
2
4
36
20
25
33
36
5
15
11
36
11
21
11
6
4
35
0
31
1
5
5
35
30
5
2
32
35
34
35
35
20
35
1
14
36
15
0
8
35
9
10
13
30
35
2
36
36
32
34
36
28
35
34
35
13
35
31
7
16
