20
19
27
21
16
21
30
26
15
18
18
25
12
14
18
21
0
9
35
19
23
1
10
19
23
33
26
11
2
2
2
30
35
35
22
3
20
3
33
3
30
4
4
20
4
25
14
26
5
29
5
29
5
26
15
6
16
27
3
3
2
7
16
33
17
8
8
3
2
29
18
8
3
25
9
5
5
19
3
10
5
36
2
26
11
36
21
32
11
36
12
22
28
3
34
33
35
23
13
32
35
35
35
4
24
9
36
1
1
14
15
25
10
34
4
7
36
11
6
16
35
27
1
9
17
36
28
18
1
2
3
11
14
29
10
19
20
21
30
21
7
14
11
5
1
31
15
14
35
21
32
36
35
19
18
23
10
33
18
33
34
2
0
25
4
18
5
35
25
9
16
3
26
27
26
16
13
2
36
0
15
18
3
29
11
29
29
26
4
6
7
15
18
2
2
32
28
1
32
8
21
33
34
32
36
24
24
32
35
36
18
36
3
10
34
36
4
16
24
36
9
36
36
25
36
11
7
36
34
12
35
4
13
32
35
11
20
4
36
35
36
29
36
34
35
25
31
35
33
32
36
8
0
36
33
35
30
35
17
36
26
36
28
1
12
36
34
9
