6
17
32
8
8
9
13
31
20
11
21
0
21
19
32
33
33
32
26
24
10
1
21
24
19
25
34
11
2
2
2
29
20
19
26
20
3
19
27
21
13
22
4
20
14
32
4
25
15
5
23
15
16
30
26
6
23
26
2
23
25
7
17
17
24
34
18
30
8
36
9
9
19
4
36
5
36
33
10
32
10
5
0
27
11
21
11
22
35
31
11
12
0
28
23
36
13
32
13
36
1
24
14
36
25
14
5
31
15
10
2
6
10
35
6
1
5
27
6
17
3
8
3
5
28
18
5
8
18
29
18
18
5
19
6
7
30
20
8
9
2
31
21
11
21
21
21
21
32
1
13
4
33
0
10
13
7
24
17
14
34
11
3
2
25
1
20
24
26
20
25
22
36
26
13
20
7
20
15
18
28
1
9
0
14
15
20
15
28
0
23
12
21
26
21
7
26
1
30
34
18
33
36
32
10
16
31
35
36
0
36
33
36
32
36
24
29
35
34
36
36
35
35
0
36
10
0
35
36
36
13
36
29
36
25
24
35
31
25
29
13
35
23
1
2
36
10
35
21
35
5
0
35
17
3
35
8
36
9
33
0
35
13
34
18
36
12
36
