30
5
30
35
20
10
34
7
34
10
34
21
16
20
9
26
14
18
9
9
23
1
22
15
24
23
31
11
34
18
2
19
12
36
34
3
36
26
3
27
14
4
14
4
23
1
30
28
5
36
28
5
21
23
6
16
6
24
25
30
27
7
26
24
18
29
27
8
25
26
19
33
9
19
9
36
33
30
1
10
20
31
21
5
31
11
36
11
33
12
28
3
3
36
12
23
13
4
29
1
14
14
24
36
8
0
25
1
25
26
1
15
16
36
26
2
5
31
17
27
16
3
17
3
9
28
8
5
5
18
4
29
19
36
9
20
30
11
20
35
34
7
31
12
21
35
12
1
22
32
14
0
17
13
33
15
23
15
10
1
34
24
34
15
2
15
12
25
35
3
16
26
26
4
36
0
22
6
23
24
3
28
21
5
28
2
0
23
27
7
6
16
12
30
23
7
33
32
34
29
1
15
36
16
7
0
33
36
9
36
33
14
35
10
35
31
35
5
36
11
36
3
33
35
22
33
35
25
34
4
35
4
20
35
14
36
6
36
18
35
24
5
8
35
32
24
29
36
30
29
32
36
17
34
35
35
2
35
5
35
8
35
3
18
35
29
35
36
