14
6
28
35
16
26
7
20
10
26
10
25
36
23
9
24
28
9
26
32
20
20
1
33
0
20
18
20
2
11
2
27
22
18
3
12
13
3
22
26
36
21
20
4
24
36
0
34
21
5
21
35
24
21
21
16
6
16
16
2
23
7
17
28
0
3
30
8
27
18
30
0
24
9
1
24
5
27
36
20
10
31
32
36
21
6
2
21
34
4
7
12
7
31
7
23
31
13
23
7
4
14
34
5
0
14
9
31
25
29
15
26
34
7
5
33
10
10
17
7
5
27
17
10
28
3
12
36
1
36
12
19
7
29
14
11
30
4
11
30
14
13
10
21
31
36
2
6
13
0
32
9
32
23
0
36
1
33
0
19
18
19
14
34
25
34
15
18
17
35
13
35
35
26
19
36
3
18
13
36
18
21
21
4
15
20
8
1
21
16
7
20
12
2
12
7
7
2
0
1
15
13
36
3
2
36
10
33
36
0
5
32
35
34
27
2
32
36
7
22
36
28
34
35
7
35
7
35
17
28
35
30
36
36
3
14
35
3
7
31
25
36
33
29
3
36
21
7
23
35
34
0
35
7
36
26
2
31
35
33
17
36
10
36
12
19
27
35
