30
32
20
30
11
17
21
32
21
33
11
9
11
15
24
12
0
22
9
17
10
1
24
33
32
29
11
23
24
2
22
17
34
12
25
13
3
23
19
26
4
4
34
25
0
34
4
2
5
30
5
0
5
6
6
16
24
6
29
3
17
7
23
0
2
7
8
18
8
24
18
35
9
9
28
9
1
30
20
29
10
20
36
28
34
29
2
6
11
22
30
12
22
4
28
4
35
7
28
13
1
14
24
34
4
4
11
25
11
15
25
0
5
16
26
3
27
16
33
1
27
12
2
32
18
5
28
18
1
8
29
1
1
29
36
19
1
30
11
8
12
13
21
31
11
7
13
15
36
32
22
12
9
0
36
5
33
23
8
2
11
10
18
34
25
25
25
8
25
35
8
22
26
26
12
4
20
36
26
24
25
27
5
20
1
0
18
18
16
24
28
30
29
18
17
31
12
0
2
7
30
35
14
35
35
35
9
33
35
32
1
36
19
36
31
36
36
33
35
36
0
36
1
9
30
35
22
35
31
35
18
33
36
13
1
36
25
34
14
36
11
25
5
36
25
16
17
36
32
16
36
2
33
4
33
35
19
32
33
31
28
14
34
36
20
14
10
16
