31
26
34
14
12
7
7
18
0
19
24
22
14
14
33
14
22
36
23
23
1
19
10
18
1
16
14
2
19
2
11
11
18
19
3
31
3
24
26
20
13
4
25
4
14
21
33
33
30
5
0
36
33
16
30
6
31
26
25
23
34
7
2
17
32
18
8
8
2
27
8
26
9
30
9
33
33
29
33
10
29
35
21
10
28
32
11
22
22
2
3
22
32
12
28
13
13
23
13
1
30
14
36
14
33
8
5
25
5
15
1
26
2
26
36
6
16
4
32
36
8
27
27
18
18
28
18
36
36
19
18
29
34
11
19
2
34
30
30
20
31
35
21
10
35
13
11
14
9
15
22
36
23
23
9
36
19
9
17
24
11
8
19
4
11
25
18
19
3
13
26
1
26
15
15
4
13
9
27
21
0
12
36
5
26
36
4
25
24
16
17
26
25
5
29
28
18
17
32
21
13
26
16
35
32
9
33
36
9
33
36
29
13
11
8
35
21
35
34
36
11
23
22
35
26
35
33
9
35
23
26
23
33
35
33
35
35
11
33
35
5
33
5
35
32
1
34
29
36
31
16
11
28
36
8
14
36
18
28
35
18
36
36
7
35
2
33
36
