15
19
0
20
10
18
11
31
33
34
31
25
36
14
22
19
20
36
26
1
15
23
1
11
36
35
29
26
2
11
19
2
12
33
3
29
3
13
27
36
36
4
31
4
36
0
28
14
14
5
24
19
19
29
1
22
0
29
17
2
7
27
31
7
2
6
8
31
29
8
4
2
28
9
19
32
19
33
10
35
10
20
20
0
11
0
5
11
3
22
31
5
1
3
12
0
23
13
34
29
5
1
24
35
24
5
8
8
15
6
16
31
16
26
2
1
9
36
0
17
17
32
35
28
10
18
10
0
33
18
29
2
29
30
20
19
13
20
4
36
11
31
2
3
11
13
36
14
22
33
32
36
34
4
15
14
36
23
36
7
6
1
14
13
18
1
25
10
20
35
3
13
19
36
36
36
14
18
36
0
28
5
14
2
20
2
23
29
1
16
0
29
18
25
31
26
31
18
2
11
35
15
36
8
35
28
24
33
36
32
33
33
31
35
35
35
33
5
32
35
33
11
26
36
31
30
35
24
28
33
35
23
20
36
8
1
22
35
32
10
26
33
35
17
34
36
29
35
30
35
34
36
33
17
35
23
35
14
34
36
33
0
32
26
36
34
31
30
