30
21
30
14
32
28
10
21
21
22
25
14
22
15
15
9
15
29
23
32
15
10
1
17
18
11
36
18
0
2
11
29
0
21
24
3
19
14
19
3
23
4
22
4
28
25
14
25
5
1
27
5
1
1
6
22
6
16
26
25
7
28
29
36
7
28
8
3
35
8
18
19
27
36
26
35
9
36
10
0
26
10
0
11
11
34
21
7
7
6
12
0
1
34
30
28
12
23
30
8
13
14
34
35
3
2
14
15
25
2
15
35
2
1
26
31
36
4
2
1
17
27
6
11
12
28
18
18
29
6
4
4
19
36
4
35
30
14
0
30
10
21
21
35
31
8
0
15
6
8
2
32
23
6
0
10
11
33
18
24
18
34
0
8
34
14
0
3
24
15
35
10
15
3
5
36
27
6
28
11
10
22
5
1
27
5
15
22
6
0
6
10
23
6
23
31
29
18
5
30
31
36
25
33
36
19
0
23
26
35
1
36
36
0
35
9
35
32
26
34
36
22
21
0
36
0
1
36
24
33
12
35
30
11
13
36
34
35
35
2
36
16
36
0
2
35
5
23
35
31
36
33
5
35
34
7
12
34
28
36
34
18
36
36
8
3
19
36
