10 12 2 0 2 6 9 5 16 11 12 16 2 16 1 3 5 6 6 12 4 7 3 5 13 15 6 6 13 2 12 1 10 13 4 2 12 3 15 10 0 14 14 3 11 13 0 4 2 8 14 4 2 3 3 1 5 5 8 15 15 9 9 9 10 2 8 7 14 4 14 16 3 15 8 12 16 9 15 13
1 5 3 5 12 16 16 14 10 0 5 7 14 11 13 11 3 13 4 6 12 7 14 9 7 5 11 14 7 3 15 7 1 2 16 3 12 13 14 9 9 10 0 15 15 16 12 11 15 16 12 6 5 10 11 2 2 4 14 15 8 1 10 4 1 2 5 12 7 10 1 14 1 9 15 10 1 13 12 2
9 7 7 5 9 3 7 13 11 13 12 11 11 1 14 7 14 2 12 5 2 10 11 7 10 6 4 3 16 9 13 9 8 14 16 3 4 5 3 3 13 14 15 7 4 9 2 0 8 7 0 13 6 13 8 16 14 14 10 15 3 7 6 7 16 11 0 11 10 8 6 1 11 0 1 9 0 0 5 10
6 1 3 6 4 0 12 11 8 9 12 5 12 4 10 4 1 10 9 5 13 2 16 2 16 2 7 15 2 4 9 3 2 15 15 16 0 10 9 6 0 6 12 6 0 8 8 14 16 2 15 15 2 6 10 12 5 11 2 0 4 10 9 4 6 11 6 14 12 0 12 0 16 14 0 5 9 11 10 3
2 13 5 10 16 8 13 7 12 15 16 16 2 3 7 10 1 15 12 7 6 3 10 2 4 3 12 10 4 16 6 12 3 3 14 12 7 15 13 2 16 13 6 0 7 5 1 13 8 11 8 4 14 2 4 15 3 6 11 6 11 10 1 0 11 12 8 7 0 7 4 9 15 3 6 14 9 12 16 7
10 16 4 11 15 6 6 2 7 11 1 7 8 1 11 13 1 9 13 8 7 10 2 14 3 1 8 7 15 8 16 3 15 2 9 0 7 9 11 9 1 0 13 6 12 11 6 14 5 15 0 6 3 15 16 3 15 0 4 14 4 1 3 4 6 9 11 9 1 6 9 0 12 12 9 14 6 1 8 1
5 11 8 11 15 7 13 7 16 7 2 8 10 0 4 8 0 15 0 15 16 3 3 8 0 0 0 10 14 16 11 11 11 8 13 5 6 3 13 6 3 6 14 2 4 16 10 13 12 3 7 2 7 10 8 13 6 3 13 4 13 8 5 2 10 6 0 16 8 4 8 13 5 14 16 11 11 4 0 0
7 4 6 9 10 1 10 8 16 16 9 9 13 9 9 4 3 5 3 15 4 13 3 10 16 9 11 8 0 12 16 6 2 14 4 3 15 8 9 15 5 13 13 0 5 9 1 7 15 0 7 10 6 0 11 12 4 8 0 1 11 5 15 2 3 11 13 1 12 0 11 15 9 7 9 15 5 10 0 0
10 7 12 12 10 9 6 1 11 6 14 12 0 4 1 1 11 1 5 6 6 10 16 15 9 8 2 16 14 15 13 14 0 5 2 3 8 15 7 5 13 6 0 7 3 6 3 0 16 0 0 2 4 13 5 9 1 16 9 10 3 11 6 0 7 10 0 9 8 8 8 5 8 3 4 1 13 4 11 8
16 13 0 4 4 13 7 0 5 4 4 8 11 7 13 15 9 2 6 14 7 10 16 14 3 14 14 2 14 10 12 16 4 7 9 4 13 7 14 15 8 3 3 1 2 2 13 12 1 0 6 1 4 4 14 6 11 2 13 12 0 0 10 3 7 14 10 14 1 3 3 2 12 11 8 3 3 1 12 13
