# Results obtained using DQN. CPU time: 15.949736595153809
0.00315776  78.00000000  0.00315776  80.00000000  1789.02020383  0.00000000
0.00010387  51.00000000  0.00008773  80.00000000  1512.55782268  0.00000000
0.00004764  66.00000000  0.00000381  80.00000000  1381.88207321  0.00000000
0.00197209  78.00000000  0.00197209  80.00000000  1657.50736168  0.00000000
0.03337116  72.00000000  0.01531936  80.00000000  2622.51935018  0.00000000
0.00471967  78.00000000  0.00471967  80.00000000  1803.99136361  0.00000000
0.00446928  73.00000000  0.00220296  80.00000000  1508.03524645  0.00058932
0.00463066  64.00000000  0.00128011  80.00000000  2440.27377161  0.00144652
0.00457099  75.00000000  0.00417553  80.00000000  2493.91535045  0.00230372
0.00003020  78.00000000  0.00003020  80.00000000  1344.53863311  0.00316091
0.02358513  78.00000000  0.02358513  80.00000000  3254.54411622  0.00401811
0.00172024  78.00000000  0.00172024  80.00000000  2213.85015330  0.00487531
0.00037695  65.00000000  0.00014224  80.00000000  2064.83192263  0.00573250
0.01073973  73.00000000  0.00242587  80.00000000  2673.06258134  0.00658970
0.00282869  58.00000000  0.00089101  80.00000000  2705.68694207  0.00744690
0.00016101  78.00000000  0.00016101  80.00000000  2087.62704818  0.00830409
0.00020162  67.00000000  0.00017631  80.00000000  2745.32337015  0.00916129
0.00364867  78.00000000  0.00364867  80.00000000  2564.05433379  0.01001849
0.00072653  75.00000000  0.00025933  80.00000000  2219.76154389  0.01087568
0.00057306  67.00000000  0.00006889  80.00000000  2208.79898303  0.01173288
0.00020973  75.00000000  0.00001869  80.00000000  1793.64214107  0.01259008
0.00650614  75.00000000  0.00571739  80.00000000  2677.18356972  0.01344727
0.00217586  78.00000000  0.00217586  80.00000000  1557.62839584  0.01430447
0.02965691  77.00000000  0.02961071  80.00000000  1643.64260016  0.01516167
0.00049763  76.00000000  0.00043661  80.00000000  1949.90489196  0.01601886
0.00051799  77.00000000  0.00050213  80.00000000  1917.69302345  0.01687606
0.00696373  59.00000000  0.00045685  80.00000000  2984.36900904  0.01773326
0.00064395  72.00000000  0.00004066  80.00000000  1938.25232223  0.01859045
0.00136999  73.00000000  0.00111459  80.00000000  2397.11322726  0.01944765
0.00444322  70.00000000  0.00086354  80.00000000  1545.91531647  0.02030485
0.00074257  75.00000000  0.00066662  80.00000000  1766.75284724  0.02116204
0.00180596  65.00000000  0.00108860  80.00000000  2082.06884530  0.02201924
0.02383307  75.00000000  0.01776001  80.00000000  2197.17851205  0.02287644
0.00011563  78.00000000  0.00011563  80.00000000  1612.85442419  0.02373363
0.00144223  74.00000000  0.00024575  80.00000000  2343.63321207  0.02459083
0.00386054  78.00000000  0.00386054  80.00000000  1969.17633131  0.02544803
0.00104028  78.00000000  0.00104028  80.00000000  1550.32937705  0.02630522
0.00002465  55.00000000  0.00000641  80.00000000  1464.46736372  0.02716242
0.00089238  77.00000000  0.00086854  80.00000000  2880.39846616  0.02801962
0.00311646  78.00000000  0.00311646  80.00000000  2916.07592183  0.02887681
0.00077949  72.00000000  0.00022572  80.00000000  2280.85845706  0.02973401
0.00732971  73.00000000  0.00129506  80.00000000  2785.91591411  0.03059121
0.00732726  76.00000000  0.00349458  80.00000000  2751.91337358  0.03144840
0.00077239  71.00000000  0.00044190  80.00000000  2170.85336174  0.03230560
0.00094180  78.00000000  0.00094180  80.00000000  1477.37627104  0.03316280
0.00086076  57.00000000  0.00078619  80.00000000  1611.06171379  0.03401999
0.00067377  78.00000000  0.00067377  80.00000000  2189.23506714  0.03487719
0.00286626  78.00000000  0.00286626  80.00000000  2500.57007269  0.03573439
0.00238283  78.00000000  0.00238283  80.00000000  2260.09448756  0.03659159
0.00018906  70.00000000  0.00015971  80.00000000  1307.06184530  0.03744878
0.00057144  76.00000000  0.00042184  80.00000000  2404.76844776  0.03830598
0.00294770  78.00000000  0.00294770  80.00000000  2521.10572114  0.03916318
0.00231155  57.00000000  0.00019410  80.00000000  2315.99417826  0.04002037
0.00779840  78.00000000  0.00779840  80.00000000  1843.87740842  0.04087757
0.00295153  77.00000000  0.00213843  80.00000000  2029.09801230  0.04173477
0.00007883  78.00000000  0.00007883  80.00000000  1372.61229490  0.04259196
0.00083440  78.00000000  0.00083440  80.00000000  2091.61503678  0.04344916
0.00175426  78.00000000  0.00175426  80.00000000  1585.80480672  0.04430636
0.00075307  57.00000000  0.00052036  80.00000000  1622.71194457  0.04516355
0.00096257  78.00000000  0.00096257  80.00000000  2220.48695799  0.04602075
0.00399524  77.00000000  0.00343764  80.00000000  1834.72894788  0.04687795
0.00004945  75.00000000  0.00003909  80.00000000  1592.74416882  0.04773514
0.01082180  70.00000000  0.00889331  80.00000000  2471.91475998  0.04859234
0.01401630  76.00000000  0.01201178  80.00000000  2437.92651918  0.04944954
0.00035451  78.00000000  0.00035451  80.00000000  1349.27893839  0.05030673
0.00048625  76.00000000  0.00042485  80.00000000  1937.88179689  0.05116393
0.00594865  69.00000000  0.00259983  80.00000000  3113.15508868  0.05202113
0.03716876  78.00000000  0.03716876  80.00000000  2244.84309744  0.05287832
0.00194401  76.00000000  0.00176804  80.00000000  2083.78438266  0.05373552
0.00035388  72.00000000  0.00014198  80.00000000  2745.52234114  0.05459272
0.00379993  61.00000000  0.00328406  80.00000000  2343.58421379  0.05544991
0.00059834  78.00000000  0.00059834  80.00000000  2231.78355115  0.05630711
0.00987776  62.00000000  0.00458552  80.00000000  1967.28202006  0.05716431
0.00045255  61.00000000  0.00026922  80.00000000  2188.43766776  0.05802150
0.00003385  77.00000000  0.00002636  80.00000000  1479.54751116  0.05887870
0.00014569  78.00000000  0.00014569  80.00000000  1853.19397941  0.05973590
0.00052731  78.00000000  0.00052731  80.00000000  1712.75850822  0.06059309
0.00091862  78.00000000  0.00091862  80.00000000  1806.26542847  0.06145029
0.00005973  75.00000000  0.00002264  80.00000000  1897.84262833  0.06230749
0.00128894  63.00000000  0.00019656  80.00000000  2508.52909675  0.06316468
0.00089790  74.00000000  0.00056321  80.00000000  1477.38817215  0.06402188
0.00100186  78.00000000  0.00100186  80.00000000  1718.46306769  0.06487908
0.00069317  78.00000000  0.00069317  80.00000000  3324.67891134  0.06573627
0.00090390  78.00000000  0.00090390  80.00000000  1895.25671948  0.06659347
0.00161132  78.00000000  0.00161132  80.00000000  2585.05203897  0.06745067
0.00295514  78.00000000  0.00295514  80.00000000  1709.66513376  0.06830786
0.00058556  76.00000000  0.00040185  80.00000000  2387.89985791  0.06916506
0.00033743  74.00000000  0.00003641  80.00000000  1573.37332331  0.07002226
0.00015795  78.00000000  0.00015795  80.00000000  2149.82084933  0.07087945
0.00235838  64.00000000  0.00159909  80.00000000  3330.76784831  0.07173665
0.00021585  78.00000000  0.00021585  80.00000000  1814.68729449  0.07259385
0.00148130  78.00000000  0.00148130  80.00000000  2555.49818882  0.07345104
0.01129755  76.00000000  0.01056698  80.00000000  2523.58770108  0.07430824
0.00033533  63.00000000  0.00009951  80.00000000  2053.22403303  0.07516544
0.00037363  78.00000000  0.00037363  80.00000000  1715.81069799  0.07602263
0.00029752  67.00000000  0.00000432  80.00000000  1407.01279485  0.07687983
0.00100415  77.00000000  0.00042559  80.00000000  2455.91503281  0.07773703
0.00171302  78.00000000  0.00171302  80.00000000  3353.89038807  0.07859422
0.00690550  77.00000000  0.00684455  80.00000000  1703.32958144  0.07945142
0.00139962  78.00000000  0.00139962  80.00000000  1816.73615857  0.08030862
0.00306393  78.00000000  0.00306393  80.00000000  2188.70521334  0.08116581
