10
9
19
20
28
36
10
31
8
21
33
33
22
33
13
22
13
17
29
1
1
1
1
10
1
1
24
2
2
2
36
2
0
2
3
3
3
15
3
3
33
4
4
4
14
23
21
5
15
5
5
16
15
6
36
6
6
4
2
4
7
7
32
30
18
30
8
18
8
29
31
5
9
9
35
25
31
20
4
10
5
7
21
11
11
7
35
8
22
12
12
32
31
2
23
24
13
27
3
31
14
2
35
14
35
9
32
15
25
36
26
26
16
10
27
16
33
32
17
3
17
28
0
2
18
34
34
29
11
19
7
19
36
16
30
20
13
36
14
31
36
21
33
32
22
32
22
22
34
12
33
14
23
22
18
7
35
11
24
36
12
1
36
2
0
4
0
23
24
14
18
26
19
1
19
4
17
23
28
5
15
5
17
29
11
24
36
6
6
16
29
21
6
35
22
30
33
13
31
18
35
6
31
36
33
35
35
33
31
35
35
23
35
31
33
35
35
35
15
33
35
35
12
35
18
30
35
35
27
35
3
36
35
36
35
35
35
9
35
35
28
36
36
36
3
16
36
36
11
32
36
19
36
2
36
27
36
32
36
29
33
36
30
35
35
