36
36
15
7
18
7
10
32
7
35
18
12
14
11
8
16
17
21
35
1
1
31
1
1
15
34
30
27
2
2
11
12
36
34
3
12
3
3
21
13
1
4
4
27
1
36
4
33
5
5
32
2
15
15
6
36
6
1
27
36
7
17
7
22
1
8
31
8
18
8
5
31
9
9
26
29
33
6
20
4
26
35
35
11
11
10
31
22
31
22
12
35
4
8
12
4
23
13
35
7
5
14
14
36
5
29
25
31
36
35
15
16
11
12
16
16
1
5
28
27
17
5
28
18
6
0
10
2
19
19
34
19
36
36
15
10
30
35
20
36
21
31
21
7
6
10
36
16
22
33
9
35
1
11
34
24
24
34
18
11
35
18
24
15
36
25
19
36
26
7
11
27
16
22
19
27
27
22
4
16
5
5
17
4
28
6
6
36
6
11
3
17
7
35
7
11
1
9
31
8
18
35
33
31
35
36
35
35
33
35
35
35
35
35
35
35
35
35
31
35
35
35
12
35
35
35
35
33
35
35
35
30
35
31
36
36
30
36
36
3
0
36
5
36
36
16
10
36
28
36
36
32
36
35
35
18
36
36
10
36
34
18
36
36
23
