13
10
20
28
12
12
12
9
21
7
34
30
16
16
22
30
34
33
14
13
1
1
16
12
1
10
34
2
10
2
22
2
13
15
3
3
35
3
3
33
13
4
15
4
21
14
19
5
15
14
5
1
17
6
6
2
6
24
17
34
23
31
7
7
17
25
8
27
18
4
1
31
9
4
36
20
10
20
10
10
3
35
36
11
4
21
22
11
22
3
4
12
22
33
35
36
13
23
35
33
14
24
4
9
25
14
0
15
25
4
3
0
16
6
26
36
35
6
27
17
32
28
18
13
18
6
29
5
19
29
19
30
13
10
13
33
20
30
12
9
21
32
31
17
16
16
22
34
34
33
14
13
23
16
34
23
1
16
36
36
22
11
24
2
13
15
13
3
21
1
26
3
27
27
3
27
23
14
19
11
11
14
5
25
26
36
12
2
10
13
10
12
28
35
31
33
31
8
8
0
25
4
35
36
35
31
36
35
35
35
33
35
33
35
35
35
4
33
35
35
34
35
4
35
12
36
35
35
34
35
35
33
35
15
36
36
36
16
36
36
0
35
3
36
36
6
36
36
35
36
30
36
33
35
35
31
35
35
3
2
19
10
10
12
12
