23
19
20
32
14
12
7
28
31
16
35
8
12
16
21
10
9
23
10
1
22
23
1
1
26
11
24
2
2
35
35
2
26
12
3
3
26
3
32
20
14
4
4
0
4
23
28
20
5
5
15
21
21
1
6
6
16
1
17
32
7
2
7
25
29
26
8
8
27
33
33
19
0
9
9
4
4
35
10
20
21
35
35
11
26
11
27
30
22
12
12
33
32
1
23
13
13
6
24
2
29
9
14
36
3
2
9
15
6
10
2
26
16
16
5
35
11
7
27
17
28
34
12
18
5
35
35
15
29
2
19
36
30
6
20
14
14
12
20
36
31
21
35
11
32
3
36
8
33
15
9
23
23
14
0
20
17
34
24
2
2
35
35
25
25
36
24
36
26
17
23
20
14
25
27
24
13
23
18
16
28
22
1
2
9
11
29
16
36
27
7
22
20
35
3
14
10
21
8
35
27
30
33
35
35
35
36
35
33
35
35
28
36
35
35
34
35
35
32
30
35
35
35
35
32
36
30
13
35
32
35
35
29
31
35
36
35
34
3
36
35
35
27
35
34
35
10
35
34
34
35
34
35
34
35
34
31
35
35
15
36
35
35
35
9
