30
16
18
18
8
27
35
21
8
21
13
22
36
17
12
21
23
10
35
18
1
1
1
22
10
11
19
2
2
2
2
36
2
34
3
12
3
3
22
19
4
4
4
4
4
14
27
34
5
5
16
23
15
6
24
6
6
3
16
7
25
7
18
4
30
35
8
8
28
5
33
19
9
5
5
9
33
10
1
2
10
0
26
35
11
21
2
22
12
0
22
12
3
12
0
13
29
29
36
29
32
2
24
14
25
35
35
11
25
15
35
4
16
11
7
11
32
0
27
3
36
28
18
32
18
28
33
5
18
29
19
33
5
7
11
30
34
13
35
21
8
21
35
31
36
32
4
22
36
36
33
34
8
12
33
8
24
19
19
5
24
2
0
35
19
36
25
26
11
0
20
36
1
4
27
27
4
14
27
15
11
5
21
23
15
25
5
6
10
27
11
7
36
24
21
3
30
35
33
33
35
31
33
11
33
35
36
35
33
35
35
12
33
35
31
35
31
33
35
35
23
35
23
35
35
35
0
35
35
29
35
35
10
35
35
14
35
15
35
35
35
15
35
36
35
35
35
35
36
35
35
35
36
28
36
36
18
4
35
5
18
35
19
35
10
