33
0
33
20
34
34
34
33
21
34
15
20
35
12
22
25
14
35
16
31
21
1
1
29
11
11
11
2
36
28
18
2
19
33
26
3
33
26
3
0
13
4
14
1
1
14
29
5
2
1
5
1
16
26
6
17
17
1
2
7
30
7
17
3
3
8
0
18
25
8
1
19
9
9
25
5
4
10
3
10
5
21
30
11
3
11
32
36
32
28
6
12
4
36
23
13
3
5
3
28
33
31
14
5
25
31
15
9
5
15
30
6
36
16
1
10
1
14
31
17
17
34
34
12
4
13
34
7
16
29
19
30
19
34
33
20
34
34
9
33
21
34
15
32
34
22
22
16
14
35
23
35
15
23
23
23
11
11
36
36
36
0
36
11
14
4
26
26
17
26
15
0
22
0
10
1
21
20
3
28
1
21
36
19
27
5
4
17
35
1
2
26
30
23
15
7
28
31
10
35
33
33
35
33
35
1
36
36
36
33
36
36
36
25
36
36
36
35
36
36
7
36
35
36
34
36
21
36
29
36
25
36
7
2
36
34
36
36
32
9
35
35
30
6
36
18
7
36
19
36
36
34
34
32
14
15
4
35
35
7
16
29
13
10
25
