21
20
29
30
9
21
0
16
18
16
28
21
34
13
17
12
16
0
1
1
1
1
1
10
19
21
24
17
2
2
20
36
20
21
3
25
3
3
12
1
13
4
4
35
28
4
1
28
5
20
5
2
15
30
6
6
1
29
16
7
25
4
7
17
2
23
8
8
25
33
19
23
9
9
32
32
19
0
35
10
33
5
27
7
11
7
0
33
22
3
12
30
4
35
13
1
23
13
4
5
5
5
0
24
24
33
25
15
15
35
11
26
31
27
1
16
29
34
28
17
27
28
1
2
34
18
33
30
34
35
34
31
15
20
20
30
2
15
0
31
21
36
8
21
2
7
17
10
16
15
14
7
11
8
2
10
19
8
24
23
36
16
2
36
20
21
3
24
3
3
22
1
27
8
27
0
28
23
1
28
5
4
16
2
4
30
30
30
1
29
30
36
13
31
7
33
33
23
35
33
33
33
35
28
29
31
33
36
33
35
35
35
33
10
35
35
35
29
35
33
35
31
35
35
33
35
13
35
35
35
36
35
36
35
34
35
35
34
25
35
31
35
33
9
36
36
36
16
36
34
36
1
36
36
36
36
32
35
15
35
0
35
3
35
15
