14
20
15
28
25
36
20
9
15
7
21
21
28
36
22
19
9
9
21
19
1
1
1
32
24
11
19
22
2
2
2
12
12
26
3
3
3
13
33
3
20
4
4
32
23
4
15
15
5
5
1
28
15
22
6
25
6
17
32
17
17
7
32
7
18
33
8
25
18
8
31
34
9
9
31
20
6
26
20
10
6
36
4
11
11
7
22
35
30
1
12
12
23
8
23
13
2
33
34
24
14
14
7
25
14
1
4
15
1
26
10
9
16
27
1
16
5
17
28
28
17
36
11
29
18
15
14
17
4
19
8
19
7
20
17
31
20
14
20
9
21
20
21
21
36
36
22
19
20
10
21
8
10
1
21
7
24
0
35
20
2
25
10
12
16
26
12
3
3
0
5
12
24
4
4
8
5
20
11
29
0
30
21
10
15
2
6
18
6
32
6
33
0
7
32
28
34
32
34
36
18
34
31
36
36
31
25
27
6
31
20
35
36
36
32
35
35
7
35
35
29
35
36
35
35
8
35
35
31
35
35
36
16
35
35
35
29
36
35
36
1
35
35
35
19
27
33
35
13
35
35
28
33
36
35
6
35
31
11
36
36
19
34
35
36
