33
11
35
31
34
8
19
9
35
17
7
21
33
22
28
10
13
30
31
10
1
1
1
10
10
24
11
2
33
2
2
0
11
0
3
12
3
3
1
1
26
4
4
1
21
0
4
1
5
5
15
2
30
6
23
6
6
0
35
7
17
7
7
17
31
23
8
8
25
35
25
9
1
1
9
9
35
1
10
20
21
34
11
10
11
11
11
1
26
35
22
12
35
23
13
13
0
13
35
36
14
24
14
14
32
9
25
35
15
4
26
36
16
34
16
2
0
27
17
34
6
5
32
18
18
29
28
14
10
19
34
11
33
11
0
20
1
8
13
21
36
31
7
21
36
32
1
22
33
6
15
18
1
1
35
24
34
24
35
36
36
2
7
25
25
11
3
21
8
25
24
22
17
4
10
14
21
0
8
24
28
14
15
19
1
6
36
3
6
19
15
7
35
27
7
29
2
17
4
31
31
35
33
33
35
18
35
33
35
35
20
35
35
35
35
36
35
36
35
35
33
35
35
12
35
23
35
26
35
34
35
35
30
34
35
28
35
9
35
35
15
4
35
36
28
3
35
35
4
35
17
35
17
35
35
35
18
35
35
35
15
33
8
31
19
