13
14
14
16
36
19
16
5
20
24
26
12
34
22
35
12
18
21
20
1
1
1
31
1
1
21
20
21
0
2
2
20
29
28
3
13
3
13
1
0
18
4
4
19
13
23
14
14
5
5
15
26
2
1
6
6
23
21
4
3
7
7
35
18
28
31
34
22
34
8
33
9
9
32
31
1
1
10
23
10
22
21
22
21
21
7
11
21
29
12
28
23
24
36
36
34
13
25
33
34
36
7
33
14
36
7
10
1
15
30
8
36
8
7
36
11
10
17
32
7
10
10
10
18
36
4
12
10
36
19
12
14
12
14
14
7
20
5
10
33
4
6
36
21
34
19
18
18
18
7
35
1
1
1
7
19
35
7
24
36
0
16
5
20
3
15
1
11
26
4
21
9
14
27
20
6
13
23
11
17
5
5
16
7
6
29
6
21
23
15
4
3
31
29
36
33
4
31
5
35
33
8
33
33
31
35
31
1
3
35
18
10
33
36
22
35
33
35
33
21
35
35
31
21
36
36
36
36
33
36
33
36
36
31
36
31
36
36
15
36
15
30
36
36
36
35
36
31
21
36
14
7
35
35
11
35
35
4
12
35
36
36
35
35
24
