33
31
30
8
14
36
8
32
34
34
1
1
1
11
2
36
2
3
12
3
3
4
4
15
5
5
16
6
5
6
17
7
7
18
8
8
18
9
9
20
10
35
20
11
21
11
12
6
6
12
24
14
30
14
25
26
15
16
1
16
17
27
9
18
28
18
6
18
33
19
30
34
13
21
34
32
36
35
33
35
24
34
2
36
24
4
26
18
26
4
18
25
5
28
27
36
27
15
19
35
22
18
31
31
35
36
35
35
35
35
35
35
35
35
35
35
35
35
35
35
30
35
35
26
35
35
35
33
35
35
35
35
35
36
2
35
35
