26
32
8
20
20
35
34
20
16
16
34
0
33
22
21
1
16
1
1
17
11
27
2
2
35
31
12
3
3
36
33
1
4
4
27
1
22
5
5
1
5
27
16
6
24
2
7
6
36
18
7
8
8
35
8
9
19
30
19
32
20
10
9
10
3
11
2
32
35
33
12
12
2
23
23
13
0
30
29
24
6
0
15
9
15
31
26
16
26
16
4
27
17
0
28
33
17
28
28
35
29
29
31
30
20
30
20
20
35
35
20
16
16
32
13
22
22
33
1
16
18
34
18
24
5
24
13
35
7
25
16
17
36
36
17
16
4
4
0
15
5
27
22
5
4
24
15
16
23
7
22
0
36
19
21
33
35
8
33
33
35
25
10
33
35
3
10
35
11
35
28
35
12
36
35
35
33
35
35
0
35
29
35
35
28
32
36
36
7
35
35
35
29
35
35
33
13
35
35
19
35
10
35
36
29
36
13
