2 4 2 2 2 2 4 2 2 2 2 2 4 2 4 6 5 5 0 0 0 10 10 10 10 10 10 10 10 10 10 12 12 12 12 12 15 15 15 15 15 15 15 15 15 1 5 1 1 1 1 1 1 1 1 1 8 8 8 8 8 16 8 8 8 8 8 8 8 8 8 8 8 8 8 8 8 8 8 8
13 2 2 2 7 2 6 2 2 2 14 14 14 14 14 14 15 15 15 15 15 14 14 14 14 14 14 14 14 14 14 14 14 14 14 14 4 4 4 4 4 0 4 4 4 4 15 15 15 15 15 15 15 15 15 15 4 4 4 4 4 4 4 4 4 4 4 4 4 4 4 4 4 4 4 4 4 4 4 4
10 4 12 12 13 13 13 12 12 12 12 12 12 12 12 12 12 12 12 12 12 12 12 12 12 12 12 12 12 15 4 4 4 4 4 13 4 4 4 4 8 8 8 8 8 8 8 8 8 8 4 8 8 4 4 4 8 8 8 4 4 4 8 8 4 4 10 10 9 12 12 12 12 12 12 12 12 12 12 12
2 2 2 2 4 2 2 12 11 12 12 12 12 12 12 12 12 12 12 12 12 12 12 12 12 12 12 12 12 12 12 12 12 12 12 12 5 5 5 5 5 5 0 0 0 0 0 15 1 8 8 1 1 0 0 0 0 0 0 0 0 0 0 0 0 2 2 2 2 2 2 2 2 10 2 2 2 2 1 10
2 2 0 0 0 13 13 13 12 12 12 12 12 12 12 12 12 12 12 12 12 12 12 12 12 12 12 12 12 12 12 12 12 12 12 12 12 1 1 0 0 0 8 8 8 8 8 8 8 8 8 8 8 0 0 0 0 0 8 8 8 2 2 2 2 2 2 2 2 2 2 2 2 2 2 2 2 2 2 2
2 2 7 5 7 7 0 12 12 12 12 0 0 0 0 0 0 0 0 0 0 0 0 0 0 0 11 10 5 5 5 5 5 4 4 4 4 4 4 4 4 4 4 4 4 4 4 4 4 4 4 4 4 4 4 4 4 4 4 4 4 4 4 4 4 4 4 4 4 4 4 4 4 4 4 4 4 4 4 4
2 2 2 2 2 2 2 3 2 2 2 2 4 3 3 8 9 14 9 9 9 9 9 12 12 12 12 1 12 12 1 14 14 14 14 14 14 14 14 14 14 14 14 14 14 14 14 14 14 14 14 14 14 5 5 5 5 5 5 5 8 1 1 1 1 1 1 1 1 8 8 8 8 8 8 8 8 8 8 8
2 2 2 2 2 2 2 2 2 2 2 2 4 2 6 6 6 7 7 16 7 10 10 10 10 10 12 12 12 12 12 12 12 12 12 12 12 12 12 12 12 12 12 12 12 12 4 4 4 4 4 1 1 1 1 1 8 8 8 8 8 8 8 8 16 8 8 8 8 8 8 8 8 8 8 8 8 8 8 8
2 2 2 2 2 2 2 2 2 3 2 2 2 2 4 0 5 7 5 9 9 9 9 9 0 0 12 12 12 1 12 11 1 1 1 1 1 1 1 1 1 1 1 1 15 15 15 15 15 14 14 14 14 14 4 4 15 5 6 6 6 6 8 1 1 1 1 1 1 1 8 8 8 8 8 8 8 8 8 8
2 2 2 2 2 2 2 2 2 2 2 2 2 2 8 8 8 8 16 8 8 12 12 0 0 11 11 11 11 11 11 11 11 11 11 11 11 11 1 12 12 12 4 12 12 12 4 4 4 4 4 4 4 4 4 1 1 8 8 8 8 8 8 8 8 8 8 8 8 8 8 8 8 8 8 8 8 8 8 8
