26
27
11
19
8
28
31
18
7
7
14
30
20
18
14
27
9
20
20
1
1
26
1
11
27
10
10
19
2
17
29
21
22
31
12
3
26
22
32
13
24
0
4
25
25
22
0
0
5
15
23
21
3
15
6
16
30
1
16
7
3
7
30
26
32
27
8
18
9
9
18
29
31
19
9
9
31
25
28
20
9
0
9
11
27
21
10
30
28
12
30
22
6
8
22
4
9
9
13
8
28
14
5
24
30
4
15
15
10
25
32
16
30
16
26
1
26
2
11
27
18
32
31
18
13
11
7
28
0
0
32
11
11
29
7
19
20
8
15
30
20
10
14
9
1
16
31
13
22
4
12
3
16
7
32
13
0
19
4
16
6
22
0
20
25
10
2
21
23
24
6
11
25
1
16
7
4
7
31
26
28
31
32
32
2
32
8
32
28
8
31
22
30
31
28
0
31
28
31
28
32
11
10
32
0
27
31
24
32
32
30
27
31
28
13
32
32
32
24
32
30
32
14
32
10
32
32
16
31
16
10
31
20
