21
8
17
27
8
18
23
32
16
22
19
26
1
1
1
1
1
2
2
31
22
12
3
13
13
14
4
2
19
14
5
3
15
2
6
16
22
7
31
17
17
8
8
18
5
9
24
19
10
20
10
32
11
21
11
1
22
12
22
13
23
1
23
14
24
14
25
15
15
25
11
16
26
32
4
17
27
0
18
28
32
19
29
19
29
4
30
1
12
30
21
0
31
3
12
32
23
32
14
16
14
14
14
2
20
12
22
26
23
24
7
31
32
31
31
29
31
5
31
1
31
31
32
32
29
31
31
32
31
31
32
23
31
31
23
31
31
31
31
32
32
32
31
32
32
32
30
