# Results obtained using DQN. CPU time: 18.158485889434814
0.00423740  54.00000000  0.00373690  60.00000000  1532.11384640  0.00000000
0.00250361  56.00000000  0.00194633  60.00000000  1359.53141634  0.00000000
0.00063536  55.00000000  0.00057044  60.00000000  1339.72798599  0.00000000
0.04638974  58.00000000  0.04638974  60.00000000  1954.55391134  0.00000000
0.00495363  44.00000000  0.00104401  60.00000000  2742.58439612  0.00000000
0.00038052  58.00000000  0.00038052  60.00000000  1382.69522140  0.00000000
0.00068716  58.00000000  0.00068716  60.00000000  1244.99929051  0.00000000
0.00654347  58.00000000  0.00654347  60.00000000  1903.12138349  0.00000000
0.00065535  41.00000000  0.00061821  60.00000000  1184.75250547  0.01053155
0.00002652  40.00000000  0.00001385  60.00000000  1250.72171272  0.02858564
0.00580786  58.00000000  0.00580786  60.00000000  1770.63070237  0.04663974
0.00026224  57.00000000  0.00022157  60.00000000  1678.99333481  0.06469383
0.00128762  58.00000000  0.00128762  60.00000000  1913.88957800  0.08274792
0.00036182  43.00000000  0.00021276  60.00000000  1231.02275544  0.10080201
0.00831382  58.00000000  0.00831382  60.00000000  1422.55564146  0.11885610
0.00161700  50.00000000  0.00110383  60.00000000  1784.80952044  0.13691019
0.00630988  56.00000000  0.00514324  60.00000000  1594.88001811  0.15496429
0.00176040  46.00000000  0.00081429  60.00000000  2246.23077988  0.17301838
0.00488010  58.00000000  0.00488010  60.00000000  1432.20305939  0.19107247
0.00862669  58.00000000  0.00862669  60.00000000  1661.50248003  0.20912656
0.00497290  55.00000000  0.00103042  60.00000000  1759.18531101  0.22718065
0.00039523  50.00000000  0.00003143  60.00000000  1884.00930336  0.24523474
0.10242694  53.00000000  0.07974857  60.00000000  2283.76584757  0.26328883
0.00019730  58.00000000  0.00019730  60.00000000  1233.41014789  0.28134293
0.00388973  55.00000000  0.00345234  60.00000000  1808.22013650  0.29939702
0.01678382  50.00000000  0.01086318  60.00000000  2523.11516145  0.31745111
0.00707156  58.00000000  0.00707156  60.00000000  2103.65913075  0.33550520
0.00276964  53.00000000  0.00004181  60.00000000  1392.45679238  0.35355929
0.01089997  57.00000000  0.00995846  60.00000000  2628.79583422  0.37161338
0.00119800  53.00000000  0.00107136  60.00000000  2259.38551768  0.38966747
0.00148011  58.00000000  0.00148011  60.00000000  1422.96634767  0.40772157
0.02939828  57.00000000  0.02351664  60.00000000  2087.30981013  0.42577566
0.00304811  58.00000000  0.00304811  60.00000000  1268.62146361  0.44382975
0.01082378  48.00000000  0.00408731  60.00000000  1813.57089484  0.46188384
0.00039996  57.00000000  0.00026713  60.00000000  2512.31590977  0.47993793
0.00036550  55.00000000  0.00017882  60.00000000  1715.69546422  0.49799202
0.00648382  52.00000000  0.00376995  60.00000000  1713.16140378  0.51604612
0.00107902  44.00000000  0.00052214  60.00000000  1295.85724718  0.53410021
0.00024490  52.00000000  0.00012899  60.00000000  1984.38298275  0.55215430
0.00336317  54.00000000  0.00266876  60.00000000  1496.37112036  0.57020839
0.00009187  48.00000000  0.00000996  60.00000000  1542.84214457  0.58826248
0.00211178  58.00000000  0.00211178  60.00000000  2016.79036750  0.60631657
0.00097546  56.00000000  0.00077803  60.00000000  1530.59871150  0.62437066
0.00293331  49.00000000  0.00183394  60.00000000  2289.59744347  0.64242476
0.00030017  55.00000000  0.00006529  60.00000000  1842.66086662  0.66047885
0.01069586  51.00000000  0.00444779  60.00000000  1694.00870133  0.67853294
0.03401645  52.00000000  0.00551175  60.00000000  2697.57512804  0.69658703
0.00296454  54.00000000  0.00210137  60.00000000  1870.81770226  0.71464112
0.02438823  58.00000000  0.02438823  60.00000000  2651.11787912  0.73269521
0.00081293  58.00000000  0.00081293  60.00000000  1662.13234280  0.75074930
0.20524702  50.00000000  0.02431641  60.00000000  2353.08336454  0.76880340
0.01381176  54.00000000  0.01339182  60.00000000  2543.40760245  0.78685749
0.11652734  52.00000000  0.06553652  60.00000000  2477.20768699  0.80491158
0.00476606  56.00000000  0.00372374  60.00000000  2022.94198939  0.82296567
0.00192583  56.00000000  0.00167054  60.00000000  2188.34876279  0.84101976
0.12787036  53.00000000  0.10203870  60.00000000  2384.12053747  0.85907385
0.04408864  58.00000000  0.04408864  60.00000000  1961.66949422  0.87712794
0.00230951  58.00000000  0.00230951  60.00000000  2139.58231673  0.89518204
0.01325133  46.00000000  0.00625964  60.00000000  2578.46991869  0.91323613
0.04484998  57.00000000  0.04377458  60.00000000  2139.66129869  0.93129022
0.01172264  58.00000000  0.01172264  60.00000000  2086.51519421  0.94934431
0.02087979  48.00000000  0.01312900  60.00000000  2139.38555866  0.96739840
0.02087979  48.00000000  0.01312900  60.00000000  2139.38555866  0.98545249
0.02087979  48.00000000  0.01312900  60.00000000  2139.38555866  0.99000000
0.01257263  58.00000000  0.01257263  60.00000000  2132.57766597  0.99000000
0.02087979  48.00000000  0.01312900  60.00000000  2139.38555866  0.99000000
0.02087979  48.00000000  0.01312900  60.00000000  2139.38555866  0.99000000
0.02087979  48.00000000  0.01312900  60.00000000  2139.38555866  0.99000000
0.02087979  48.00000000  0.01312900  60.00000000  2139.38555866  0.99000000
0.00657296  56.00000000  0.00530105  60.00000000  2132.78880514  0.99000000
0.02087979  48.00000000  0.01312900  60.00000000  2139.38555866  0.99000000
0.08271202  53.00000000  0.03458534  60.00000000  2140.64836020  0.99000000
0.02087979  48.00000000  0.01312900  60.00000000  2139.38568770  0.99000000
0.02087979  48.00000000  0.01312900  60.00000000  2139.38555866  0.99000000
0.02259440  50.00000000  0.00374212  60.00000000  2139.41043645  0.99000000
0.10812149  57.00000000  0.10660622  60.00000000  2141.09913863  0.99000000
0.02087979  48.00000000  0.01312900  60.00000000  2139.38555866  0.99000000
0.01277547  44.00000000  0.00387150  60.00000000  2136.96615976  0.99000000
0.02087979  48.00000000  0.01312900  60.00000000  2139.38555866  0.99000000
0.00882256  58.00000000  0.00882256  60.00000000  2561.37405273  0.99000000
0.02087979  48.00000000  0.01312900  60.00000000  2139.38555866  0.99000000
0.02089245  48.00000000  0.01312122  60.00000000  2139.38554666  0.99000000
0.02087979  48.00000000  0.01312900  60.00000000  2139.38555866  0.99000000
0.02087979  48.00000000  0.01312900  60.00000000  2139.38555866  0.99000000
0.02087979  48.00000000  0.01312900  60.00000000  2139.38555866  0.99000000
0.02087979  48.00000000  0.01312900  60.00000000  2139.38555866  0.99000000
0.00999888  58.00000000  0.00999888  60.00000000  2138.17258915  0.99000000
0.10834402  57.00000000  0.10689778  60.00000000  2141.32903578  0.99000000
0.02087979  48.00000000  0.01312900  60.00000000  2139.38555866  0.99000000
0.04765106  55.00000000  0.04381461  60.00000000  2503.92943105  0.99000000
0.02087979  48.00000000  0.01312900  60.00000000  2139.38555866  0.99000000
0.02087978  48.00000000  0.01443805  60.00000000  2139.39023955  0.99000000
0.02087979  48.00000000  0.01312900  60.00000000  2139.38555866  0.99000000
0.02087979  48.00000000  0.01312900  60.00000000  2139.38555866  0.99000000
0.03063371  46.00000000  0.01662754  60.00000000  2139.50256083  0.99000000
0.02087979  48.00000000  0.01312900  60.00000000  2139.38555866  0.99000000
0.02087979  48.00000000  0.01312900  60.00000000  2139.38555866  0.99000000
0.02087979  48.00000000  0.01312900  60.00000000  2139.38555866  0.99000000
0.02581183  55.00000000  0.01753311  60.00000000  2139.34656464  0.99000000
0.02087979  48.00000000  0.01312900  60.00000000  2139.38555866  0.99000000
0.04782416  48.00000000  0.02476393  60.00000000  2139.76734682  0.99000000
