5 5 5 5 9 9 9 9 9 8 9 9 9 9 9 9 9 9 9 9 9 9 9 9 9 8 9 9 12 12 12 12 12 9 9 9 9 9 9 9 9 9 9 9 9 9 9 9 9 9 9 9 9 12 12 12 5 9 9 9
0 4 1 6 9 2 2 7 4 4 10 4 6 11 3 12 1 1 4 10 4 11 1 2 8 2 0 11 4 4 12 11 5 5 10 0 5 4 1 3 9 12 12 9 3 5 1 1 3 6 3 4 2 2 11 1 7 5 9 9
5 6 0 4 1 5 8 0 8 9 8 12 11 8 3 8 4 1 9 12 12 4 4 0 6 8 2 10 11 12 10 7 0 6 7 6 12 12 8 2 4 9 0 9 10 11 10 1 8 0 1 1 4 4 9 8 4 5 1 10
4 1 12 0 6 6 8 0 5 12 12 12 5 0 8 1 0 11 5 11 3 9 7 9 4 12 5 7 5 10 4 3 11 7 11 10 0 12 12 12 9 3 3 2 12 1 12 5 4 9 2 1 7 7 12 5 5 6 9 2
5 10 5 5 2 10 5 3 5 9 7 5 5 9 9 1 12 0 11 5 12 9 1 9 0 9 9 1 9 11 9 9 9 5 7 3 9 11 0 12 7 12 12 12 1 12 7 1 2 9 9 9 9 1 4 7 5 6 9 12
5 5 5 5 9 9 1 9 9 9 9 9 9 9 9 9 9 9 9 9 9 9 9 9 9 9 9 9 9 9 9 9 9 9 9 9 9 9 9 9 1 9 9 9 9 9 9 12 12 12 12 12 9 9 9 9 9 9 9 9
8 1 8 9 6 9 7 9 8 9 3 10 9 9 12 9 0 9 1 9 2 9 9 9 9 12 9 2 6 5 9 1 12 12 3 12 11 12 2 9 9 1 4 9 5 2 9 10 9 9 9 4 9 7 9 10 2 9 3 3
5 5 10 5 12 7 9 12 9 8 8 1 8 9 9 10 3 11 9 8 11 9 1 5 6 9 9 9 7 10 9 12 10 9 9 9 9 9 9 10 9 9 8 9 9 9 9 9 10 2 7 7 4 6 7 7 7 7 3 9
10 3 2 0 2 8 5 2 5 12 5 5 5 9 12 11 8 8 8 6 8 8 7 3 9 7 9 6 9 9 2 9 9 9 11 9 9 9 2 11 9 9 9 9 9 2 7 6 9 9 7 0 3 9 8 9 9 9 9 12
4 2 3 4 10 5 4 5 0 9 8 11 6 5 9 11 12 9 8 7 6 9 10 8 8 4 5 3 3 10 5 9 1 12 5 3 11 7 5 3 1 9 4 9 5 10 9 1 3 6 5 4 2 9 8 1 0 11 1 1
