# Results obtained using DQN. CPU time: 18.653792142868042
0.00254867  58.00000000  0.00254867  60.00000000  1420.17922932  0.00000000
0.00807606  58.00000000  0.00807606  60.00000000  1291.81460948  0.00000000
0.00052956  58.00000000  0.00052956  60.00000000  1257.03622067  0.00000000
0.00704569  58.00000000  0.00704569  60.00000000  2204.34869603  0.00000000
0.00156695  55.00000000  0.00097166  60.00000000  1526.49749926  0.00000000
0.00327333  58.00000000  0.00327333  60.00000000  1397.38328128  0.00000000
0.00134236  43.00000000  0.00094972  60.00000000  2186.78201301  0.00000000
0.00102851  38.00000000  0.00015749  60.00000000  2538.09418589  0.00000000
0.00247713  58.00000000  0.00247713  60.00000000  1602.71731518  0.01823929
0.00017381  52.00000000  0.00007773  60.00000000  1546.14333487  0.04950663
0.01328582  56.00000000  0.00947387  60.00000000  2420.09414909  0.08077398
0.00039515  57.00000000  0.00034888  60.00000000  1312.52263938  0.11204133
0.00052243  51.00000000  0.00004168  60.00000000  1387.14148235  0.14330867
0.01105472  58.00000000  0.01105472  60.00000000  1650.35854132  0.17457602
0.00125890  58.00000000  0.00125890  60.00000000  2421.56835542  0.20584337
0.00108601  58.00000000  0.00108601  60.00000000  2194.38277201  0.23711072
0.00031839  58.00000000  0.00031839  60.00000000  1186.31246707  0.26837806
0.00113705  56.00000000  0.00099785  60.00000000  2385.79435120  0.29964541
0.00128371  58.00000000  0.00128371  60.00000000  1344.55731768  0.33091276
0.00057508  48.00000000  0.00044569  60.00000000  1802.73218729  0.36218011
0.00045578  47.00000000  0.00002441  60.00000000  2073.90465485  0.39344745
0.00037468  57.00000000  0.00032967  60.00000000  1747.18720104  0.42471480
0.01422134  57.00000000  0.01372942  60.00000000  1395.99398549  0.45598215
0.00991743  51.00000000  0.00100022  60.00000000  1679.51113941  0.48724949
0.00007006  44.00000000  0.00005136  60.00000000  1645.85428977  0.51851684
0.00598894  58.00000000  0.00598894  60.00000000  3120.13188355  0.54978419
0.00624710  58.00000000  0.00624710  60.00000000  1505.91697424  0.58105154
0.00054316  55.00000000  0.00041078  60.00000000  1491.70227988  0.61231888
0.00032454  58.00000000  0.00032454  60.00000000  1793.75175940  0.64358623
0.00204242  58.00000000  0.00204242  60.00000000  1560.49781834  0.67485358
0.00103954  51.00000000  0.00085487  60.00000000  2704.46128621  0.70612092
0.00071231  58.00000000  0.00071231  60.00000000  2991.38948979  0.73738827
0.00281911  49.00000000  0.00049860  60.00000000  3308.95418166  0.76865562
0.00020790  58.00000000  0.00020790  60.00000000  3008.84724268  0.79992297
0.00507791  58.00000000  0.00507791  60.00000000  2431.00809930  0.83119031
0.00030584  48.00000000  0.00028421  60.00000000  3584.40189080  0.86245766
0.00030693  39.00000000  0.00017702  60.00000000  3318.02030786  0.89372501
0.00290823  41.00000000  0.00205440  60.00000000  3494.88351393  0.92499235
0.00025858  56.00000000  0.00023943  60.00000000  3225.23437607  0.95625970
0.00165732  58.00000000  0.00165732  60.00000000  3587.34266578  0.98752705
0.00067451  58.00000000  0.00067451  60.00000000  3587.34260727  0.99000000
0.00067451  58.00000000  0.00067451  60.00000000  3587.34260727  0.99000000
0.00087578  58.00000000  0.00087578  60.00000000  3588.36694883  0.99000000
0.00012708  37.00000000  0.00002883  60.00000000  3035.79204232  0.99000000
0.00067451  58.00000000  0.00067451  60.00000000  3587.34260727  0.99000000
0.00042588  58.00000000  0.00042588  60.00000000  3587.34257363  0.99000000
0.00053353  58.00000000  0.00053353  60.00000000  3588.88235327  0.99000000
0.00073473  58.00000000  0.00073473  60.00000000  3587.50377563  0.99000000
0.00067451  58.00000000  0.00067451  60.00000000  3587.34260727  0.99000000
0.00047257  58.00000000  0.00047257  60.00000000  3314.03010630  0.99000000
0.00067451  58.00000000  0.00067451  60.00000000  3587.34260727  0.99000000
0.00067451  58.00000000  0.00067451  60.00000000  3587.34260727  0.99000000
0.00067451  58.00000000  0.00067451  60.00000000  3587.34260727  0.99000000
0.00067451  58.00000000  0.00067451  60.00000000  3587.34260727  0.99000000
0.00067451  58.00000000  0.00067451  60.00000000  3587.34260727  0.99000000
0.00067451  58.00000000  0.00067451  60.00000000  3587.34260727  0.99000000
0.00067451  58.00000000  0.00067451  60.00000000  3587.34260727  0.99000000
0.00067451  58.00000000  0.00067451  60.00000000  3587.34260727  0.99000000
0.00005058  42.00000000  0.00001423  60.00000000  3303.71987463  0.99000000
0.00033510  58.00000000  0.00033510  60.00000000  3588.15162367  0.99000000
0.01222158  58.00000000  0.01222158  60.00000000  2331.34524044  0.99000000
0.00067451  58.00000000  0.00067451  60.00000000  3587.34260727  0.99000000
0.00067451  58.00000000  0.00067451  60.00000000  3587.34260727  0.99000000
0.00067451  58.00000000  0.00067451  60.00000000  3587.34260727  0.99000000
0.00067451  58.00000000  0.00067451  60.00000000  3587.34260727  0.99000000
0.00014939  42.00000000  0.00000291  60.00000000  3495.72597792  0.99000000
0.00026456  58.00000000  0.00026456  60.00000000  3587.34260103  0.99000000
0.00165011  58.00000000  0.00165011  60.00000000  3467.47525484  0.99000000
0.00067451  58.00000000  0.00067451  60.00000000  3587.34260727  0.99000000
0.00025406  47.00000000  0.00024229  60.00000000  3587.41025201  0.99000000
0.00067451  58.00000000  0.00067451  60.00000000  3587.34260727  0.99000000
0.00566068  45.00000000  0.00057116  60.00000000  3533.30606113  0.99000000
0.00067972  58.00000000  0.00067972  60.00000000  3587.35411623  0.99000000
0.00067451  58.00000000  0.00067451  60.00000000  3587.34260727  0.99000000
0.00024167  47.00000000  0.00008065  60.00000000  3430.37767491  0.99000000
0.00025477  47.00000000  0.00023626  60.00000000  3587.34260086  0.99000000
0.00067451  58.00000000  0.00067451  60.00000000  3587.34260727  0.99000000
0.00033224  58.00000000  0.00033224  60.00000000  3587.34260187  0.99000000
0.00067565  58.00000000  0.00067565  60.00000000  3587.34261232  0.99000000
0.00025477  47.00000000  0.00023177  60.00000000  3587.34259782  0.99000000
0.00067451  58.00000000  0.00067451  60.00000000  3587.34260727  0.99000000
0.00033750  58.00000000  0.00033750  60.00000000  3587.34261091  0.99000000
0.00067451  58.00000000  0.00067451  60.00000000  3587.34260727  0.99000000
0.00067451  58.00000000  0.00067451  60.00000000  3587.34260727  0.99000000
0.00067464  58.00000000  0.00067464  60.00000000  3587.34251031  0.99000000
0.00067451  58.00000000  0.00067451  60.00000000  3587.34260727  0.99000000
0.00034024  58.00000000  0.00034024  60.00000000  3587.69672246  0.99000000
0.00067451  58.00000000  0.00067451  60.00000000  3587.34260727  0.99000000
0.00066097  58.00000000  0.00066097  60.00000000  3563.89544692  0.99000000
0.00036286  48.00000000  0.00018474  60.00000000  3587.34262740  0.99000000
0.00067451  58.00000000  0.00067451  60.00000000  3587.34260727  0.99000000
0.00067451  58.00000000  0.00067451  60.00000000  3587.34260727  0.99000000
0.00004126  32.00000000  0.00001828  60.00000000  2960.04218448  0.99000000
0.00067451  58.00000000  0.00067451  60.00000000  3587.34260727  0.99000000
0.00067451  58.00000000  0.00067451  60.00000000  3587.34260727  0.99000000
0.00016121  56.00000000  0.00014315  60.00000000  3538.77543417  0.99000000
0.00067451  58.00000000  0.00067451  60.00000000  3587.34260727  0.99000000
0.00067451  58.00000000  0.00067451  60.00000000  3587.34260727  0.99000000
0.00067254  58.00000000  0.00067254  60.00000000  3587.34260733  0.99000000
0.00140805  58.00000000  0.00140805  60.00000000  3587.34264289  0.99000000
0.00067451  58.00000000  0.00067451  60.00000000  3587.34260727  0.99000000
