8 15 15 15 15 15 15 15 15 15 15 8 8 8 8 8 14 14 14 14 14 3 3 3 3 3 14 15 14 14 14 12 12 12 12 12 14 14 14 14 14 15 15 15 15 15 4 4 4 4 4 1 1 1 1 1 4 4 4 4 4 4 4 4 4 4 1 1 1 1 16 16 16 16 16 16 1 1 1 1
16 16 16 16 16 16 16 16 16 16 7 7 7 7 7 7 16 2 2 2 2 16 16 16 16 11 11 1 3 3 3 3 3 3 3 3 3 3 3 14 3 14 3 3 3 3 3 6 10 10 10 10 10 10 10 10 10 3 3 3 3 13 13 13 13 3 13 13 3 3 13 3 3 13 10 3 13 13 13 13
11 11 11 11 11 11 11 11 11 11 11 1 1 1 1 1 11 11 11 11 11 12 12 12 12 12 11 11 11 11 11 1 1 1 1 1 7 7 7 7 7 4 4 4 4 4 0 0 0 0 0 4 4 4 4 4 4 4 4 4 4 9 9 9 9 9 3 3 3 6 3 0 0 0 0 0 0 0 0 0
15 13 13 13 13 13 16 16 16 16 16 16 16 16 16 16 2 2 2 2 2 2 2 12 2 2 11 11 11 11 11 12 12 12 12 12 0 0 0 0 0 0 0 0 0 0 3 3 3 3 3 3 3 3 3 3 7 4 4 4 4 4 3 16 16 4 12 3 16 3 3 3 16 3 3 3 7 7 16 7
16 15 15 15 15 15 15 15 15 15 15 1 1 1 1 1 15 15 15 15 15 16 16 11 11 11 11 11 11 11 13 15 15 15 15 15 15 15 15 15 15 15 15 15 15 15 7 7 7 7 7 7 7 7 7 7 8 8 8 8 8 11 11 11 11 11 15 11 11 15 11 15 15 15 15 15 2 2 2 2
2 11 11 11 11 11 11 11 11 11 11 11 11 11 11 11 8 8 8 8 8 3 3 3 3 3 4 4 4 4 4 4 4 4 4 4 4 15 15 15 15 15 15 15 15 15 15 15 15 4 3 3 9 3 3 3 3 3 3 3 3 3 3 3 3 3 3 3 3 3 15 6 6 6 6 6 2 15 2 2
15 15 15 15 15 15 15 15 15 0 6 8 8 8 8 8 8 2 2 2 2 14 2 2 1 1 1 1 1 1 1 12 12 13 13 13 13 13 1 1 1 1 1 1 8 8 8 8 0 0 0 5 5 5 5 5 8 12 12 12 12 12 12 12 12 12 12 12 12 12 12 13 3 3 3 3 13 4 4 13
16 4 4 4 4 4 1 1 1 1 1 15 15 15 15 15 11 11 11 11 11 12 12 12 12 12 11 11 11 11 11 1 1 1 1 1 15 15 15 15 15 15 15 15 15 15 1 1 1 1 1 1 1 1 1 1 7 7 7 7 7 4 4 3 4 4 4 4 4 4 4 15 7 7 15 7 6 6 6 6
7 7 7 7 7 7 14 14 14 14 14 14 14 14 14 14 14 14 14 14 14 10 10 10 11 3 11 4 4 4 4 4 4 14 14 14 1 14 7 14 7 7 14 7 7 4 4 4 4 10 10 10 10 10 10 10 10 11 11 11 11 11 11 11 11 11 10 10 11 11 11 15 11 6 6 6 6 6 6 6
1 14 14 14 14 14 16 16 16 16 16 1 1 1 1 1 13 13 13 13 13 13 13 13 13 13 12 12 12 12 12 12 12 12 12 12 15 15 15 15 15 5 5 5 5 5 8 8 8 8 8 8 8 8 8 8 7 7 7 7 7 8 8 8 8 8 10 10 10 10 10 10 10 10 10 10 16 16 1 1
