20
46
39
33
26
51
34
10
55
36
27
53
19
1
37
1
55
49
2
2
2
30
13
3
23
3
21
31
4
21
15
31
5
15
5
16
6
6
6
26
7
7
7
7
19
8
7
40
9
20
9
27
21
10
40
40
11
2
11
23
12
23
45
12
13
47
13
6
14
26
14
4
49
15
27
27
16
28
16
51
17
29
45
30
18
18
55
19
3
31
19
20
14
32
16
21
33
1
0
0
22
55
16
23
4
46
24
36
24
25
25
54
25
51
26
38
14
13
27
39
21
28
40
46
29
47
9
30
55
30
42
43
24
20
48
11
32
54
56
13
53
46
45
33
56
51
10
35
55
36
28
0
48
7
37
30
55
49
21
50
39
30
13
39
52
51
55
53
29
21
15
56
42
15
54
38
35
37
6
26
7
7
27
7
45
14
35
27
9
37
45
17
21
44
40
4
46
46
11
28
12
23
52
54
47
56
52
49
54
15
14
56
49
52
43
27
55
43
56
56
54
53
55
49
44
18
55
51
0
54
55
54
45
55
49
21
55
50
55
56
51
55
16
39
55
35
54
55
24
45
55
49
22
56
26
56
54
13
55
38
50
55
53
50
29
55
9
8
55
54
55
54
55
17
55
11
55
53
56
56
