45
22
34
51
46
8
35
13
33
18
35
48
10
1
1
1
1
28
2
2
2
2
2
3
3
3
14
4
4
4
41
56
5
5
16
5
6
42
6
17
25
7
25
2
27
8
39
0
36
9
47
21
30
10
7
43
3
11
1
7
2
12
24
0
13
4
35
4
14
33
26
13
15
53
27
15
4
43
16
49
36
17
29
18
18
10
18
37
19
5
0
32
20
54
16
21
56
21
40
34
8
23
35
23
55
8
36
24
36
4
25
37
26
17
20
38
26
55
19
27
28
40
28
21
41
47
3
41
42
30
26
0
13
17
9
0
32
44
13
52
45
1
34
51
46
54
35
27
47
55
35
48
53
1
1
49
38
38
1
38
2
50
55
51
13
3
16
40
52
2
41
56
0
37
53
23
6
25
6
44
24
44
55
31
40
56
30
0
37
21
47
5
13
43
49
47
49
11
46
30
41
49
56
56
48
56
51
33
55
4
55
6
55
53
45
55
36
55
52
55
50
18
55
56
49
55
18
54
54
47
55
44
33
54
55
47
56
56
53
55
44
55
35
55
55
48
56
24
44
56
47
56
55
56
56
55
55
55
56
56
11
56
54
21
47
31
54
33
42
56
54
31
18
17
31
53
54
55
56
56
