33
45
51
21
26
47
22
13
19
36
56
36
48
1
20
1
52
10
2
2
2
0
2
3
3
3
3
32
4
22
4
14
5
5
1
5
6
1
6
28
26
7
2
44
2
8
19
8
0
45
34
9
56
10
21
1
11
11
11
4
50
12
4
6
24
13
48
43
39
56
50
51
15
10
27
28
16
30
30
17
29
16
17
18
46
6
51
3
19
31
2
20
9
53
21
43
3
33
5
22
21
4
45
23
44
35
24
24
56
15
25
13
44
4
38
44
27
3
27
10
39
14
40
14
29
51
8
56
18
23
52
43
42
31
32
0
48
45
48
45
33
45
51
24
47
47
9
13
19
36
56
36
48
36
1
1
26
54
2
2
29
39
3
14
0
37
3
56
40
14
32
56
5
35
42
5
38
1
6
28
40
7
41
9
31
8
19
23
46
45
34
9
23
49
43
31
48
11
35
53
52
55
54
35
24
56
48
24
52
6
50
55
55
52
55
55
55
55
55
55
55
56
55
55
52
55
53
6
55
53
55
55
55
56
55
55
55
47
55
23
54
22
55
50
23
1
55
36
54
55
46
55
49
55
55
55
55
54
27
55
26
52
55
14
52
56
32
55
55
29
56
43
36
56
32
5
53
55
48
55
