12
9
33
30
51
35
52
24
37
0
16
31
16
48
1
12
28
26
42
2
51
16
24
21
3
22
56
0
4
40
35
20
5
5
5
23
6
6
6
50
29
7
46
3
45
8
27
2
28
9
28
22
21
10
35
6
56
11
7
1
23
12
51
45
53
13
41
54
41
14
1
43
15
27
27
51
31
45
49
29
17
16
37
50
18
30
36
19
31
7
47
20
55
33
21
2
53
51
8
11
35
22
23
10
4
10
24
19
37
6
24
37
25
38
5
26
27
39
16
53
6
28
27
41
42
29
6
21
13
22
20
51
43
31
44
4
21
5
56
45
16
6
14
46
52
2
19
47
35
48
36
36
49
56
37
51
8
50
28
15
51
29
51
19
52
52
0
8
18
53
41
54
7
8
54
0
6
44
22
55
14
44
15
30
45
16
19
22
3
16
6
9
4
10
24
23
34
34
45
38
11
56
51
56
53
49
46
56
29
53
12
51
54
55
28
49
42
55
36
2
55
40
12
55
24
55
40
55
48
19
55
55
55
40
55
54
32
56
53
55
55
17
56
5
55
54
55
12
56
20
55
52
50
55
46
55
56
28
55
23
55
16
44
55
55
56
28
15
0
55
52
47
19
31
55
5
4
55
55
42
