32
54
28
37
34
11
52
12
31
20
10
16
56
11
1
51
47
50
53
2
51
13
41
39
3
40
39
28
4
15
4
15
16
5
16
23
43
6
50
2
7
19
7
42
46
8
20
44
9
20
47
38
10
10
40
6
11
10
7
23
12
50
12
1
13
9
25
54
14
11
48
53
27
15
6
35
16
37
36
37
17
29
10
8
6
46
18
19
31
52
53
20
20
44
14
21
33
43
34
22
34
55
15
23
55
16
36
55
43
43
25
11
55
38
13
38
27
27
39
27
55
40
28
8
41
6
29
30
30
42
30
10
43
56
2
32
44
12
56
45
32
9
50
46
34
33
52
47
35
47
36
8
7
11
37
49
37
50
2
11
51
50
12
39
56
40
20
0
52
53
41
15
29
53
11
22
0
54
11
4
7
55
13
46
46
56
26
44
9
46
47
1
31
10
31
6
41
49
39
23
12
56
56
50
56
46
39
55
14
55
55
53
55
53
55
49
52
55
49
56
56
22
6
56
54
1
55
19
55
52
53
55
55
56
55
55
55
55
55
55
23
55
15
49
55
51
49
55
53
56
25
55
33
55
13
46
55
53
55
13
55
40
55
54
41
55
55
56
30
42
30
53
36
56
54
52
44
52
56
45
