53
0
49
33
8
51
21
52
17
52
36
51
32
23
1
18
40
12
13
2
22
21
13
3
3
3
15
14
4
53
4
25
5
1
5
17
27
6
2
49
42
7
25
31
19
8
3
56
3
9
21
56
55
10
39
27
11
23
11
43
12
7
12
39
13
13
13
26
34
14
26
44
15
51
15
28
35
16
55
55
17
29
11
52
18
30
13
19
45
19
32
20
53
11
40
54
39
21
3
22
40
47
23
35
1
23
55
36
24
18
50
37
38
26
3
38
44
27
45
20
40
28
13
19
29
41
53
48
14
29
30
55
43
10
52
49
52
44
22
2
45
33
34
46
28
46
35
51
47
28
53
48
52
36
37
20
49
37
26
38
50
2
55
3
51
33
52
14
18
53
19
4
11
1
29
43
56
54
29
43
18
55
35
22
38
38
3
56
34
47
47
6
36
10
30
2
15
23
42
43
48
46
56
39
55
52
28
55
40
53
56
19
56
40
55
53
55
55
55
55
55
29
55
53
53
55
49
53
45
55
32
6
55
53
20
55
50
55
34
56
55
10
55
52
48
52
55
26
28
56
50
55
54
55
3
3
56
54
46
56
20
55
15
55
29
7
55
54
55
55
50
55
43
54
23
55
43
52
55
45
