51
0
46
26
33
23
35
47
48
48
24
18
15
1
50
1
18
18
50
2
39
39
56
50
3
52
27
48
15
4
30
30
34
5
51
51
3
6
17
28
35
7
19
4
3
8
46
28
46
9
38
56
5
10
39
22
44
11
23
24
50
12
36
49
13
53
25
2
14
40
53
56
15
27
14
16
28
16
28
55
17
17
17
30
18
55
47
13
19
12
9
33
20
33
48
21
33
53
34
22
46
5
35
3
2
23
24
9
53
37
25
7
9
10
38
26
55
27
39
40
40
40
0
56
52
41
53
29
42
43
43
3
31
43
44
18
32
25
50
9
45
0
46
26
33
55
35
47
48
48
36
48
36
2
37
49
11
7
50
15
24
39
24
18
3
52
27
55
56
41
53
56
35
42
11
54
3
55
43
1
3
0
56
41
41
56
46
0
46
38
38
39
46
10
23
44
44
11
23
50
36
49
56
49
56
53
25
53
56
46
53
56
56
27
53
55
53
55
53
55
55
53
55
46
36
55
47
56
55
55
56
33
55
19
55
55
55
55
47
56
54
55
56
55
53
55
46
9
55
50
55
55
9
55
54
44
55
27
39
46
56
54
47
55
52
55
27
2
42
56
14
3
29
43
44
53
55
25
50
24
