21
18
46
26
53
10
11
37
29
46
20
35
56
1
38
1
11
29
53
2
54
24
23
3
3
3
54
37
4
26
4
38
5
17
5
1
41
6
43
44
2
7
19
38
42
8
36
5
41
9
0
21
30
10
1
46
39
11
7
47
34
12
24
56
5
13
5
50
35
14
26
50
15
43
15
50
16
28
16
55
17
55
29
18
30
8
30
19
19
31
19
20
32
33
6
46
21
47
22
34
17
35
23
12
35
36
24
20
37
25
25
50
38
26
14
12
39
27
49
26
8
28
4
10
41
29
56
42
15
52
52
43
30
31
55
44
44
32
51
15
33
11
51
50
25
54
51
35
29
49
48
35
53
1
36
28
53
29
16
38
54
24
54
55
3
3
56
17
37
39
42
42
5
42
33
42
26
11
43
32
40
44
19
18
34
10
27
17
41
9
32
21
29
12
5
22
10
50
51
53
47
52
24
54
41
3
56
50
48
4
54
52
15
56
37
50
55
28
55
55
55
55
51
55
52
55
49
55
19
55
52
55
55
56
52
55
34
55
52
55
56
55
54
43
55
53
45
20
51
55
1
49
54
55
54
56
39
55
22
55
50
28
56
47
41
12
56
42
50
56
50
56
55
55
55
55
24
55
53
1
