17
29
56
8
48
17
11
47
10
14
48
36
55
25
1
56
38
16
12
2
52
54
0
3
3
3
51
41
4
51
15
15
26
5
17
51
2
6
38
4
25
7
2
44
19
8
2
3
29
9
36
21
2
10
48
35
11
11
11
46
12
41
12
4
46
13
8
8
26
14
56
51
15
6
27
43
16
42
28
53
17
43
29
18
18
18
30
19
19
55
19
20
32
32
21
21
55
21
34
13
56
56
4
23
36
48
24
36
16
12
25
9
26
2
38
6
26
27
39
40
28
13
47
28
41
29
15
1
16
30
16
2
2
5
4
56
44
32
44
2
5
6
56
10
33
0
24
47
47
14
48
36
55
20
49
56
38
16
38
50
38
54
51
34
54
38
23
41
28
53
15
20
26
26
18
54
17
38
9
44
55
44
29
19
29
56
29
47
47
45
29
21
21
28
48
26
11
47
0
46
41
41
12
53
55
55
52
54
47
52
56
51
43
42
52
20
55
55
55
55
52
55
20
55
56
55
46
55
52
55
55
56
56
56
56
56
55
56
55
55
56
56
55
23
55
48
56
54
56
46
25
50
45
55
48
46
28
55
19
40
56
54
55
55
41
56
52
19
56
30
16
56
51
55
56
56
55
14
56
19
