33
0
51
8
22
52
18
47
13
28
48
53
36
1
54
1
25
38
33
2
27
34
14
3
3
3
42
39
4
15
1
53
5
56
5
1
6
24
6
41
44
7
0
19
19
8
38
20
51
9
21
6
31
10
22
38
45
11
54
24
12
56
12
51
13
33
13
26
14
14
26
38
15
15
49
15
16
28
5
54
17
2
37
18
55
1
31
19
18
19
6
20
32
45
1
7
21
56
49
22
47
42
5
23
55
36
14
36
43
25
2
53
44
25
26
17
39
2
46
15
0
40
28
56
47
48
14
30
42
21
30
22
53
0
31
44
55
24
55
45
33
0
51
46
34
28
18
47
12
28
48
29
36
54
54
49
25
38
0
50
22
56
56
51
13
39
52
19
56
41
40
53
17
56
55
43
54
24
29
37
44
55
41
39
37
41
38
31
46
47
21
47
8
40
48
6
8
11
11
23
31
56
48
56
13
56
4
10
49
55
51
38
54
56
49
6
56
54
56
54
55
50
55
44
55
49
55
33
56
56
49
50
55
44
43
55
21
56
56
56
56
56
55
23
55
34
55
55
55
53
55
53
50
56
54
56
54
51
55
50
53
55
28
55
47
56
0
30
55
49
30
55
53
43
56
55
55
24
55
53
