10
47
12
8
20
18
19
35
9
0
26
18
11
1
1
1
1
12
2
2
2
53
13
3
40
3
40
2
53
4
54
0
5
5
5
3
55
6
55
41
29
7
3
1
19
8
19
41
46
9
21
45
2
10
30
47
6
11
23
23
3
12
55
55
40
13
3
49
26
5
53
9
41
15
28
2
16
55
55
17
17
49
17
30
49
18
31
19
32
19
20
32
20
33
1
51
15
21
34
22
13
35
35
15
36
37
24
53
3
18
38
20
21
25
26
17
39
18
27
20
28
28
15
41
29
29
29
1
30
43
5
31
13
44
50
50
32
45
46
33
10
47
9
8
20
18
19
35
48
0
56
12
49
26
1
28
37
38
2
51
2
39
52
3
56
3
53
40
53
17
54
0
42
5
56
43
6
55
55
43
14
33
6
45
40
34
26
12
46
9
21
45
2
44
20
47
6
50
51
55
12
52
55
55
54
23
41
56
26
51
53
40
41
55
55
55
55
55
55
55
55
55
53
55
49
51
55
19
49
55
44
55
39
56
48
56
48
21
56
22
54
56
43
56
56
55
55
53
55
18
49
55
21
56
55
18
55
18
27
55
54
55
15
56
29
7
56
22
30
56
5
16
53
56
16
22
56
45
56
33
