6
32
23
18
53
52
14
47
14
36
33
45
23
1
39
1
39
37
13
2
22
35
39
3
27
3
14
53
4
41
0
28
5
31
5
33
28
6
43
18
7
7
7
34
56
8
30
20
5
20
9
3
32
10
36
6
39
11
3
29
12
29
54
24
24
42
13
39
14
2
12
55
27
15
51
12
16
28
7
17
9
17
3
18
30
44
18
19
19
50
2
32
32
38
21
20
55
38
21
22
39
7
11
35
35
54
24
48
8
5
40
2
1
26
25
26
54
27
39
27
39
9
28
7
29
4
8
16
11
42
42
44
30
43
43
31
32
7
45
33
50
54
55
33
10
52
54
47
47
36
16
53
49
16
49
37
13
37
19
33
51
2
39
39
56
52
14
53
41
41
20
18
21
10
54
5
12
6
43
55
43
22
7
30
56
8
30
35
5
20
36
3
8
10
36
6
39
27
3
50
45
11
54
53
24
56
13
51
53
2
55
55
53
55
51
55
53
55
7
53
55
52
46
55
53
55
56
56
56
56
41
56
34
38
55
47
55
56
52
55
44
31
55
54
55
54
55
48
52
55
10
47
55
26
55
53
55
7
39
55
39
54
28
55
54
4
50
47
55
9
42
56
53
55
43
31
55
53
24
56
