20
28
47
17
26
51
25
16
45
51
44
53
51
1
27
1
23
36
11
2
20
38
33
30
3
33
55
19
4
19
2
4
5
5
5
17
6
6
6
17
7
3
7
18
8
8
8
1
20
9
43
29
4
10
6
33
1
11
22
30
7
53
12
24
46
25
13
30
14
39
51
51
15
1
36
47
16
55
37
16
28
46
10
18
1
18
10
19
19
31
19
20
20
41
55
21
33
21
55
22
7
52
11
22
35
56
48
16
0
25
53
25
37
25
16
26
38
39
27
22
18
40
39
17
19
42
29
42
9
56
25
42
31
43
44
44
1
12
44
33
51
49
33
7
0
48
46
47
36
35
36
48
49
55
51
37
31
49
38
38
50
38
32
30
27
29
40
19
4
27
40
1
33
13
1
13
27
6
16
43
16
27
7
18
8
8
46
1
44
47
43
38
4
38
29
14
9
20
16
50
20
52
55
54
51
36
56
31
14
26
53
51
55
55
49
55
53
55
53
55
55
51
55
53
52
55
49
56
56
27
56
3
56
52
55
55
55
55
30
55
30
55
11
56
53
56
47
13
55
50
25
55
33
56
55
17
55
19
54
56
56
40
54
15
55
42
52
50
54
55
3
3
32
55
53
53
55
45
26
42
