21
42
33
10
41
38
49
9
17
27
22
10
30
1
1
54
1
12
47
2
26
39
20
55
3
22
14
38
4
1
4
32
5
5
56
2
6
5
6
18
18
7
36
43
19
8
34
37
20
9
29
21
1
10
48
4
49
11
6
24
12
12
12
1
13
13
25
41
26
14
9
8
49
15
28
8
16
29
28
5
17
6
44
18
2
30
56
19
54
55
38
19
20
49
55
33
40
16
22
34
22
9
35
50
56
36
24
36
6
10
25
44
25
13
26
4
27
39
21
27
40
28
40
20
41
21
29
48
30
42
55
55
43
31
44
49
12
10
33
45
32
45
33
16
34
17
15
12
47
48
22
36
30
8
49
21
37
21
4
50
8
39
51
55
3
56
56
52
41
1
4
26
41
16
38
2
54
5
6
56
44
55
36
39
20
22
34
21
20
9
10
10
48
43
46
48
45
11
48
30
12
12
52
55
55
54
13
56
3
15
53
51
55
44
55
48
16
55
53
55
17
55
44
55
56
56
56
17
55
50
6
56
48
55
55
55
55
45
22
55
36
50
55
50
56
55
55
17
55
4
55
50
25
56
16
56
12
49
55
0
54
28
51
55
41
54
29
15
55
42
55
56
43
31
44
56
5
54
33
55
