33
45
45
10
46
22
51
35
36
50
22
36
27
19
1
42
50
55
49
2
13
32
18
3
3
3
23
26
4
24
15
16
5
26
5
35
6
6
6
2
7
7
7
40
34
8
20
1
20
9
44
1
5
10
22
3
11
11
11
6
12
12
12
24
13
4
53
53
14
13
14
53
15
15
27
53
16
4
28
29
17
12
13
18
43
56
31
18
19
9
55
20
55
6
21
33
21
9
11
22
34
5
41
23
48
9
36
24
36
25
37
25
10
1
38
26
38
27
4
39
55
50
28
46
51
55
41
2
13
30
42
42
25
43
54
32
32
14
17
32
33
45
45
25
46
35
51
35
52
47
47
36
48
22
54
55
49
17
15
38
50
39
54
34
16
51
52
40
4
14
53
41
40
18
5
8
4
54
6
2
13
55
7
40
45
42
56
1
9
45
9
1
24
10
46
47
11
31
49
45
47
12
51
54
53
56
53
53
55
55
14
53
55
48
55
39
55
50
55
29
55
55
56
55
52
55
31
55
48
55
55
52
55
51
55
48
55
55
55
56
34
55
16
55
48
55
55
53
55
40
55
16
50
55
38
54
55
27
12
36
55
50
23
55
51
55
41
55
30
56
2
55
25
53
55
51
32
55
55
55
