45
33
28
55
46
51
11
29
10
28
36
16
11
21
1
31
54
12
2
2
2
26
51
3
3
3
40
4
4
4
1
16
5
5
25
5
17
6
1
32
2
7
46
40
56
8
3
27
9
21
9
2
42
10
3
43
3
11
23
32
30
12
51
56
3
13
25
4
14
26
14
3
15
10
34
28
55
16
40
1
17
29
47
55
3
18
47
53
19
50
55
32
44
6
20
40
55
22
34
55
22
23
55
19
23
42
36
24
18
55
37
51
25
26
55
45
44
39
27
5
17
40
28
23
41
24
23
42
30
55
16
43
22
31
18
49
44
54
10
33
45
12
8
34
46
51
17
29
47
28
36
48
36
29
37
31
54
49
50
18
2
26
51
39
13
52
26
4
26
4
53
29
36
5
43
5
54
4
36
32
28
43
10
1
56
46
3
46
9
1
9
47
25
10
1
43
3
41
23
48
7
12
55
56
55
53
55
55
55
53
52
55
54
3
52
56
55
55
55
55
55
55
47
55
52
56
55
52
55
50
55
55
56
56
56
55
55
55
34
55
41
23
55
51
55
53
55
33
56
56
50
56
25
56
53
55
56
56
55
3
56
50
28
56
48
54
55
42
30
55
16
52
51
55
53
49
56
0
55
56
