42
17
0
34
9
15
23
34
23
33
47
17
10
1
1
38
1
49
2
40
2
43
0
45
3
47
21
30
4
41
38
0
5
2
5
17
6
6
6
2
18
7
18
41
19
8
19
46
20
9
35
54
28
10
33
51
22
11
7
43
46
12
24
7
31
13
13
25
53
14
26
45
15
55
41
16
16
28
16
1
17
40
43
18
55
18
7
19
31
19
56
54
20
49
10
33
52
21
22
34
22
55
19
54
23
50
24
9
45
50
37
25
38
38
50
38
39
47
27
16
40
10
28
40
41
50
5
55
30
54
30
31
43
20
13
44
32
44
54
45
18
45
46
34
46
54
27
15
47
26
28
48
37
9
49
49
37
49
2
50
51
38
39
30
3
56
27
3
52
41
25
53
5
5
25
54
43
6
18
6
43
55
33
30
56
3
46
1
20
9
46
9
28
21
18
11
37
43
45
9
28
56
56
49
56
40
56
56
53
46
55
55
50
55
56
56
54
55
11
55
50
56
55
55
30
55
56
56
55
56
56
31
55
31
53
55
50
55
56
55
22
55
19
56
56
54
55
12
55
7
56
56
55
15
56
11
44
55
25
47
55
49
7
56
41
55
5
55
9
27
49
11
11
50
55
50
16
41
16
20
