47
46
51
46
40
9
48
11
16
55
48
49
50
56
1
46
11
55
2
2
2
51
52
52
3
40
21
0
4
24
0
42
30
5
24
56
17
6
27
2
4
7
18
31
45
8
3
45
9
21
35
41
9
10
47
49
11
11
11
0
51
24
12
3
9
9
13
25
53
1
55
15
14
15
48
9
16
28
55
29
55
17
55
18
6
18
55
44
19
56
32
48
32
10
20
8
33
21
22
7
17
11
23
7
23
12
36
24
55
52
14
25
51
26
38
20
54
19
27
21
55
9
12
55
41
12
42
5
30
6
43
53
12
43
44
32
52
55
32
45
46
46
51
46
48
35
48
35
28
55
48
49
50
50
37
16
11
55
2
10
13
51
52
52
12
40
18
15
26
53
0
42
22
5
35
56
42
55
30
11
29
7
31
45
45
8
38
45
9
5
26
31
9
5
47
49
48
23
11
55
53
52
54
3
56
42
51
13
53
55
55
47
53
55
46
44
55
55
55
55
55
56
55
55
56
55
55
55
55
56
56
53
55
50
55
0
56
55
42
55
17
54
55
7
23
56
46
40
55
55
55
55
51
55
49
55
54
55
53
54
55
44
12
55
41
56
55
13
55
54
50
55
45
43
55
29
7
55
53
21
