46
8
26
46
29
13
13
30
54
38
15
21
46
37
1
30
11
49
26
2
50
51
19
13
3
56
14
56
47
4
29
28
0
5
1
3
54
6
48
34
18
7
28
4
19
8
4
27
20
9
3
46
5
10
43
46
50
11
23
50
12
23
12
31
25
13
25
8
25
14
33
26
27
15
27
4
16
48
4
17
55
17
1
55
52
48
30
19
1
31
19
55
20
15
47
21
53
33
22
42
22
47
23
56
35
24
43
24
10
55
5
37
16
17
52
12
12
27
39
39
39
40
52
55
29
29
29
15
51
49
56
53
31
43
16
7
31
2
27
7
33
45
20
46
29
47
46
55
54
54
47
48
26
37
8
54
37
49
26
26
50
51
19
39
52
56
14
56
55
28
18
28
0
5
43
55
54
6
21
34
41
27
6
45
34
34
4
46
16
11
42
46
0
7
43
45
49
26
51
52
53
55
12
54
48
56
51
12
40
53
53
55
53
55
53
8
55
50
55
53
55
56
55
55
55
56
54
56
40
56
45
55
50
52
41
55
53
54
56
56
44
56
55
56
56
24
55
54
55
55
55
54
55
11
52
56
50
55
55
39
56
40
55
55
55
55
27
56
56
30
55
53
0
55
16
54
56
12
56
36
