33
26
15
16
30
52
45
40
8
33
39
35
1
43
57
30
2
52
15
1
24
3
58
35
4
15
37
15
50
5
47
22
60
38
1
7
61
6
45
8
47
9
2
46
36
38
45
10
10
11
55
12
24
12
45
13
3
13
14
57
43
27
15
49
50
16
39
58
62
29
56
18
30
18
61
19
60
49
13
20
1
21
63
21
6
15
6
23
53
23
36
64
2
44
37
38
26
25
2
27
5
20
28
27
61
41
29
16
29
30
30
43
54
31
4
52
18
17
56
45
60
61
27
46
35
5
35
63
27
26
49
63
37
50
25
58
37
26
39
57
63
52
5
40
8
9
54
35
1
43
34
56
4
44
64
3
39
7
58
16
59
46
62
64
19
19
48
61
3
5
25
19
47
3
45
63
47
9
49
64
46
4
35
20
1
54
12
52
24
12
7
56
3
58
64
52
11
61
63
61
61
58
36
64
63
61
63
18
30
63
61
63
60
63
17
63
0
63
63
63
35
63
63
45
63
23
63
63
62
13
63
63
26
57
2
37
7
59
61
63
61
59
29
63
58
30
30
62
61
17
4
25
63
63
31
45
60
11
51
57
60
63
35
63
47
54
49
63
18
50
64
4
64
