9
15
31
38
52
15
35
34
41
15
48
1
28
1
31
2
33
19
58
3
3
3
26
46
4
22
4
16
33
5
34
51
18
64
56
7
7
6
8
8
46
37
9
63
52
21
10
3
0
51
11
23
12
54
46
38
5
45
14
14
34
15
15
60
27
28
53
17
61
17
17
18
13
12
13
19
19
20
32
20
48
21
41
21
34
47
42
16
11
23
4
61
56
24
25
6
38
26
64
52
39
46
40
47
28
12
1
20
4
23
42
63
19
31
63
25
32
23
45
22
33
63
28
55
47
63
11
27
55
36
0
49
2
23
50
22
39
15
39
64
52
61
63
27
41
15
54
36
1
12
31
43
33
57
56
3
3
7
21
46
5
61
4
59
48
61
48
60
18
64
47
49
50
50
8
14
46
38
40
63
3
11
30
43
14
25
44
52
12
30
26
34
55
14
51
56
64
15
61
63
60
61
7
61
63
17
17
59
63
12
13
63
63
20
51
63
64
63
41
63
56
59
63
58
60
64
63
62
63
46
63
50
54
54
63
40
63
51
40
25
64
62
63
20
63
33
42
63
28
64
63
25
32
55
23
63
60
63
28
55
28
63
60
3
64
20
0
64
51
63
53
23
27
