7 3 3 3 3 3 3 3 3 3 3 1 8 1 8 1 1 1 1 1 1 1 1 1 1 1 1 1 1 3 3 3 3 3 3 3 3 3 3 3
7 3 3 3 3 3 3 3 3 3 0 1 1 0 1 1 0 0 1 1 0 0 0 0 0 0 0 0 0 0 0 0 0 0 0 0 0 1 0 0
7 3 3 3 3 3 3 3 3 3 0 1 0 1 0 1 0 1 0 1 0 0 0 0 0 2 1 1 1 1 1 1 1 1 1 1 1 1 1 1
7 3 3 3 3 3 3 3 3 3 0 0 1 0 1 0 0 0 1 1 0 0 0 0 0 0 0 0 0 0 0 0 0 0 0 0 0 1 0 0
7 3 3 3 3 3 3 3 3 3 3 1 1 7 1 1 0 0 1 1 0 0 0 0 0 0 0 0 0 2 2 0 0 0 0 1 1 1 1 1
7 3 3 3 3 3 3 3 3 3 3 1 0 1 0 1 1 1 1 1 1 0 0 0 2 2 2 2 2 2 2 2 2 1 1 1 1 1 1 1
7 3 3 3 3 3 3 3 3 3 3 1 1 1 1 1 1 1 1 1 1 1 1 1 1 1 1 1 3 3 3 3 3 3 3 3 3 3 3 3
7 3 3 3 3 3 3 3 3 3 3 0 1 0 1 0 0 1 1 0 0 0 0 0 0 0 0 0 2 2 0 0 0 0 0 0 1 0 0 0
7 3 3 3 3 3 3 3 3 3 3 1 1 1 1 1 1 1 1 1 1 1 1 1 1 1 1 1 3 3 3 3 3 3 3 3 3 3 3 3
7 3 3 3 3 3 3 3 3 3 3 1 1 1 1 1 1 1 1 1 1 1 1 1 1 1 1 1 3 3 3 3 3 3 3 3 3 3 3 3
