3 3 4 9 12 16 12 13 13 12 9 4 9 13 9 11 10 6 15 8 0 13 1 12 13 16 3 10 13 6 12 13 10 1 14 1 16 12 6 6 12 2 5 4 8 7 14 3 3 1 11 13 16 2 15 8 12 12 2 11 16 9 7 16 0 5 10 4 16 10 7 9 12 2 13 2 2 12 1 3
14 1 15 16 13 15 5 14 14 10 14 11 11 0 0 15 2 11 0 6 5 12 14 1 11 4 10 6 7 10 9 2 16 2 6 12 10 1 7 3 7 0 8 5 8 7 16 4 16 13 6 16 9 7 10 9 11 5 2 8 2 10 4 16 0 2 3 9 15 15 7 9 14 7 6 5 2 14 14 10
5 3 8 11 12 15 11 11 5 10 11 15 12 11 16 6 9 13 7 2 11 4 10 9 16 5 16 9 0 2 6 5 14 15 12 13 8 16 4 14 14 3 0 5 9 11 14 10 11 11 7 14 6 7 6 10 15 6 1 5 16 10 11 5 10 4 9 8 6 14 7 14 6 4 4 16 1 6 7 2
12 4 12 4 15 11 3 9 9 12 12 8 13 15 15 13 6 10 9 10 10 15 8 4 14 0 5 10 16 14 10 9 5 15 4 13 0 0 3 1 11 10 5 15 16 5 15 1 0 6 2 13 14 3 2 5 10 1 1 10 1 3 1 15 0 12 14 13 5 7 8 8 10 6 3 5 1 15 6 2
6 0 0 13 7 1 10 14 13 13 9 8 1 0 11 4 12 13 11 5 13 11 12 2 1 3 4 15 5 1 12 5 3 7 3 8 12 15 10 16 8 10 3 3 6 0 13 5 16 12 0 1 14 8 10 7 6 5 1 12 9 2 5 3 12 4 12 5 8 6 13 1 3 12 0 12 9 1 16 15
4 6 0 12 8 10 10 11 4 5 13 3 13 10 11 14 7 7 11 11 12 0 3 3 10 10 13 2 16 4 11 0 1 0 7 16 14 15 9 5 4 11 4 16 14 15 8 15 2 4 15 16 10 14 5 9 4 7 7 8 2 10 12 7 0 5 0 15 0 11 1 12 15 15 4 8 7 10 5 11
4 16 2 1 14 13 8 11 1 8 14 16 13 8 0 13 7 10 6 13 12 3 8 10 13 8 10 14 0 6 16 13 2 8 10 14 2 3 10 11 3 4 13 12 7 7 6 4 2 6 7 0 8 6 9 4 6 1 8 11 10 5 5 15 5 10 2 15 0 6 5 11 13 10 8 10 9 3 2 10
13 5 9 3 2 1 15 13 13 8 13 14 14 2 7 5 5 9 10 13 9 0 2 13 12 13 6 14 14 0 14 0 8 1 11 11 16 7 3 7 13 1 5 5 13 11 10 15 2 14 16 0 6 11 7 5 16 12 5 15 7 7 2 14 7 4 16 11 7 11 6 0 4 12 4 4 3 5 9 11
1 16 14 3 10 6 1 12 7 12 8 13 3 7 10 4 6 1 0 9 3 1 7 11 0 2 5 7 10 16 6 8 12 14 11 9 14 10 2 13 3 1 3 11 12 3 0 3 6 4 0 0 7 4 3 8 9 10 7 1 7 12 3 0 3 11 0 0 2 2 10 1 13 16 7 13 8 1 0 9
3 6 11 9 6 13 16 10 15 1 8 16 8 15 8 6 13 16 7 12 9 0 13 13 11 12 13 8 1 3 5 7 1 3 2 6 12 6 15 5 15 3 16 8 16 12 1 8 0 5 0 9 8 4 5 2 4 9 9 3 5 15 15 3 3 12 10 10 16 4 14 7 11 11 8 9 7 15 10 7
