# Results obtained using DQN. CPU time: 15.86579442024231
0.01966080  74.00000000  0.01566825  80.00000000  2167.57260964  0.00000000
0.00028469  73.00000000  0.00004837  80.00000000  1400.55499282  0.00000000
0.00185838  78.00000000  0.00185838  80.00000000  2981.58625932  0.00000000
0.00054409  78.00000000  0.00054409  80.00000000  2791.73066872  0.00000000
0.00036249  78.00000000  0.00036249  80.00000000  1641.46167427  0.00000000
0.00042868  76.00000000  0.00024557  80.00000000  1665.04077379  0.00000000
0.00159405  78.00000000  0.00159405  80.00000000  1889.99843799  0.00047748
0.00676557  78.00000000  0.00676557  80.00000000  1840.68830170  0.00117199
0.00024102  59.00000000  0.00011946  80.00000000  1493.52460485  0.00186651
0.00262788  66.00000000  0.00025533  80.00000000  2107.16162242  0.00256102
0.05384734  76.00000000  0.04978545  80.00000000  1764.00172522  0.00325554
0.00027196  69.00000000  0.00017682  80.00000000  1600.46608544  0.00395005
0.00378812  77.00000000  0.00364451  80.00000000  2160.94453244  0.00464457
0.00033117  78.00000000  0.00033117  80.00000000  3040.81750330  0.00533908
0.00081823  78.00000000  0.00081823  80.00000000  2049.66865579  0.00603360
0.00068134  74.00000000  0.00007506  80.00000000  1509.77285887  0.00672811
0.00020595  75.00000000  0.00007497  80.00000000  2490.21357386  0.00742263
0.00098394  58.00000000  0.00062149  80.00000000  2118.73118240  0.00811714
0.00040140  69.00000000  0.00006505  80.00000000  2110.43770166  0.00881166
0.02708605  71.00000000  0.01155370  80.00000000  1947.60189329  0.00950618
0.00652432  78.00000000  0.00652432  80.00000000  2069.30205851  0.01020069
0.02318879  76.00000000  0.01864356  80.00000000  2416.12175030  0.01089521
0.00507065  76.00000000  0.00485911  80.00000000  2251.63830486  0.01158972
0.00164609  76.00000000  0.00094645  80.00000000  1506.34233397  0.01228424
0.00422917  78.00000000  0.00422917  80.00000000  2474.33370505  0.01297875
0.00548880  78.00000000  0.00548880  80.00000000  2811.30738112  0.01367327
0.00781636  78.00000000  0.00781636  80.00000000  3137.12016729  0.01436778
0.00055890  78.00000000  0.00055890  80.00000000  2521.38436949  0.01506230
0.00007472  69.00000000  0.00006859  80.00000000  1978.88880769  0.01575681
0.00004595  66.00000000  0.00001743  80.00000000  1401.57935923  0.01645133
0.00034156  66.00000000  0.00015057  80.00000000  1788.66851526  0.01714584
0.00005478  48.00000000  0.00001536  80.00000000  2098.61400433  0.01784036
0.00754033  77.00000000  0.00660282  80.00000000  1928.96812017  0.01853487
0.00254314  78.00000000  0.00254314  80.00000000  1590.27299324  0.01922939
0.05528871  74.00000000  0.04367230  80.00000000  3437.67536984  0.01992390
0.01030550  71.00000000  0.00602086  80.00000000  2392.62617946  0.02061842
0.00015016  71.00000000  0.00002735  80.00000000  1707.93107984  0.02131293
0.00307088  78.00000000  0.00307088  80.00000000  1926.32604238  0.02200745
0.01466888  78.00000000  0.01466888  80.00000000  3085.20778183  0.02270196
0.00087619  64.00000000  0.00052368  80.00000000  1931.76036518  0.02339648
0.00016324  78.00000000  0.00016324  80.00000000  2504.26071089  0.02409099
0.00070308  76.00000000  0.00051701  80.00000000  2077.52656864  0.02478551
0.00489254  78.00000000  0.00489254  80.00000000  2458.24226909  0.02548002
0.00143146  78.00000000  0.00143146  80.00000000  1460.79067584  0.02617454
0.00019690  78.00000000  0.00019690  80.00000000  1411.56387157  0.02686905
0.00083638  74.00000000  0.00070386  80.00000000  2540.65355234  0.02756357
0.03559655  68.00000000  0.00734346  80.00000000  3108.24654832  0.02825808
0.00211687  78.00000000  0.00211687  80.00000000  2498.38917728  0.02895260
0.00079628  78.00000000  0.00079628  80.00000000  1565.18708223  0.02964711
0.00159013  76.00000000  0.00126302  80.00000000  1813.18261941  0.03034163
0.00079059  75.00000000  0.00025409  80.00000000  2203.45481510  0.03103614
0.03606104  78.00000000  0.03606104  80.00000000  2597.33564487  0.03173066
0.00120714  74.00000000  0.00045821  80.00000000  1923.80120064  0.03242517
0.00163619  66.00000000  0.00044597  80.00000000  2675.29193534  0.03311969
0.00079531  69.00000000  0.00022714  80.00000000  1659.23488929  0.03381420
0.00062397  78.00000000  0.00062397  80.00000000  2659.10838600  0.03450872
0.00012054  67.00000000  0.00010219  80.00000000  2546.57207466  0.03520323
0.00085283  78.00000000  0.00085283  80.00000000  1507.85949902  0.03589775
0.00010877  78.00000000  0.00010877  80.00000000  1476.32048836  0.03659226
0.00150344  78.00000000  0.00150344  80.00000000  1722.47347232  0.03728678
0.00212958  70.00000000  0.00143024  80.00000000  2152.28542548  0.03798129
0.00038809  66.00000000  0.00003786  80.00000000  2397.47837909  0.03867581
0.00416747  75.00000000  0.00316749  80.00000000  2462.98885852  0.03937032
0.00078699  78.00000000  0.00078699  80.00000000  2845.41507702  0.04006484
0.00133713  74.00000000  0.00083242  80.00000000  2302.27388342  0.04075935
0.00172571  68.00000000  0.00013667  80.00000000  2289.70453877  0.04145387
0.00534890  65.00000000  0.00346195  80.00000000  2517.70895072  0.04214838
0.00551501  75.00000000  0.00276216  80.00000000  1688.50072308  0.04284290
0.03524740  78.00000000  0.03524740  80.00000000  2384.48334946  0.04353741
0.00505644  74.00000000  0.00276815  80.00000000  1334.78598864  0.04423193
0.00578680  69.00000000  0.00486218  80.00000000  1862.07203346  0.04492644
0.00291150  78.00000000  0.00291150  80.00000000  2122.38792802  0.04562096
0.00127791  70.00000000  0.00049108  80.00000000  2080.17905378  0.04631547
0.02583981  78.00000000  0.02583981  80.00000000  1988.55810306  0.04700999
0.00150274  71.00000000  0.00098191  80.00000000  3039.47941784  0.04770450
0.00027115  71.00000000  0.00026091  80.00000000  2725.24032000  0.04839902
0.00043455  76.00000000  0.00041261  80.00000000  2333.15396412  0.04909353
0.00009376  78.00000000  0.00009376  80.00000000  2382.21401359  0.04978805
0.00779512  78.00000000  0.00779512  80.00000000  1791.97219476  0.05048256
0.00305791  74.00000000  0.00192848  80.00000000  2205.51860677  0.05117708
0.00281224  73.00000000  0.00020377  80.00000000  1938.05851757  0.05187159
0.00239795  66.00000000  0.00034971  80.00000000  2102.21350037  0.05256611
0.00090217  73.00000000  0.00021085  80.00000000  2305.31760386  0.05326062
0.00245911  78.00000000  0.00245911  80.00000000  1652.29851697  0.05395514
0.00018005  78.00000000  0.00018005  80.00000000  2012.69278301  0.05464965
0.00076069  76.00000000  0.00065652  80.00000000  1911.82251360  0.05534417
0.00139336  77.00000000  0.00080149  80.00000000  2611.57337791  0.05603868
0.00024559  74.00000000  0.00022633  80.00000000  1912.95329360  0.05673320
0.00135000  55.00000000  0.00057767  80.00000000  2131.76238931  0.05742771
0.02700743  67.00000000  0.00662984  80.00000000  2274.97426648  0.05812223
0.00081648  67.00000000  0.00043229  80.00000000  2254.32811278  0.05881675
0.00004742  78.00000000  0.00004742  80.00000000  1919.31554809  0.05951126
0.01896747  78.00000000  0.01896747  80.00000000  2636.86349846  0.06020578
0.00294828  77.00000000  0.00244109  80.00000000  1734.45977199  0.06090029
0.00226627  73.00000000  0.00030708  80.00000000  2072.28419313  0.06159481
0.00014058  62.00000000  0.00012640  80.00000000  2824.88251662  0.06228932
0.00789981  76.00000000  0.00755760  80.00000000  1670.62946719  0.06298384
0.00426700  75.00000000  0.00089557  80.00000000  1732.76155168  0.06367835
0.00299836  78.00000000  0.00299836  80.00000000  2010.50891443  0.06437287
0.00566183  63.00000000  0.00367872  80.00000000  3482.45955348  0.06506738
0.00041738  78.00000000  0.00041738  80.00000000  1339.80751360  0.06576190
