11 11 11 11 11 11 11 11 11 11 11 11 11 11 11 11 11 11 11 11 11 11 11 11 12 1 12 12 12 12 12 12 12 12 12 12 12 12 12 11 11 11 11 11 11 11 11 10 11 11 12 11 3 3 3 11 11 3 7 7
11 11 11 11 11 11 11 11 11 11 11 11 11 11 11 11 11 11 11 11 11 11 11 11 12 12 12 12 12 12 12 12 2 12 12 12 12 12 0 11 11 11 11 11 11 11 11 11 11 11 11 11 11 11 11 11 11 3 3 7
11 11 11 11 11 11 11 11 11 11 11 11 11 11 11 11 11 11 11 11 11 11 11 11 1 12 2 12 12 12 12 12 12 12 12 12 12 12 11 11 11 11 11 11 11 11 11 11 11 11 11 11 11 11 11 11 6 6 6 6
11 11 11 11 11 11 11 11 11 2 10 10 10 1 12 10 12 12 12 12 12 11 11 11 11 11 11 11 11 11 11 11 11 11 12 11 12 12 12 11 11 11 11 11 11 11 11 11 3 3 3 3 3 3 0 3 3 11 12 11
11 11 11 11 1 11 11 11 11 11 12 12 12 12 12 12 12 12 12 11 11 11 11 11 11 11 11 11 11 11 11 11 11 11 12 12 12 12 12 12 10 11 11 11 11 11 11 11 11 11 11 11 0 0 0 0 0 0 0 11
11 11 11 1 11 11 11 11 12 12 12 12 12 12 12 12 12 11 11 11 11 11 11 11 11 11 11 11 11 11 11 11 11 12 12 12 12 12 12 10 11 11 11 11 11 11 11 11 11 11 11 0 0 0 0 0 0 0 0 11
11 11 11 11 11 11 11 11 11 11 11 11 11 11 11 11 11 11 10 11 11 11 11 11 12 12 12 12 12 12 12 12 12 12 12 12 12 12 11 11 11 3 11 11 11 11 11 11 11 11 11 11 11 11 11 11 11 7 3 3
11 11 11 11 11 11 11 11 11 11 11 11 11 11 11 11 11 11 11 11 11 11 11 11 12 12 12 12 12 12 12 12 12 12 12 12 12 12 11 11 11 11 11 11 11 7 11 11 11 11 11 11 3 3 3 3 7 3 9 11
11 10 11 11 11 11 11 11 11 11 11 11 11 11 11 11 11 11 11 11 11 11 11 11 12 12 12 12 12 12 12 12 12 12 12 12 12 12 11 11 11 11 11 11 11 7 11 11 11 11 11 11 3 3 3 3 7 3 9 11
11 11 11 11 11 11 11 11 11 11 11 11 11 11 11 11 11 11 11 11 11 11 11 4 12 12 12 12 12 12 12 12 12 12 12 12 12 12 11 11 11 11 11 11 11 11 11 11 11 11 11 11 11 11 11 11 3 3 7 3
