# Results obtained using DQN. CPU time: 30.67312455177307
0.00309121  51.00000000  0.00002263  60.00000000  2428.09442147  0.00000000
0.00714102  47.00000000  0.00379654  60.00000000  2774.02672727  0.00000000
0.00025866  39.00000000  0.00010577  60.00000000  1148.25493289  0.00000000
0.00181832  49.00000000  0.00051782  60.00000000  1646.27185008  0.00000000
0.02248967  58.00000000  0.02248967  60.00000000  2004.23516390  0.00000000
0.00031112  44.00000000  0.00014215  60.00000000  1340.59270608  0.00000000
0.00996567  58.00000000  0.00996567  60.00000000  1471.44718960  0.00000000
0.00779577  58.00000000  0.00779577  60.00000000  2094.44393337  0.00000000
0.00201051  58.00000000  0.00201051  60.00000000  1604.04363417  0.09054996
0.00016835  41.00000000  0.00013901  60.00000000  2374.63054786  0.24577847
0.00050072  53.00000000  0.00015269  60.00000000  1695.25775623  0.40100698
0.02287124  51.00000000  0.01409110  60.00000000  2092.82916724  0.55623549
0.04832605  58.00000000  0.04832605  60.00000000  3615.80491335  0.71146399
0.00015467  57.00000000  0.00006685  60.00000000  1480.90002372  0.86669250
0.00050487  50.00000000  0.00036062  60.00000000  3045.60205914  0.99000000
0.05137119  58.00000000  0.05137119  60.00000000  3631.86022212  0.99000000
0.00880768  57.00000000  0.00284801  60.00000000  3663.18382275  0.99000000
0.00880288  57.00000000  0.00284677  60.00000000  3663.16978958  0.99000000
0.00008638  56.00000000  0.00008467  60.00000000  2990.61341684  0.99000000
0.13822985  58.00000000  0.13822985  60.00000000  3667.68308877  0.99000000
0.00880288  57.00000000  0.00284677  60.00000000  3663.16978958  0.99000000
0.00994024  50.00000000  0.00352426  60.00000000  3663.20669501  0.99000000
0.04291830  58.00000000  0.04291830  60.00000000  3663.27095424  0.99000000
0.00880288  57.00000000  0.00284677  60.00000000  3663.16978958  0.99000000
0.03067827  58.00000000  0.03067827  60.00000000  3663.23292606  0.99000000
0.25504604  58.00000000  0.25504604  60.00000000  2519.49572665  0.99000000
0.00880288  57.00000000  0.00284677  60.00000000  3663.16978958  0.99000000
0.00880288  57.00000000  0.00284677  60.00000000  3663.16978958  0.99000000
0.00880299  57.00000000  0.00284674  60.00000000  3663.17029906  0.99000000
0.00880288  57.00000000  0.00284677  60.00000000  3663.16978958  0.99000000
0.00880288  57.00000000  0.00284674  60.00000000  3663.16976651  0.99000000
0.00880288  57.00000000  0.00284677  60.00000000  3663.16978958  0.99000000
0.00051132  40.00000000  0.00013062  60.00000000  3663.16346534  0.99000000
0.04291799  58.00000000  0.04291799  60.00000000  3663.27060511  0.99000000
0.00880288  57.00000000  0.00284677  60.00000000  3663.16978958  0.99000000
0.00255445  58.00000000  0.00255445  60.00000000  3474.70900911  0.99000000
0.00062334  55.00000000  0.00015338  60.00000000  3664.07424969  0.99000000
0.16697013  58.00000000  0.16697013  60.00000000  3665.75090460  0.99000000
0.00880288  57.00000000  0.00284677  60.00000000  3663.16978958  0.99000000
0.00009018  56.00000000  0.00006852  60.00000000  3432.96006290  0.99000000
0.00800729  45.00000000  0.00055239  60.00000000  3663.21144319  0.99000000
0.00880288  57.00000000  0.00284677  60.00000000  3663.16978958  0.99000000
0.02888961  53.00000000  0.02862524  60.00000000  3663.60044980  0.99000000
0.00880288  57.00000000  0.00284677  60.00000000  3663.16978958  0.99000000
0.00880288  57.00000000  0.00284677  60.00000000  3663.16978958  0.99000000
0.00880288  57.00000000  0.00284677  60.00000000  3663.16978958  0.99000000
0.00880288  57.00000000  0.00284677  60.00000000  3663.16978958  0.99000000
0.00006661  40.00000000  0.00002902  60.00000000  3411.10104314  0.99000000
0.01666408  48.00000000  0.01159919  60.00000000  3660.27172848  0.99000000
0.00880288  57.00000000  0.00284677  60.00000000  3663.16978958  0.99000000
0.00880288  57.00000000  0.00284677  60.00000000  3663.16978958  0.99000000
0.16237206  58.00000000  0.16237206  60.00000000  2106.59767385  0.99000000
0.00880288  57.00000000  0.00284677  60.00000000  3663.16978958  0.99000000
0.00880288  57.00000000  0.00284677  60.00000000  3663.16978958  0.99000000
0.01878275  50.00000000  0.00091775  60.00000000  3661.87730359  0.99000000
0.00880288  57.00000000  0.00284677  60.00000000  3663.16978958  0.99000000
0.00880288  57.00000000  0.00284677  60.00000000  3663.16978958  0.99000000
0.00880288  57.00000000  0.00284677  60.00000000  3663.16978958  0.99000000
0.00880288  57.00000000  0.00284677  60.00000000  3663.16978958  0.99000000
0.00880288  57.00000000  0.00284677  60.00000000  3663.16978958  0.99000000
0.05877449  58.00000000  0.05877449  60.00000000  3660.08953544  0.99000000
0.00880288  57.00000000  0.00284677  60.00000000  3663.16978958  0.99000000
0.00880288  57.00000000  0.00284677  60.00000000  3663.16978958  0.99000000
0.00880288  57.00000000  0.00284677  60.00000000  3663.16978958  0.99000000
0.00880288  57.00000000  0.00284677  60.00000000  3663.16978958  0.99000000
0.00880290  57.00000000  0.00284677  60.00000000  3663.16986157  0.99000000
0.00880288  57.00000000  0.00284677  60.00000000  3663.16979000  0.99000000
0.00880288  57.00000000  0.00284677  60.00000000  3663.16978958  0.99000000
0.04291799  58.00000000  0.04291799  60.00000000  3663.27060511  0.99000000
0.01236774  50.00000000  0.00857213  60.00000000  3663.29594679  0.99000000
0.00880288  57.00000000  0.00284677  60.00000000  3663.16978958  0.99000000
0.00880288  57.00000000  0.00284677  60.00000000  3663.16978958  0.99000000
0.00880288  57.00000000  0.00284677  60.00000000  3663.16978958  0.99000000
0.00880288  57.00000000  0.00284677  60.00000000  3663.16978958  0.99000000
0.00249801  45.00000000  0.00098146  60.00000000  3636.37751183  0.99000000
0.00880288  57.00000000  0.00284677  60.00000000  3663.16978958  0.99000000
0.00880288  57.00000000  0.00284677  60.00000000  3663.16978958  0.99000000
0.06540723  58.00000000  0.06540723  60.00000000  3366.80576979  0.99000000
0.00881669  57.00000000  0.00284980  60.00000000  3663.20876635  0.99000000
0.01074897  54.00000000  0.00701351  60.00000000  3663.24550103  0.99000000
0.00196747  40.00000000  0.00150979  60.00000000  3248.59949715  0.99000000
0.00880288  57.00000000  0.00284677  60.00000000  3663.16978958  0.99000000
0.00880288  57.00000000  0.00284677  60.00000000  3663.16978958  0.99000000
0.00880288  57.00000000  0.00284677  60.00000000  3663.16978958  0.99000000
0.00880288  57.00000000  0.00284677  60.00000000  3663.16978580  0.99000000
0.00880288  57.00000000  0.00284677  60.00000000  3663.16978958  0.99000000
0.00170241  57.00000000  0.00159524  60.00000000  3655.66835173  0.99000000
0.18072350  58.00000000  0.18072350  60.00000000  2160.69383235  0.99000000
0.00880288  57.00000000  0.00284677  60.00000000  3663.16978958  0.99000000
0.00880288  57.00000000  0.00284677  60.00000000  3663.16978958  0.99000000
0.01270125  58.00000000  0.01270125  60.00000000  3663.16962840  0.99000000
0.00880288  57.00000000  0.00284677  60.00000000  3663.16978958  0.99000000
0.00880288  57.00000000  0.00284677  60.00000000  3663.16978958  0.99000000
0.00880288  57.00000000  0.00284677  60.00000000  3663.16978958  0.99000000
0.00880288  57.00000000  0.00284677  60.00000000  3663.16978958  0.99000000
0.00880288  57.00000000  0.00284677  60.00000000  3663.16978958  0.99000000
0.00880957  57.00000000  0.00284792  60.00000000  3663.19340121  0.99000000
0.00994025  50.00000000  0.00367875  60.00000000  3663.20674490  0.99000000
0.00880288  57.00000000  0.00284677  60.00000000  3663.16978958  0.99000000
0.00880288  57.00000000  0.00284677  60.00000000  3663.16978958  0.99000000
0.00879682  57.00000000  0.00283439  60.00000000  3662.13637481  0.99000000
0.00880288  57.00000000  0.00284677  60.00000000  3663.16978958  0.99000000
0.00784311  58.00000000  0.00784311  60.00000000  3663.17997786  0.99000000
0.00880331  57.00000000  0.00284689  60.00000000  3663.17196649  0.99000000
0.00880288  57.00000000  0.00284677  60.00000000  3663.16978958  0.99000000
0.02991140  58.00000000  0.02991140  60.00000000  3655.68371520  0.99000000
0.00880288  57.00000000  0.00284677  60.00000000  3663.16978958  0.99000000
0.00880288  57.00000000  0.00284677  60.00000000  3663.16978958  0.99000000
0.00880288  57.00000000  0.00284677  60.00000000  3663.16978958  0.99000000
0.01721072  58.00000000  0.01721072  60.00000000  3663.18337433  0.99000000
0.01312787  50.00000000  0.00315918  60.00000000  3663.32276898  0.99000000
0.02657482  48.00000000  0.00656032  60.00000000  3663.40100408  0.99000000
0.00880288  57.00000000  0.00284677  60.00000000  3663.16978958  0.99000000
0.00880288  57.00000000  0.00284677  60.00000000  3663.16978958  0.99000000
0.00880288  57.00000000  0.00284677  60.00000000  3663.16978958  0.99000000
0.00880288  57.00000000  0.00284677  60.00000000  3663.16978948  0.99000000
0.05711295  58.00000000  0.05711295  60.00000000  3663.31786317  0.99000000
0.01511205  52.00000000  0.00027194  60.00000000  3663.28031474  0.99000000
0.00880288  57.00000000  0.00284677  60.00000000  3663.16978958  0.99000000
0.16697013  58.00000000  0.16697013  60.00000000  3665.75090460  0.99000000
0.05964709  56.00000000  0.05719162  60.00000000  3663.58039233  0.99000000
0.00880288  57.00000000  0.00284677  60.00000000  3663.16978958  0.99000000
0.00994025  50.00000000  0.00011001  60.00000000  3663.20628712  0.99000000
0.00880288  57.00000000  0.00284677  60.00000000  3663.16978958  0.99000000
0.00882669  57.00000000  0.00285235  60.00000000  3663.19608779  0.99000000
0.00880288  57.00000000  0.00284677  60.00000000  3663.16978958  0.99000000
0.01312942  50.00000000  0.00912798  60.00000000  3663.32476992  0.99000000
0.00880288  57.00000000  0.00284677  60.00000000  3663.16978958  0.99000000
0.01881172  52.00000000  0.01580614  60.00000000  3650.28246525  0.99000000
0.00995600  50.00000000  0.00369583  60.00000000  3663.26018729  0.99000000
0.00880288  57.00000000  0.00284677  60.00000000  3663.16978958  0.99000000
0.00077194  54.00000000  0.00058800  60.00000000  3619.83034543  0.99000000
0.02870165  58.00000000  0.02870165  60.00000000  3571.25898689  0.99000000
0.00880288  57.00000000  0.00284677  60.00000000  3663.16978958  0.99000000
0.00880288  57.00000000  0.00284677  60.00000000  3663.16978958  0.99000000
0.00880288  57.00000000  0.00284677  60.00000000  3663.16978958  0.99000000
0.00090235  52.00000000  0.00016071  60.00000000  3695.50817094  0.99000000
0.01136659  58.00000000  0.01136659  60.00000000  3663.17959971  0.99000000
0.00678737  58.00000000  0.00678737  60.00000000  3660.70080915  0.99000000
0.00880288  57.00000000  0.00284677  60.00000000  3663.16978958  0.99000000
0.01206781  49.00000000  0.00300374  60.00000000  3663.32103565  0.99000000
0.01916185  55.00000000  0.01868039  60.00000000  3328.39753131  0.99000000
0.00880288  57.00000000  0.00284677  60.00000000  3663.16978958  0.99000000
0.00880288  57.00000000  0.00284677  60.00000000  3663.16978958  0.99000000
0.01046666  57.00000000  0.00408343  60.00000000  3663.01382242  0.99000000
0.00880288  57.00000000  0.00284677  60.00000000  3663.16978958  0.99000000
0.01955160  51.00000000  0.00483857  60.00000000  3662.78898687  0.99000000
0.00880288  57.00000000  0.00284677  60.00000000  3663.16978958  0.99000000
0.03067827  58.00000000  0.03067827  60.00000000  3663.23292497  0.99000000
0.00880288  57.00000000  0.00284677  60.00000000  3663.16978958  0.99000000
0.00089551  56.00000000  0.00056097  60.00000000  2353.16938712  0.99000000
0.00880288  57.00000000  0.00284677  60.00000000  3663.16978958  0.99000000
0.00880288  57.00000000  0.00284677  60.00000000  3663.16978958  0.99000000
0.00880288  57.00000000  0.00284677  60.00000000  3663.16978958  0.99000000
0.00880288  57.00000000  0.00284677  60.00000000  3663.16978958  0.99000000
0.00880288  57.00000000  0.00284677  60.00000000  3663.16978958  0.99000000
0.00880288  57.00000000  0.00284677  60.00000000  3663.16978958  0.99000000
0.02736465  58.00000000  0.02736465  60.00000000  3554.88321096  0.99000000
0.00880288  57.00000000  0.00284677  60.00000000  3663.16978958  0.99000000
0.00880288  57.00000000  0.00284677  60.00000000  3663.16978958  0.99000000
0.00880288  57.00000000  0.00284677  60.00000000  3663.16978968  0.99000000
0.00880288  57.00000000  0.00284677  60.00000000  3663.16978958  0.99000000
0.00590527  46.00000000  0.00155545  60.00000000  3663.17162979  0.99000000
0.01101178  54.00000000  0.00358923  60.00000000  3663.28817665  0.99000000
0.00880288  57.00000000  0.00284676  60.00000000  3663.16979137  0.99000000
0.00880288  57.00000000  0.00284677  60.00000000  3663.16978958  0.99000000
0.00880288  57.00000000  0.00284677  60.00000000  3663.16978958  0.99000000
0.00011035  54.00000000  0.00008326  60.00000000  3411.77852306  0.99000000
0.00880288  57.00000000  0.00284677  60.00000000  3663.16978958  0.99000000
0.00880288  57.00000000  0.00284677  60.00000000  3663.16978958  0.99000000
0.00864521  57.00000000  0.00277538  60.00000000  3659.07657549  0.99000000
0.00100193  55.00000000  0.00059298  60.00000000  2535.93410502  0.99000000
0.00880288  57.00000000  0.00284677  60.00000000  3663.16978958  0.99000000
0.00880288  57.00000000  0.00284677  60.00000000  3663.16978958  0.99000000
0.00267012  42.00000000  0.00231817  60.00000000  2260.01650664  0.99000000
0.00264586  49.00000000  0.00108298  60.00000000  2032.75590725  0.99000000
0.00880288  57.00000000  0.00284677  60.00000000  3663.16978958  0.99000000
0.00880288  57.00000000  0.00284677  60.00000000  3663.16978958  0.99000000
0.00880288  57.00000000  0.00284677  60.00000000  3663.16978958  0.99000000
0.01620718  58.00000000  0.01620718  60.00000000  3662.64985297  0.99000000
0.00723824  58.00000000  0.00723824  60.00000000  3663.16715848  0.99000000
0.00880288  57.00000000  0.00284677  60.00000000  3663.16978958  0.99000000
0.00880288  57.00000000  0.00284677  60.00000000  3663.16978958  0.99000000
0.00880126  57.00000000  0.00284582  60.00000000  3663.17140171  0.99000000
0.05558707  58.00000000  0.05558707  60.00000000  3653.22878001  0.99000000
0.00880288  57.00000000  0.00284674  60.00000000  3663.16976651  0.99000000
0.00606430  57.00000000  0.00193010  60.00000000  3662.85814640  0.99000000
0.00880288  57.00000000  0.00284677  60.00000000  3663.16978958  0.99000000
0.00075806  50.00000000  0.00059856  60.00000000  2967.66518256  0.99000000
0.00894837  58.00000000  0.00894837  60.00000000  3322.72698012  0.99000000
0.00880288  57.00000000  0.00284677  60.00000000  3663.16978958  0.99000000
0.04290195  58.00000000  0.04290195  60.00000000  3663.27060404  0.99000000
0.10154172  58.00000000  0.10154172  60.00000000  3663.40077786  0.99000000
0.00880288  57.00000000  0.00284677  60.00000000  3663.16978958  0.99000000
0.00880288  57.00000000  0.00284677  60.00000000  3663.16978958  0.99000000
0.00880288  57.00000000  0.00284677  60.00000000  3663.16978958  0.99000000
0.00880288  57.00000000  0.00284677  60.00000000  3663.16978958  0.99000000
0.02313844  58.00000000  0.02313844  60.00000000  3589.60476687  0.99000000
0.00880288  57.00000000  0.00284677  60.00000000  3663.16978958  0.99000000
0.00880288  57.00000000  0.00284677  60.00000000  3663.16978958  0.99000000
0.00880288  57.00000000  0.00284677  60.00000000  3663.16978958  0.99000000
