0
12
13
35
24
43
28
24
39
22
38
12
64
13
25
56
41
12
34
63
1
10
1
18
31
12
2
12
28
27
2
13
26
3
41
14
31
25
4
15
15
26
4
1
38
28
5
49
46
53
55
6
59
2
6
39
2
49
35
7
18
32
55
39
8
31
1
48
45
9
63
43
39
22
10
37
0
40
49
22
11
22
24
3
2
12
36
24
25
8
24
13
8
46
4
54
59
14
36
58
57
61
10
15
37
10
62
16
1
16
47
37
57
62
30
37
63
57
18
38
63
48
43
31
3
40
32
63
32
43
10
5
20
21
36
6
63
7
6
22
35
56
35
1
46
23
4
37
42
36
24
63
4
37
64
55
25
10
45
60
40
62
13
26
15
62
9
15
47
61
63
12
58
23
23
29
63
8
58
23
13
56
14
30
24
50
57
50
14
31
1
10
63
25
5
8
59
10
12
57
4
62
7
34
1
0
56
12
15
63
19
9
3
18
36
55
22
37
30
18
10
10
2
57
29
31
10
2
39
33
55
24
28
63
10
17
9
10
4
19
8
60
61
61
57
64
17
29
43
2
24
18
34
4
32
27
2
2
28
64
3
60
31
25
4
64
34
26
61
47
38
28
40
19
1
41
63
6
0
25
23
33
15
1
8
64
1
12
29
39
16
18
0
52
45
9
42
24
28
34
12
28
0
36
49
30
11
22
22
16
55
49
34
24
48
50
3
34
8
35
14
54
64
59
30
61
15
61
63
19
61
3
59
63
57
61
47
59
57
21
63
15
57
63
42
64
61
63
63
19
63
63
32
63
64
64
58
53
64
26
36
64
62
64
62
45
36
63
63
63
61
18
64
62
64
62
64
62
53
61
64
40
62
62
47
62
64
64
62
64
61
62
58
15
15
61
63
7
55
7
61
38
63
63
58
23
33
56
22
59
64
63
57
50
11
31
53
63
63
4
5
53
59
20
27
62
57
62
57
53
59
23
22
12
2
63
63
39
3
45
4
12
56
44
29
37
16
64
40
57
29
13
