12 12 12 9 9 15 15 15 15 15 15 15 15 15 15 15 9 9 9 9 9 9 3 0 0 0 0 13 13 13 5 13 5 13 13 13 13 13 13 13 7 7 7 4 7 1 16 16 16 16 7 4 8 1 10 10 10 10 10 1 5 1 1 1 1 1 16 16 5 7 1 11 1 1 1 1 1 10 1 1
12 12 12 9 9 9 15 15 15 15 15 15 15 15 15 9 1 9 9 9 9 3 3 3 13 13 13 14 14 14 14 5 14 14 13 13 13 13 13 13 4 14 8 8 8 1 4 1 1 1 1 1 5 1 4 4 7 4 4 4 4 4 8 3 3 4 16 16 4 4 4 4 16 4 8 4 4 4 8 1
12 12 12 9 0 0 15 15 15 15 15 15 15 15 15 9 9 9 9 9 9 9 3 10 13 13 13 13 13 5 5 5 13 13 5 13 5 13 13 13 7 7 1 16 16 16 4 16 16 16 4 11 11 11 11 11 11 11 11 11 4 11 11 11 16 16 2 4 11 11 4 4 4 1 0 10 4 4 4 4
12 12 12 12 9 15 15 15 15 15 15 15 15 15 15 1 9 9 9 9 9 9 9 9 3 0 0 0 13 13 5 5 5 5 5 5 5 5 13 6 13 6 6 6 6 6 6 6 6 16 16 6 6 6 6 6 7 0 0 8 0 0 0 2 2 16 16 8 1 1 1 8 8 6 6 6 11 3 3 3
12 12 12 12 15 15 15 15 15 15 15 15 16 15 15 1 9 9 9 9 9 9 9 9 9 3 0 0 13 13 13 13 5 13 13 13 13 13 5 13 6 3 3 16 16 16 16 16 16 1 1 1 6 0 0 0 0 0 0 0 0 0 0 4 4 4 16 15 16 5 3 2 2 2 3 3 3 3 3 3
12 12 12 9 15 15 15 15 15 15 15 15 15 15 15 1 9 9 9 9 9 9 9 9 3 0 0 3 0 13 5 5 5 13 13 5 5 13 13 5 5 6 7 7 15 3 3 6 6 6 6 6 6 6 6 6 6 6 7 2 8 2 2 2 16 16 2 2 2 2 2 2 2 2 2 2 2 2 2 2
12 12 12 12 15 15 15 15 15 15 15 15 15 15 15 1 9 9 9 9 9 9 12 9 9 3 0 13 13 13 13 13 5 13 13 13 13 5 13 6 6 6 6 6 6 3 3 6 6 6 1 1 6 6 1 1 0 0 0 0 0 0 5 4 4 4 4 4 4 4 4 16 5 14 6 6 6 14 6 6
12 12 12 12 15 15 15 15 15 15 15 15 15 15 15 1 9 9 9 9 9 9 9 9 9 3 0 0 13 13 13 13 5 13 13 13 5 13 13 5 5 6 16 16 16 16 16 16 16 1 1 6 1 1 1 1 1 0 0 0 0 5 4 0 16 16 5 3 3 3 2 3 3 3 3 3 3 3 3 16
12 12 12 12 15 15 15 15 15 15 15 15 15 15 15 1 15 9 9 9 9 9 9 9 9 3 0 0 0 13 13 13 5 13 13 13 13 13 6 6 6 6 3 3 16 16 16 16 16 1 1 1 6 6 6 12 12 0 0 12 12 12 6 2 6 6 16 4 4 4 16 6 6 6 1 1 4 1 1 1
12 12 12 12 10 15 15 15 15 15 15 15 15 15 15 1 9 9 9 9 9 9 9 9 3 0 0 0 13 13 13 5 13 5 13 5 13 13 5 5 5 6 3 3 3 3 3 1 1 1 6 1 1 6 1 1 1 1 1 1 1 1 5 5 16 16 4 4 5 4 4 4 4 4 4 4 4 4 4 1
