16
19
8
29
7
20
13
31
12
17
32
15
22
22
36
11
1
0
1
25
1
10
21
2
11
2
35
27
2
3
3
13
18
19
14
4
4
24
20
23
5
5
15
28
6
6
6
17
17
17
7
17
0
23
18
18
8
28
7
3
19
9
33
3
26
20
10
36
21
36
11
21
4
28
1
12
35
23
23
23
13
23
29
13
14
9
35
6
25
15
0
15
0
11
26
16
16
35
17
17
8
0
28
9
13
8
29
19
35
19
16
19
30
0
13
20
35
31
12
34
32
21
22
22
36
2
33
20
21
9
23
34
24
35
36
22
35
25
21
35
2
26
5
15
22
23
10
24
20
18
26
25
26
17
6
6
15
27
13
17
32
32
22
23
35
34
31
34
25
36
29
36
27
3
8
10
10
36
36
29
36
35
35
28
35
12
35
23
35
23
35
36
36
36
36
30
36
36
33
35
35
36
16
36
26
16
35
35
17
17
29
34
34
36
36
34
29
1
36
35
35
