8 12 12 8 8 8 8 8 8 8 8 8 8 12 12 12 12 12 12 12 12 12 15 12 12 12 12 12 9 16 16 8 16 16 16 8 8 8 12 12 12 12 12 12 12 10 10 10 10 10 14 14 14 14 16 8 8 8 8 8 8 2 4 8 8 8 8 8 8 8 12 12 12 12 12 12 8 12 15 12
8 8 8 8 8 8 8 8 8 8 8 8 8 8 12 12 12 12 12 12 12 12 12 12 12 12 12 12 12 12 12 12 12 12 8 8 8 8 8 8 8 8 8 8 12 12 12 12 12 12 8 12 12 12 12 12 12 12 12 12 12 12 12 8 8 8 8 8 8 8 8 8 8 8 8 8 8 12 12 10
8 12 12 8 8 8 8 8 8 8 8 8 8 12 12 12 12 12 12 12 12 12 12 12 12 11 12 12 15 12 12 12 7 8 12 12 12 12 12 12 12 12 12 12 12 12 15 15 15 15 15 15 8 14 8 16 16 16 16 2 2 2 11 12 12 12 12 12 12 1 12 12 12 14 14 8 16 16 16 3
8 12 12 8 8 8 8 8 8 8 8 8 8 12 12 12 12 12 12 12 12 12 12 12 12 12 12 9 16 16 8 16 16 16 16 8 4 4 8 8 12 12 12 12 10 10 10 10 10 14 14 14 14 14 14 16 8 8 8 8 8 8 8 11 12 8 8 12 12 10 12 12 12 8 8 8 8 16 16 16
8 12 12 8 8 8 8 8 8 8 8 8 8 12 12 12 12 12 12 12 12 12 12 12 12 12 12 12 12 12 12 12 16 16 8 12 12 12 12 12 12 8 11 12 12 10 10 10 10 10 10 8 8 8 8 8 8 8 2 16 2 8 11 8 8 8 12 12 12 12 12 12 12 12 8 8 16 16 16 16
8 12 12 8 8 8 8 8 8 8 8 8 8 12 12 12 12 12 12 12 12 12 12 12 12 12 12 7 12 12 16 16 16 16 16 16 16 16 16 16 4 8 8 8 8 8 8 8 12 12 12 12 12 12 12 12 8 14 14 14 14 14 14 14 14 14 14 14 16 11 11 11 11 12 12 12 12 12 12 12
8 12 12 1 16 16 16 16 16 16 16 16 16 12 12 12 12 12 12 12 12 12 12 12 12 12 16 16 16 16 16 8 8 8 12 12 12 12 12 12 12 14 14 14 14 14 14 14 14 14 14 14 14 16 16 7 12 11 12 12 12 16 12 12 12 8 8 8 11 12 12 11 11 16 12 8 4 4 4 4
8 8 8 8 8 8 8 8 8 8 8 8 8 8 8 12 12 12 12 12 12 12 12 12 12 12 12 12 6 12 12 8 8 8 8 8 8 8 8 8 8 8 8 8 8 8 12 12 12 12 12 8 8 8 8 8 8 8 8 8 5 8 8 8 8 12 12 12 12 12 12 12 12 12 12 12 12 12 12 12
8 8 8 8 8 8 8 8 8 8 8 8 8 8 8 12 12 12 12 12 12 12 12 12 12 12 12 12 12 12 12 12 12 12 12 12 8 12 12 12 12 12 12 8 8 8 8 8 8 8 8 8 8 8 8 8 12 12 12 12 12 12 12 12 12 8 8 8 8 8 8 8 8 8 8 8 8 8 8 8
1 16 16 16 16 16 16 16 16 16 12 12 12 12 12 12 12 12 12 12 12 16 16 16 16 16 8 8 8 12 12 12 12 12 12 14 14 14 14 14 14 14 14 14 14 14 6 14 14 11 11 12 12 12 16 16 16 16 16 16 12 12 12 11 11 11 11 11 11 11 11 11 11 11 11 16 16 16 16 16
