# Results obtained using DQN. CPU time: 121.99581837654114
0.01500384  77.00000000  0.01471328  80.00000000  2443.27587049  0.00000000
0.00418598  65.00000000  0.00091954  80.00000000  2689.62175566  0.00000000
0.00014055  78.00000000  0.00014055  80.00000000  1637.67409706  0.00000000
0.00334077  78.00000000  0.00334077  80.00000000  1461.36841449  0.00000000
0.00084550  78.00000000  0.00084550  80.00000000  2547.71934423  0.00000000
0.00053018  76.00000000  0.00025493  80.00000000  2132.00823091  0.00000000
0.00033089  70.00000000  0.00012062  80.00000000  1698.20551038  1.05006034
0.10751370  76.00000000  0.10039178  80.00000000  4062.32604194  0.99000000
0.10751370  76.00000000  0.10039178  80.00000000  4062.32604194  0.99000000
0.01337775  77.00000000  0.01300858  80.00000000  4065.21127371  0.99000000
0.02370462  67.00000000  0.01515126  80.00000000  3965.76363940  0.99000000
0.10751370  76.00000000  0.10039178  80.00000000  4062.32604194  0.99000000
0.01190099  58.00000000  0.00734844  80.00000000  4067.27555770  0.99000000
0.10751370  76.00000000  0.10039178  80.00000000  4062.32604194  0.99000000
0.10751370  76.00000000  0.10039178  80.00000000  4062.32604194  0.99000000
0.03465248  76.00000000  0.03411204  80.00000000  4062.60515902  0.99000000
0.10751370  76.00000000  0.10039178  80.00000000  4062.32604194  0.99000000
0.10751370  76.00000000  0.10039178  80.00000000  4062.32604194  0.99000000
0.10751370  76.00000000  0.10039178  80.00000000  4062.32604194  0.99000000
0.05413658  65.00000000  0.00326228  80.00000000  3751.15527166  0.99000000
0.04783802  73.00000000  0.03731369  80.00000000  4060.43834500  0.99000000
0.10751370  76.00000000  0.10039178  80.00000000  4062.32604194  0.99000000
0.10751370  76.00000000  0.10039178  80.00000000  4062.32604194  0.99000000
0.01019534  60.00000000  0.00807086  80.00000000  4061.95528679  0.99000000
0.10751370  76.00000000  0.10039178  80.00000000  4062.32604194  0.99000000
0.10751370  76.00000000  0.10039178  80.00000000  4062.32604194  0.99000000
0.06605460  52.00000000  0.01000479  80.00000000  3928.50243389  0.99000000
0.10751370  76.00000000  0.10039178  80.00000000  4062.32604194  0.99000000
0.01508360  74.00000000  0.01370022  80.00000000  4061.70396573  0.99000000
0.01754566  75.00000000  0.01737712  80.00000000  4061.94953216  0.99000000
0.10751370  76.00000000  0.10039178  80.00000000  4062.32604194  0.99000000
0.00544721  60.00000000  0.00014165  80.00000000  2816.53739656  0.99000000
0.03326949  77.00000000  0.03184508  80.00000000  4061.97308207  0.99000000
0.10751370  76.00000000  0.10039178  80.00000000  4062.32604194  0.99000000
0.04103690  68.00000000  0.03063496  80.00000000  4062.72373438  0.99000000
0.02224083  57.00000000  0.01126171  80.00000000  2261.67153292  0.99000000
0.10780147  76.00000000  0.10067232  80.00000000  4062.32418073  0.99000000
0.10696359  76.00000000  0.10626521  80.00000000  4062.34373507  0.99000000
0.10751370  76.00000000  0.10039178  80.00000000  4062.32604194  0.99000000
0.10590074  76.00000000  0.09879460  80.00000000  4062.19038368  0.99000000
0.06695776  62.00000000  0.01002906  80.00000000  3685.30739517  0.99000000
0.10751370  76.00000000  0.10039178  80.00000000  4062.32604194  0.99000000
0.05962701  57.00000000  0.02307100  80.00000000  3843.60697125  0.99000000
0.01592115  78.00000000  0.01592115  80.00000000  3087.97117580  0.99000000
0.10751370  76.00000000  0.10039178  80.00000000  4062.32604194  0.99000000
0.10751370  76.00000000  0.10039178  80.00000000  4062.32604194  0.99000000
0.10685065  76.00000000  0.10606734  80.00000000  4062.32200545  0.99000000
0.10751370  76.00000000  0.10039178  80.00000000  4062.32604194  0.99000000
0.04090022  68.00000000  0.00156470  80.00000000  4000.12670081  0.99000000
0.10751370  76.00000000  0.10039178  80.00000000  4062.32604194  0.99000000
0.04562988  73.00000000  0.04104010  80.00000000  4071.87405717  0.99000000
0.10751370  76.00000000  0.10039178  80.00000000  4062.32604194  0.99000000
0.10751370  76.00000000  0.10039178  80.00000000  4062.32604194  0.99000000
0.03325726  77.00000000  0.03183207  80.00000000  4061.97069895  0.99000000
0.10751370  76.00000000  0.10039178  80.00000000  4062.32604194  0.99000000
0.04755013  76.00000000  0.04666044  80.00000000  4061.99355776  0.99000000
0.10751370  76.00000000  0.10039178  80.00000000  4062.32604194  0.99000000
0.10751370  76.00000000  0.10039178  80.00000000  4062.32604194  0.99000000
0.02774078  67.00000000  0.00415660  80.00000000  3950.66135840  0.99000000
0.10751370  76.00000000  0.10039178  80.00000000  4062.32604194  0.99000000
0.10751370  76.00000000  0.10039178  80.00000000  4062.32604194  0.99000000
0.10751370  76.00000000  0.10039178  80.00000000  4062.32604194  0.99000000
0.10751370  76.00000000  0.10039178  80.00000000  4062.32604194  0.99000000
0.10751370  76.00000000  0.10039178  80.00000000  4062.32604194  0.99000000
0.10751370  76.00000000  0.10039178  80.00000000  4062.32604194  0.99000000
0.05165367  66.00000000  0.00446435  80.00000000  4062.12557053  0.99000000
0.05108959  68.00000000  0.00165747  80.00000000  4052.23027312  0.99000000
0.10751370  76.00000000  0.10039178  80.00000000  4062.32604194  0.99000000
0.05704059  75.00000000  0.05610484  80.00000000  4080.30313943  0.99000000
0.10751370  76.00000000  0.10039178  80.00000000  4062.32604194  0.99000000
0.10731276  76.00000000  0.10019708  80.00000000  4062.31501784  0.99000000
0.11610761  76.00000000  0.11219638  80.00000000  4062.45067744  0.99000000
0.10751370  76.00000000  0.10039178  80.00000000  4062.32604194  0.99000000
0.08930095  71.00000000  0.02074185  80.00000000  2774.02138992  0.99000000
0.01240223  72.00000000  0.00991477  80.00000000  4061.94184362  0.99000000
0.00567289  68.00000000  0.00556111  80.00000000  4061.78128184  0.99000000
0.10751370  76.00000000  0.10039178  80.00000000  4062.32604194  0.99000000
0.02552418  65.00000000  0.01628280  80.00000000  3759.05666092  0.99000000
0.10751370  76.00000000  0.10039178  80.00000000  4062.32604194  0.99000000
0.10751370  76.00000000  0.10039178  80.00000000  4062.32604194  0.99000000
0.06980558  78.00000000  0.06980558  80.00000000  4062.80601234  0.99000000
0.10751370  76.00000000  0.10039178  80.00000000  4062.32604194  0.99000000
0.10895086  77.00000000  0.10886826  80.00000000  4062.34402356  0.99000000
0.02096229  66.00000000  0.00677777  80.00000000  4061.98064617  0.99000000
0.10751370  76.00000000  0.10039178  80.00000000  4062.32604194  0.99000000
0.10751370  76.00000000  0.10039178  80.00000000  4062.32604194  0.99000000
0.10751370  76.00000000  0.10039178  80.00000000  4062.32604194  0.99000000
0.12337877  75.00000000  0.09478595  80.00000000  4062.74601547  0.99000000
0.10751370  76.00000000  0.10039178  80.00000000  4062.32604194  0.99000000
0.10751370  76.00000000  0.10039178  80.00000000  4062.32604194  0.99000000
0.10751370  76.00000000  0.10039178  80.00000000  4062.32604194  0.99000000
0.10751370  76.00000000  0.10039178  80.00000000  4062.32604194  0.99000000
0.11426017  68.00000000  0.11153679  80.00000000  3966.51951265  0.99000000
0.10751370  76.00000000  0.10039178  80.00000000  4062.32604194  0.99000000
0.00919678  76.00000000  0.00818484  80.00000000  4061.93756898  0.99000000
0.00551616  72.00000000  0.00429768  80.00000000  4061.93551100  0.99000000
0.10751370  76.00000000  0.10039178  80.00000000  4062.32604194  0.99000000
0.10751370  76.00000000  0.10039178  80.00000000  4062.32604194  0.99000000
0.10751370  76.00000000  0.10039178  80.00000000  4062.32604194  0.99000000
0.05197452  69.00000000  0.03109289  80.00000000  3846.19375033  0.99000000
0.10751370  76.00000000  0.10039178  80.00000000  4062.32604194  0.99000000
0.10751370  76.00000000  0.10039178  80.00000000  4062.32604194  0.99000000
0.00607234  56.00000000  0.00387120  80.00000000  4085.79168631  0.99000000
0.10751370  76.00000000  0.10039178  80.00000000  4062.32604194  0.99000000
0.10751370  76.00000000  0.10039178  80.00000000  4062.32604194  0.99000000
0.10751370  76.00000000  0.10257651  80.00000000  4062.32854270  0.99000000
0.08228172  76.00000000  0.07496356  80.00000000  4062.16373459  0.99000000
0.10750368  76.00000000  0.10038198  80.00000000  4062.32335209  0.99000000
0.10751370  76.00000000  0.10039178  80.00000000  4062.32604194  0.99000000
0.10751370  76.00000000  0.10039178  80.00000000  4062.32604194  0.99000000
0.07656493  77.00000000  0.07530908  80.00000000  4062.12777597  0.99000000
0.10751370  76.00000000  0.10039178  80.00000000  4062.32604194  0.99000000
0.10751370  76.00000000  0.09973616  80.00000000  4062.32564874  0.99000000
0.10751370  76.00000000  0.10039178  80.00000000  4062.32604194  0.99000000
0.03415598  72.00000000  0.02721435  80.00000000  3875.30673767  0.99000000
0.02445907  71.00000000  0.01820129  80.00000000  3836.65150079  0.99000000
0.12586802  78.00000000  0.12586802  80.00000000  2585.29034226  0.99000000
0.03821622  77.00000000  0.03684510  80.00000000  4061.98578290  0.99000000
0.10751370  76.00000000  0.10039178  80.00000000  4062.32604194  0.99000000
0.04561431  73.00000000  0.04102668  80.00000000  4071.87190827  0.99000000
0.05546531  77.00000000  0.05486154  80.00000000  4100.75417077  0.99000000
0.10751370  76.00000000  0.10039178  80.00000000  4062.32604194  0.99000000
0.00762860  69.00000000  0.00640526  80.00000000  4061.93714810  0.99000000
0.10751370  76.00000000  0.10039178  80.00000000  4062.32604194  0.99000000
0.10751370  76.00000000  0.10039178  80.00000000  4062.32604194  0.99000000
0.02150538  76.00000000  0.02071632  80.00000000  3895.15313453  0.99000000
0.01283347  67.00000000  0.00555378  80.00000000  3308.83982525  0.99000000
0.06012247  78.00000000  0.06012247  80.00000000  4062.07128880  0.99000000
0.07765291  69.00000000  0.07387370  80.00000000  4071.80598079  0.99000000
0.10892905  77.00000000  0.10884463  80.00000000  4062.35704600  0.99000000
0.01991027  69.00000000  0.01821114  80.00000000  4061.73622668  0.99000000
0.08228172  76.00000000  0.07496356  80.00000000  4062.16373459  0.99000000
0.10887749  77.00000000  0.10879633  80.00000000  4062.36271846  0.99000000
0.10751059  76.00000000  0.10038894  80.00000000  4062.32593746  0.99000000
0.07278488  76.00000000  0.07176393  80.00000000  4061.20118825  0.99000000
0.10751370  76.00000000  0.10039178  80.00000000  4062.32604194  0.99000000
0.01240223  72.00000000  0.01218198  80.00000000  4061.94234140  0.99000000
0.10929165  74.00000000  0.08083470  80.00000000  4063.00171578  0.99000000
0.10775707  76.00000000  0.10062784  80.00000000  4062.36475832  0.99000000
0.10159143  78.00000000  0.10159143  80.00000000  4062.31113580  0.99000000
0.10751370  76.00000000  0.10039178  80.00000000  4062.32604194  0.99000000
0.05355894  73.00000000  0.04007853  80.00000000  4062.62425862  0.99000000
0.10751370  76.00000000  0.10039178  80.00000000  4062.32604194  0.99000000
0.10751370  76.00000000  0.10039178  80.00000000  4062.32604194  0.99000000
0.10744124  76.00000000  0.10031204  80.00000000  4062.26968727  0.99000000
0.10751370  76.00000000  0.10039178  80.00000000  4062.32604194  0.99000000
0.10751370  76.00000000  0.10039178  80.00000000  4062.32604194  0.99000000
0.11423108  78.00000000  0.11423108  80.00000000  4062.18100770  0.99000000
0.10751370  76.00000000  0.10039178  80.00000000  4062.32604194  0.99000000
0.01183997  76.00000000  0.01170244  80.00000000  4061.93844704  0.99000000
0.10751370  76.00000000  0.10039178  80.00000000  4062.32604194  0.99000000
0.10751370  76.00000000  0.10039178  80.00000000  4062.32604194  0.99000000
0.10243334  75.00000000  0.10165279  80.00000000  4062.33680953  0.99000000
0.10751370  76.00000000  0.10258396  80.00000000  4062.32755636  0.99000000
0.03401484  70.00000000  0.03284086  80.00000000  4062.05755457  0.99000000
0.10751370  76.00000000  0.10039178  80.00000000  4062.32604194  0.99000000
0.10751370  76.00000000  0.10039178  80.00000000  4062.32604194  0.99000000
0.07431855  78.00000000  0.07431855  80.00000000  4062.06904726  0.99000000
0.10593157  76.00000000  0.09884949  80.00000000  4062.19336692  0.99000000
0.04783802  73.00000000  0.03731369  80.00000000  4060.43834500  0.99000000
0.10751059  76.00000000  0.10038894  80.00000000  4062.32593746  0.99000000
0.10751370  76.00000000  0.10039178  80.00000000  4062.32604194  0.99000000
0.00843235  76.00000000  0.00816933  80.00000000  4061.93903380  0.99000000
0.15629389  77.00000000  0.14954269  80.00000000  4062.84450058  0.99000000
0.03041416  78.00000000  0.03041416  80.00000000  4061.95769562  0.99000000
0.10751370  76.00000000  0.10039178  80.00000000  4062.32604194  0.99000000
0.10751370  76.00000000  0.10039178  80.00000000  4062.32604194  0.99000000
0.10751370  76.00000000  0.10039178  80.00000000  4062.32604194  0.99000000
0.10751370  76.00000000  0.10039178  80.00000000  4062.32604194  0.99000000
0.00548587  60.00000000  0.00057268  80.00000000  2817.89082862  0.99000000
0.10751370  76.00000000  0.10039178  80.00000000  4062.32604194  0.99000000
0.05353018  73.00000000  0.04066609  80.00000000  4062.61393541  0.99000000
0.16922954  77.00000000  0.16749209  80.00000000  4062.72213024  0.99000000
0.10751370  76.00000000  0.10039178  80.00000000  4062.32604194  0.99000000
0.10751370  76.00000000  0.10039178  80.00000000  4062.32604194  0.99000000
0.10751370  76.00000000  0.10039178  80.00000000  4062.32604194  0.99000000
0.10751370  76.00000000  0.10039178  80.00000000  4062.32604194  0.99000000
0.10751370  76.00000000  0.10039178  80.00000000  4062.32604194  0.99000000
0.10751370  76.00000000  0.10039178  80.00000000  4062.32604194  0.99000000
0.01605780  76.00000000  0.01565637  80.00000000  4062.82679999  0.99000000
0.10751370  76.00000000  0.10039178  80.00000000  4062.32604194  0.99000000
0.01204433  67.00000000  0.00487042  80.00000000  4061.70474249  0.99000000
0.10751370  76.00000000  0.10039178  80.00000000  4062.32604194  0.99000000
0.10751370  76.00000000  0.10039178  80.00000000  4062.32604194  0.99000000
0.10751370  76.00000000  0.10039178  80.00000000  4062.32604194  0.99000000
0.04155729  78.00000000  0.04155729  80.00000000  4065.95180367  0.99000000
0.10751370  76.00000000  0.10039178  80.00000000  4062.32604194  0.99000000
0.10751370  76.00000000  0.10039178  80.00000000  4062.32604194  0.99000000
0.01944046  76.00000000  0.01927324  80.00000000  4062.01861469  0.99000000
0.00843235  76.00000000  0.00816933  80.00000000  4061.93903380  0.99000000
0.10751370  76.00000000  0.10039178  80.00000000  4062.32604194  0.99000000
0.10751370  76.00000000  0.10039178  80.00000000  4062.32604194  0.99000000
0.03548260  71.00000000  0.01644374  80.00000000  3986.69247726  0.99000000
0.10751370  76.00000000  0.10039178  80.00000000  4062.32604194  0.99000000
0.21976016  72.00000000  0.13308553  80.00000000  2595.64764192  0.99000000
0.10751370  76.00000000  0.10039178  80.00000000  4062.32604194  0.99000000
0.10751370  76.00000000  0.10039178  80.00000000  4062.32604194  0.99000000
0.05014710  74.00000000  0.03552979  80.00000000  4062.04671230  0.99000000
0.10751370  76.00000000  0.10039178  80.00000000  4062.32604194  0.99000000
0.10751370  76.00000000  0.10039178  80.00000000  4062.32604194  0.99000000
0.10751370  76.00000000  0.10039178  80.00000000  4062.32604194  0.99000000
0.10751370  76.00000000  0.10039178  80.00000000  4062.32604194  0.99000000
0.02399842  78.00000000  0.02399842  80.00000000  4061.94869493  0.99000000
0.10751370  76.00000000  0.10039178  80.00000000  4062.32604194  0.99000000
0.10751370  76.00000000  0.10039178  80.00000000  4062.32604194  0.99000000
0.11022404  77.00000000  0.10983255  80.00000000  4062.33466029  0.99000000
0.10751370  76.00000000  0.10039178  80.00000000  4062.32604194  0.99000000
0.02396603  62.00000000  0.01098272  80.00000000  3706.05390250  0.99000000
0.08699170  70.00000000  0.03687766  80.00000000  4100.45470502  0.99000000
0.10751370  76.00000000  0.10039178  80.00000000  4062.32604194  0.99000000
0.01959999  70.00000000  0.00789490  80.00000000  4039.56704533  0.99000000
0.10751370  76.00000000  0.10039178  80.00000000  4062.32604194  0.99000000
0.10751370  76.00000000  0.10039178  80.00000000  4062.32604194  0.99000000
0.10744124  76.00000000  0.10031204  80.00000000  4062.26968727  0.99000000
0.01143441  78.00000000  0.01143441  80.00000000  4061.93496558  0.99000000
0.10759653  76.00000000  0.10047143  80.00000000  4062.32379492  0.99000000
0.03147985  71.00000000  0.00730610  80.00000000  4075.77706138  0.99000000
0.03957071  72.00000000  0.02906650  80.00000000  4062.38095649  0.99000000
0.10751370  76.00000000  0.10039178  80.00000000  4062.32604194  0.99000000
0.10751370  76.00000000  0.10039178  80.00000000  4062.32604194  0.99000000
0.10751370  76.00000000  0.10039178  80.00000000  4062.32604194  0.99000000
0.10751370  76.00000000  0.10039178  80.00000000  4062.32604194  0.99000000
0.08572974  78.00000000  0.08572974  80.00000000  4065.96532147  0.99000000
0.10751370  76.00000000  0.10737651  80.00000000  4062.33185700  0.99000000
0.08901302  69.00000000  0.06245043  80.00000000  4095.10940387  0.99000000
0.08742977  68.00000000  0.08640514  80.00000000  3985.82814326  0.99000000
0.00024153  61.00000000  0.00013226  80.00000000  4113.49363831  0.99000000
0.10751370  76.00000000  0.10039178  80.00000000  4062.32604194  0.99000000
0.10751370  76.00000000  0.10039178  80.00000000  4062.32604194  0.99000000
0.03903579  68.00000000  0.00042619  80.00000000  3998.05570062  0.99000000
0.10748500  76.00000000  0.10033153  80.00000000  4062.27817371  0.99000000
0.06109896  76.00000000  0.05660010  80.00000000  2717.57091546  0.99000000
0.10751278  76.00000000  0.10039085  80.00000000  4062.32603035  0.99000000
0.10751370  76.00000000  0.10039178  80.00000000  4062.32604194  0.99000000
0.10751370  76.00000000  0.10039178  80.00000000  4062.32604194  0.99000000
0.01528324  74.00000000  0.01477537  80.00000000  4040.62265329  0.99000000
0.10751370  76.00000000  0.10039178  80.00000000  4062.32604194  0.99000000
0.10608130  77.00000000  0.10605451  80.00000000  4062.34399594  0.99000000
0.10948749  77.00000000  0.10922809  80.00000000  4062.36796664  0.99000000
0.10751370  76.00000000  0.10039178  80.00000000  4062.32604194  0.99000000
0.10751370  76.00000000  0.10039178  80.00000000  4062.32604194  0.99000000
0.01680526  78.00000000  0.01680526  80.00000000  3979.69267308  0.99000000
0.06536715  76.00000000  0.06450652  80.00000000  4063.29793822  0.99000000
0.00857577  68.00000000  0.00709362  80.00000000  4061.93974527  0.99000000
0.13514121  63.00000000  0.01613158  80.00000000  3833.11997192  0.99000000
0.10751370  76.00000000  0.10039178  80.00000000  4062.32604194  0.99000000
0.14926718  77.00000000  0.14575779  80.00000000  4062.69532646  0.99000000
0.07247053  69.00000000  0.07064524  80.00000000  4058.09396810  0.99000000
0.05546531  77.00000000  0.05486154  80.00000000  4100.75417077  0.99000000
0.10751370  76.00000000  0.10039178  80.00000000  4062.32604194  0.99000000
0.02133897  67.00000000  0.01497302  80.00000000  4061.95435713  0.99000000
0.37142081  71.00000000  0.27025842  80.00000000  4071.95491615  0.99000000
0.04141916  72.00000000  0.03132802  80.00000000  4062.10855774  0.99000000
0.10751370  76.00000000  0.10039178  80.00000000  4062.32604194  0.99000000
0.10751370  76.00000000  0.10039178  80.00000000  4062.32604194  0.99000000
0.10751389  76.00000000  0.09973723  80.00000000  4062.32562802  0.99000000
0.17713137  73.00000000  0.12917834  80.00000000  2535.69491557  0.99000000
0.10751370  76.00000000  0.10039178  80.00000000  4062.32604194  0.99000000
0.10751370  76.00000000  0.10039178  80.00000000  4062.32604194  0.99000000
0.10895134  77.00000000  0.10886463  80.00000000  4062.35438079  0.99000000
0.10751370  76.00000000  0.10039178  80.00000000  4062.32604194  0.99000000
0.10751370  76.00000000  0.10039178  80.00000000  4062.32604194  0.99000000
0.10751370  76.00000000  0.10039178  80.00000000  4062.32604194  0.99000000
0.06776929  65.00000000  0.01300869  80.00000000  2286.29220759  0.99000000
0.10700298  76.00000000  0.09986267  80.00000000  4062.33040754  0.99000000
0.01041033  73.00000000  0.01000274  80.00000000  4085.79646739  0.99000000
0.05694426  71.00000000  0.04266698  80.00000000  4071.53057460  0.99000000
0.08886547  68.00000000  0.06840608  80.00000000  3404.09222155  0.99000000
0.13355120  76.00000000  0.12514644  80.00000000  4062.70017554  0.99000000
0.10751370  76.00000000  0.10039178  80.00000000  4062.32604194  0.99000000
0.10751370  76.00000000  0.10039178  80.00000000  4062.32604194  0.99000000
0.10751370  76.00000000  0.10039178  80.00000000  4062.32604194  0.99000000
0.10751370  76.00000000  0.10039178  80.00000000  4062.32604194  0.99000000
0.12912465  76.00000000  0.11295711  80.00000000  4062.64515312  0.99000000
0.10751370  76.00000000  0.10039178  80.00000000  4062.32604194  0.99000000
0.10751370  76.00000000  0.10039178  80.00000000  4062.32604194  0.99000000
0.11243069  77.00000000  0.11070056  80.00000000  4062.43567864  0.99000000
0.07148421  78.00000000  0.07148421  80.00000000  4066.04863020  0.99000000
0.10763745  76.00000000  0.10050436  80.00000000  4062.44577902  0.99000000
0.02667780  73.00000000  0.01683171  80.00000000  4061.99003151  0.99000000
0.20926775  57.00000000  0.16838054  80.00000000  3847.89484225  0.99000000
0.19718342  73.00000000  0.15782004  80.00000000  3901.89718146  0.99000000
0.03880353  71.00000000  0.01412438  80.00000000  4061.92743554  0.99000000
0.10751370  76.00000000  0.10039178  80.00000000  4062.32604194  0.99000000
0.02206464  74.00000000  0.02156098  80.00000000  4061.74946856  0.99000000
0.11611706  76.00000000  0.10672598  80.00000000  4062.51705421  0.99000000
0.02213351  75.00000000  0.02019166  80.00000000  4007.91261725  0.99000000
0.10751370  76.00000000  0.10039178  80.00000000  4062.32604194  0.99000000
0.08239625  76.00000000  0.08185485  80.00000000  4063.92429089  0.99000000
0.02530536  70.00000000  0.01098200  80.00000000  3981.52853918  0.99000000
0.10751370  76.00000000  0.10039178  80.00000000  4062.32604194  0.99000000
0.10751370  76.00000000  0.10039178  80.00000000  4062.32604194  0.99000000
0.10751370  76.00000000  0.10039178  80.00000000  4062.32604194  0.99000000
0.10708813  76.00000000  0.09958190  80.00000000  4062.32411389  0.99000000
0.10751370  76.00000000  0.10039178  80.00000000  4062.32604194  0.99000000
0.10666171  76.00000000  0.10575900  80.00000000  4062.33834306  0.99000000
0.07875598  75.00000000  0.06348355  80.00000000  4062.18508920  0.99000000
0.10751370  76.00000000  0.10039178  80.00000000  4062.32604194  0.99000000
0.03500274  77.00000000  0.03443043  80.00000000  4062.01806108  0.99000000
0.03321967  59.00000000  0.00436267  80.00000000  3636.47561666  0.99000000
0.03094966  78.00000000  0.03094966  80.00000000  4061.94720835  0.99000000
0.04167275  78.00000000  0.04167275  80.00000000  3905.75546839  0.99000000
0.10751370  76.00000000  0.10039178  80.00000000  4062.32604194  0.99000000
0.10751370  76.00000000  0.10039178  80.00000000  4062.32604194  0.99000000
0.10751370  76.00000000  0.10039178  80.00000000  4062.32604194  0.99000000
0.01209206  78.00000000  0.01209206  80.00000000  4061.93631769  0.99000000
0.32744956  68.00000000  0.08965472  80.00000000  3707.91789613  0.99000000
0.03032681  77.00000000  0.03001314  80.00000000  4061.96227549  0.99000000
0.11723979  64.00000000  0.01879052  80.00000000  4080.13449675  0.99000000
0.15204034  77.00000000  0.15115800  80.00000000  4062.67044844  0.99000000
0.10751370  76.00000000  0.10039178  80.00000000  4062.32604194  0.99000000
0.10751370  76.00000000  0.10039178  80.00000000  4062.32604194  0.99000000
0.03157328  71.00000000  0.03090566  80.00000000  4099.77390819  0.99000000
0.05226460  75.00000000  0.04358405  80.00000000  4062.07139950  0.99000000
0.10751370  76.00000000  0.10039178  80.00000000  4062.32604194  0.99000000
0.04933237  78.00000000  0.04933237  80.00000000  4062.01469596  0.99000000
0.11566152  77.00000000  0.11412553  80.00000000  4062.42769963  0.99000000
0.10751370  76.00000000  0.10039178  80.00000000  4062.32604194  0.99000000
0.07842435  56.00000000  0.04276828  80.00000000  3908.42699299  0.99000000
0.10751370  76.00000000  0.10039178  80.00000000  4062.32604194  0.99000000
0.10749880  76.00000000  0.10038084  80.00000000  4062.32570718  0.99000000
0.10751370  76.00000000  0.10039178  80.00000000  4062.32604194  0.99000000
0.04455260  73.00000000  0.04097430  80.00000000  4061.70943254  0.99000000
0.10689336  76.00000000  0.10688229  80.00000000  4062.36500699  0.99000000
0.07728657  76.00000000  0.07440348  80.00000000  4062.19936276  0.99000000
0.10751370  76.00000000  0.10039178  80.00000000  4062.32604194  0.99000000
0.19102210  74.00000000  0.18926639  80.00000000  4062.04048139  0.99000000
0.03018980  67.00000000  0.00314528  80.00000000  4030.34729439  0.99000000
0.10689955  76.00000000  0.09985737  80.00000000  4062.19120555  0.99000000
0.01262213  78.00000000  0.01262213  80.00000000  3945.50427175  0.99000000
0.15951744  73.00000000  0.07498944  80.00000000  4068.64000078  0.99000000
0.04374660  72.00000000  0.03455743  80.00000000  3731.73315725  0.99000000
0.10751370  76.00000000  0.10039178  80.00000000  4062.32604194  0.99000000
0.05208728  74.00000000  0.04853783  80.00000000  4062.08239638  0.99000000
0.05581656  71.00000000  0.04138605  80.00000000  4071.61845814  0.99000000
0.10699085  76.00000000  0.09810600  80.00000000  4062.32344842  0.99000000
0.04687928  78.00000000  0.04687928  80.00000000  4061.83881068  0.99000000
0.10731834  76.00000000  0.10020268  80.00000000  4062.31545000  0.99000000
0.01502372  68.00000000  0.00177234  80.00000000  4001.08837777  0.99000000
0.02793250  78.00000000  0.02793250  80.00000000  4061.97181715  0.99000000
0.10751370  76.00000000  0.10039178  80.00000000  4062.32604194  0.99000000
0.10751370  76.00000000  0.10039178  80.00000000  4062.32604194  0.99000000
0.10527633  65.00000000  0.09625471  80.00000000  4062.88913784  0.99000000
0.10751370  76.00000000  0.10039178  80.00000000  4062.32604194  0.99000000
0.03831390  70.00000000  0.01028310  80.00000000  4053.33155512  0.99000000
0.10751370  76.00000000  0.10039178  80.00000000  4062.32604194  0.99000000
0.10751370  76.00000000  0.10039178  80.00000000  4062.32604194  0.99000000
0.10751370  76.00000000  0.10039178  80.00000000  4062.32604194  0.99000000
0.10611796  77.00000000  0.10608487  80.00000000  4062.34421563  0.99000000
0.10690615  76.00000000  0.09925075  80.00000000  4062.30980095  0.99000000
0.10751370  76.00000000  0.10039178  80.00000000  4062.32604194  0.99000000
0.10699085  76.00000000  0.09810600  80.00000000  4062.32229847  0.99000000
0.10751370  76.00000000  0.10039178  80.00000000  4062.32604194  0.99000000
0.10751168  76.00000000  0.10038969  80.00000000  4062.32419170  0.99000000
0.10751370  76.00000000  0.10039178  80.00000000  4062.32604194  0.99000000
0.02147146  69.00000000  0.01606650  80.00000000  4059.50795044  0.99000000
0.10751370  76.00000000  0.10039178  80.00000000  4062.32604194  0.99000000
0.02702098  65.00000000  0.00116138  80.00000000  4062.01929591  0.99000000
0.10751370  76.00000000  0.10039178  80.00000000  4062.32604194  0.99000000
0.10751370  76.00000000  0.10039178  80.00000000  4062.32604194  0.99000000
0.09710604  77.00000000  0.09626854  80.00000000  4062.30718166  0.99000000
0.10751370  76.00000000  0.10039178  80.00000000  4062.32604194  0.99000000
0.10751370  76.00000000  0.10039178  80.00000000  4062.32604194  0.99000000
0.24924099  73.00000000  0.15312062  80.00000000  3935.91184764  0.99000000
0.07798350  75.00000000  0.06429232  80.00000000  4061.95367905  0.99000000
0.04122822  68.00000000  0.02675978  80.00000000  4063.04829676  0.99000000
0.10751370  76.00000000  0.10039178  80.00000000  4062.32604194  0.99000000
0.03963358  73.00000000  0.01728562  80.00000000  4070.41939362  0.99000000
0.08372649  74.00000000  0.06062963  80.00000000  3881.11128447  0.99000000
0.10751370  76.00000000  0.10039178  80.00000000  4062.32604194  0.99000000
0.10751370  76.00000000  0.10039178  80.00000000  4062.32604194  0.99000000
0.10751370  76.00000000  0.10039178  80.00000000  4062.32604194  0.99000000
0.10751370  76.00000000  0.10039178  80.00000000  4062.32604194  0.99000000
0.10751370  76.00000000  0.10039178  80.00000000  4062.32604194  0.99000000
0.03248025  70.00000000  0.02925282  80.00000000  3742.02858699  0.99000000
0.06644910  69.00000000  0.06014945  80.00000000  4090.54768874  0.99000000
0.10751370  76.00000000  0.10039178  80.00000000  4062.32604194  0.99000000
0.10751370  76.00000000  0.10039178  80.00000000  4062.32604194  0.99000000
0.01247895  75.00000000  0.00841045  80.00000000  3816.12677329  0.99000000
0.08262516  69.00000000  0.02444693  80.00000000  3935.31744468  0.99000000
0.10751370  76.00000000  0.10039178  80.00000000  4062.32604194  0.99000000
0.10696359  76.00000000  0.10552208  80.00000000  4062.34305016  0.99000000
0.10751370  76.00000000  0.10039178  80.00000000  4062.32604194  0.99000000
0.10751370  76.00000000  0.10039178  80.00000000  4062.32604194  0.99000000
0.10751370  76.00000000  0.10039178  80.00000000  4062.32604194  0.99000000
0.10731245  76.00000000  0.10019685  80.00000000  4062.31501281  0.99000000
0.10751370  76.00000000  0.10039178  80.00000000  4062.32604194  0.99000000
0.10926602  72.00000000  0.07426993  80.00000000  4078.77828797  0.99000000
0.10751370  76.00000000  0.10039178  80.00000000  4062.32604194  0.99000000
0.08185888  76.00000000  0.07332899  80.00000000  4062.19819040  0.99000000
0.10751370  76.00000000  0.10737651  80.00000000  4062.33185700  0.99000000
0.04269991  77.00000000  0.04144758  80.00000000  4062.00104072  0.99000000
0.07544254  78.00000000  0.07544254  80.00000000  3999.23906723  0.99000000
0.10751370  76.00000000  0.10039178  80.00000000  4062.32604194  0.99000000
0.16003697  78.00000000  0.16003697  80.00000000  4062.31415194  0.99000000
0.10728220  76.00000000  0.10017548  80.00000000  4062.30919976  0.99000000
0.01746535  71.00000000  0.01536727  80.00000000  4058.33160414  0.99000000
0.10751370  76.00000000  0.10039178  80.00000000  4062.32604194  0.99000000
0.02664859  77.00000000  0.02554811  80.00000000  4047.12603123  0.99000000
0.15846450  77.00000000  0.15750300  80.00000000  4061.91886829  0.99000000
0.10751370  76.00000000  0.10039178  80.00000000  4062.32604194  0.99000000
0.10751370  76.00000000  0.10039178  80.00000000  4062.32604194  0.99000000
0.10773268  76.00000000  0.10058653  80.00000000  4062.54670200  0.99000000
0.09502709  75.00000000  0.09189809  80.00000000  4062.27170753  0.99000000
0.10751370  76.00000000  0.10039178  80.00000000  4062.32604194  0.99000000
0.10780054  76.00000000  0.10067138  80.00000000  4062.32297571  0.99000000
0.10448944  78.00000000  0.10448944  80.00000000  4062.32836060  0.99000000
0.10751370  76.00000000  0.10039178  80.00000000  4062.32604194  0.99000000
0.10476808  76.00000000  0.09762659  80.00000000  4062.13527438  0.99000000
0.10751370  76.00000000  0.10039178  80.00000000  4062.32604194  0.99000000
0.10751370  76.00000000  0.10039178  80.00000000  4062.32604194  0.99000000
0.10751370  76.00000000  0.10039178  80.00000000  4062.32604194  0.99000000
0.00342076  65.00000000  0.00196691  80.00000000  2694.40225309  0.99000000
0.16229929  77.00000000  0.16227111  80.00000000  4062.60627020  0.99000000
0.10172068  76.00000000  0.10034928  80.00000000  4062.35768645  0.99000000
0.06204976  76.00000000  0.06065809  80.00000000  4062.09214785  0.99000000
0.09386958  75.00000000  0.08990212  80.00000000  4062.26501309  0.99000000
0.08230558  76.00000000  0.08197903  80.00000000  4062.20867856  0.99000000
0.10751370  76.00000000  0.10039178  80.00000000  4062.32604194  0.99000000
0.10689515  76.00000000  0.10610931  80.00000000  4062.30205344  0.99000000
0.10751370  76.00000000  0.10039178  80.00000000  4062.32604194  0.99000000
0.10751370  76.00000000  0.10039178  80.00000000  4062.32604194  0.99000000
0.12337877  75.00000000  0.09478595  80.00000000  4062.74601547  0.99000000
0.10751370  76.00000000  0.10039178  80.00000000  4062.32604194  0.99000000
0.02104699  78.00000000  0.02104699  80.00000000  4062.56750511  0.99000000
0.04348551  68.00000000  0.00182610  80.00000000  3824.89673155  0.99000000
0.10478401  76.00000000  0.10000023  80.00000000  4062.39490135  0.99000000
0.09609314  75.00000000  0.09094931  80.00000000  4062.27968794  0.99000000
0.10751370  76.00000000  0.10039178  80.00000000  4062.32604194  0.99000000
0.10751370  76.00000000  0.10039178  80.00000000  4062.32604194  0.99000000
0.10751370  76.00000000  0.10039178  80.00000000  4062.32604194  0.99000000
0.10751370  76.00000000  0.10039178  80.00000000  4062.32604194  0.99000000
0.10751370  76.00000000  0.10039178  80.00000000  4062.32604194  0.99000000
0.10748449  76.00000000  0.10034499  80.00000000  4062.32903530  0.99000000
0.10751370  76.00000000  0.10039178  80.00000000  4062.32604194  0.99000000
0.10751370  76.00000000  0.10039178  80.00000000  4062.32604194  0.99000000
0.10751370  76.00000000  0.10039178  80.00000000  4062.32604194  0.99000000
0.01735213  77.00000000  0.01657069  80.00000000  4060.76461393  0.99000000
0.02022621  71.00000000  0.01675250  80.00000000  3704.93646062  0.99000000
0.10751370  76.00000000  0.10039178  80.00000000  4062.32604194  0.99000000
0.10751370  76.00000000  0.10039178  80.00000000  4062.32604194  0.99000000
0.10751370  76.00000000  0.10039178  80.00000000  4062.32604194  0.99000000
0.10751370  76.00000000  0.10039178  80.00000000  4062.32604194  0.99000000
0.08021396  74.00000000  0.07705141  80.00000000  4062.21478967  0.99000000
0.10751424  76.00000000  0.10039153  80.00000000  4062.32095924  0.99000000
0.10751370  76.00000000  0.10039178  80.00000000  4062.32604194  0.99000000
0.00120053  68.00000000  0.00057074  80.00000000  4061.93358639  0.99000000
0.05420994  65.00000000  0.00328862  80.00000000  3751.15990802  0.99000000
0.10243070  76.00000000  0.09698169  80.00000000  4062.29180629  0.99000000
0.05473491  71.00000000  0.04145091  80.00000000  4062.90452334  0.99000000
0.10751370  76.00000000  0.10039178  80.00000000  4062.32604194  0.99000000
0.10751370  76.00000000  0.10039178  80.00000000  4062.32604194  0.99000000
0.10763745  76.00000000  0.10050436  80.00000000  4062.44577902  0.99000000
0.10683773  76.00000000  0.10605470  80.00000000  4062.32167063  0.99000000
0.10751370  76.00000000  0.10039178  80.00000000  4062.32604194  0.99000000
0.10751370  76.00000000  0.10039178  80.00000000  4062.32604194  0.99000000
0.10751370  76.00000000  0.10039178  80.00000000  4062.32604194  0.99000000
0.10751370  76.00000000  0.10039178  80.00000000  4062.32604194  0.99000000
0.10746158  78.00000000  0.10746158  80.00000000  4062.35420064  0.99000000
0.10751370  76.00000000  0.10039178  80.00000000  4062.32604194  0.99000000
0.01222431  76.00000000  0.01203018  80.00000000  4061.86591831  0.99000000
0.10751413  76.00000000  0.10039214  80.00000000  4062.32608842  0.99000000
0.04640111  78.00000000  0.04640111  80.00000000  4061.96376908  0.99000000
0.05004134  76.00000000  0.04766494  80.00000000  4062.02583771  0.99000000
0.10751370  76.00000000  0.10039178  80.00000000  4062.32604194  0.99000000
0.00395616  62.00000000  0.00311272  80.00000000  4061.88062322  0.99000000
0.02464520  78.00000000  0.02464520  80.00000000  4059.44244391  0.99000000
0.06272529  78.00000000  0.06272529  80.00000000  3892.66762659  0.99000000
0.10751370  76.00000000  0.10039178  80.00000000  4062.32604194  0.99000000
0.02762314  63.00000000  0.00742879  80.00000000  3706.08692957  0.99000000
0.10731231  76.00000000  0.09954163  80.00000000  4062.31457699  0.99000000
0.00466686  64.00000000  0.00361418  80.00000000  4061.97418232  0.99000000
0.02526130  70.00000000  0.01646302  80.00000000  4077.90485363  0.99000000
0.10751370  76.00000000  0.10039178  80.00000000  4062.32604194  0.99000000
0.00881994  65.00000000  0.00520564  80.00000000  3991.09052871  0.99000000
0.10751370  76.00000000  0.10039178  80.00000000  4062.32604194  0.99000000
0.10690019  76.00000000  0.09985836  80.00000000  4062.19462304  0.99000000
0.10749990  76.00000000  0.10037909  80.00000000  4062.33054235  0.99000000
0.05731469  73.00000000  0.05654426  80.00000000  4062.13268372  0.99000000
0.10751370  76.00000000  0.10039178  80.00000000  4062.32604194  0.99000000
0.00024153  61.00000000  0.00003572  80.00000000  4113.49363811  0.99000000
0.10751370  76.00000000  0.10039178  80.00000000  4062.32604194  0.99000000
0.09672663  76.00000000  0.09239806  80.00000000  4062.25089031  0.99000000
0.10836211  74.00000000  0.08195997  80.00000000  4062.76825436  0.99000000
0.10109178  78.00000000  0.10109178  80.00000000  4062.36856510  0.99000000
0.10751370  76.00000000  0.10039178  80.00000000  4062.32604194  0.99000000
0.10123941  76.00000000  0.09256008  80.00000000  4062.30171885  0.99000000
0.10751370  76.00000000  0.10039178  80.00000000  4062.32604194  0.99000000
0.15846399  77.00000000  0.15250362  80.00000000  4062.89625147  0.99000000
0.11125052  76.00000000  0.10528162  80.00000000  4062.34423170  0.99000000
0.04400403  73.00000000  0.03613938  80.00000000  4062.39919861  0.99000000
0.10704190  76.00000000  0.09993283  80.00000000  4062.38335993  0.99000000
0.04282009  70.00000000  0.01619782  80.00000000  4062.21506811  0.99000000
0.10818120  78.00000000  0.10818120  80.00000000  4062.34164207  0.99000000
0.10751370  76.00000000  0.10039178  80.00000000  4062.32604194  0.99000000
0.10751370  76.00000000  0.10039178  80.00000000  4062.32604194  0.99000000
0.17401551  77.00000000  0.16303261  80.00000000  4062.75583360  0.99000000
0.10751370  76.00000000  0.10039178  80.00000000  4062.32604194  0.99000000
0.10751370  76.00000000  0.10039178  80.00000000  4062.32604194  0.99000000
0.02251684  67.00000000  0.01310811  80.00000000  3618.08392260  0.99000000
0.00437001  69.00000000  0.00045630  80.00000000  4058.01368885  0.99000000
0.00755898  69.00000000  0.00052210  80.00000000  4084.34971828  0.99000000
0.00708140  70.00000000  0.00107399  80.00000000  4104.77000931  0.99000000
0.00672700  71.00000000  0.00240574  80.00000000  4119.05716807  0.99000000
0.02266456  70.00000000  0.00381637  80.00000000  4119.10236220  0.99000000
0.04612054  69.00000000  0.02622877  80.00000000  4104.24369748  0.99000000
0.01337426  78.00000000  0.01337426  80.00000000  2223.81016762  0.99000000
0.00022895  60.00000000  0.00005361  80.00000000  4132.29084162  0.99000000
0.00022902  60.00000000  0.00006373  80.00000000  4132.05511017  0.99000000
0.00024290  61.00000000  0.00002339  80.00000000  4113.34704678  0.99000000
0.00022827  60.00000000  0.00006508  80.00000000  4133.35887132  0.99000000
0.00022835  60.00000000  0.00006496  80.00000000  4133.27553060  0.99000000
0.00027543  63.00000000  0.00010119  80.00000000  4133.45223941  0.99000000
0.02197036  70.00000000  0.01722955  80.00000000  4114.38035409  0.99000000
0.00145212  71.00000000  0.00038518  80.00000000  4133.35905676  0.99000000
0.00222764  71.00000000  0.00086878  80.00000000  4132.29128806  0.99000000
0.11035685  68.00000000  0.01076253  80.00000000  4120.65941528  0.99000000
0.21023544  67.00000000  0.01305008  80.00000000  4109.81749986  0.99000000
0.10690181  68.00000000  0.02297077  80.00000000  4138.32257127  0.99000000
0.27868757  59.00000000  0.03652301  80.00000000  3961.38053081  0.99000000
0.13573866  68.00000000  0.03050526  80.00000000  4107.13339922  0.99000000
0.03595253  70.00000000  0.00727707  80.00000000  4119.17761590  0.99000000
0.04866499  72.00000000  0.02238387  80.00000000  4092.96954368  0.99000000
0.00032519  64.00000000  0.00004040  80.00000000  4133.36808755  0.99000000
0.00027188  61.00000000  0.00004224  80.00000000  4133.35887610  0.99000000
0.00032951  64.00000000  0.00004030  80.00000000  4133.35888287  0.99000000
0.01343010  71.00000000  0.00456032  80.00000000  4119.07468340  0.99000000
0.13433200  68.00000000  0.01282194  80.00000000  4126.14844217  0.99000000
0.11427538  60.00000000  0.00012515  80.00000000  2864.12196676  0.99000000
0.13102952  58.00000000  0.01913801  80.00000000  4133.43502710  0.99000000
0.13124694  58.00000000  0.00773509  80.00000000  4133.16081031  0.99000000
0.13102952  58.00000000  0.02072948  80.00000000  4133.43558300  0.99000000
0.08400763  57.00000000  0.00493834  80.00000000  4120.32166108  0.99000000
0.03125157  72.00000000  0.01172226  80.00000000  4123.60217764  0.99000000
0.10840328  74.00000000  0.07802246  80.00000000  4131.39161803  0.99000000
0.03303477  72.00000000  0.01784851  80.00000000  4122.09036974  0.99000000
0.07987029  78.00000000  0.07987029  80.00000000  4124.00398508  0.99000000
0.07685295  78.00000000  0.07685295  80.00000000  4123.98877143  0.99000000
0.09727448  72.00000000  0.04293895  80.00000000  4125.93312494  0.99000000
0.15144916  57.00000000  0.00109488  80.00000000  4119.52714490  0.99000000
0.18278882  58.00000000  0.03210939  80.00000000  4121.96097807  0.99000000
0.12421889  57.00000000  0.02031051  80.00000000  4118.03255400  0.99000000
0.17107290  57.00000000  0.03006971  80.00000000  4121.15658270  0.99000000
0.11858363  55.00000000  0.00601475  80.00000000  4117.73031082  0.99000000
0.18278882  58.00000000  0.03212524  80.00000000  4121.96177302  0.99000000
0.03133572  72.00000000  0.01207270  80.00000000  4088.11922216  0.99000000
0.09428264  59.00000000  0.01892155  80.00000000  3861.07152807  0.99000000
0.14004699  78.00000000  0.14004699  80.00000000  4115.08188384  0.99000000
0.08450440  56.00000000  0.00681235  80.00000000  4112.44234632  0.99000000
0.08450304  56.00000000  0.00613837  80.00000000  4112.43081094  0.99000000
0.08252658  56.00000000  0.01450937  80.00000000  4112.38305023  0.99000000
0.15129851  56.00000000  0.07515242  80.00000000  4097.53490114  0.99000000
0.15129851  56.00000000  0.07216193  80.00000000  4097.52959607  0.99000000
0.15129851  56.00000000  0.07515241  80.00000000  4097.53461459  0.99000000
0.02763285  57.00000000  0.00907623  80.00000000  4080.40364315  0.99000000
0.14447967  58.00000000  0.10218894  80.00000000  4071.11925316  0.99000000
0.14606816  78.00000000  0.14606816  80.00000000  4113.66657474  0.99000000
0.14606816  78.00000000  0.14606816  80.00000000  4113.66657472  0.99000000
0.14606816  78.00000000  0.14606816  80.00000000  4113.66657472  0.99000000
0.14606658  78.00000000  0.14606658  80.00000000  4113.66541995  0.99000000
0.07995982  76.00000000  0.07564564  80.00000000  4043.36310081  0.99000000
0.08450735  56.00000000  0.04827603  80.00000000  4112.46767600  0.99000000
0.10217651  74.00000000  0.06528056  80.00000000  4091.19750834  0.99000000
0.06571049  55.00000000  0.05451524  80.00000000  4089.38215203  0.99000000
0.06463398  56.00000000  0.01847537  80.00000000  4087.87168840  0.99000000
0.06458920  56.00000000  0.00062174  80.00000000  4089.13182874  0.99000000
0.10413812  56.00000000  0.05445270  80.00000000  4114.85922828  0.99000000
0.16531599  75.00000000  0.13410493  80.00000000  4076.12729764  0.99000000
0.01738248  77.00000000  0.01656876  80.00000000  4018.21116314  0.99000000
0.07063796  74.00000000  0.05629207  80.00000000  4108.87092969  0.99000000
0.09226451  72.00000000  0.05771852  80.00000000  4102.84282684  0.99000000
0.08450735  56.00000000  0.06717494  80.00000000  4112.80780733  0.99000000
0.06523267  56.00000000  0.03488554  80.00000000  4089.07864422  0.99000000
0.04441849  58.00000000  0.00804299  80.00000000  4080.34678168  0.99000000
0.06586119  56.00000000  0.02075225  80.00000000  4089.10225102  0.99000000
0.10245719  56.00000000  0.00094877  80.00000000  4114.45447499  0.99000000
0.11966722  56.00000000  0.05825753  80.00000000  4117.54260917  0.99000000
0.12086274  73.00000000  0.07861218  80.00000000  4131.84025795  0.99000000
0.08959590  56.00000000  0.06292671  80.00000000  4145.18759165  0.99000000
0.06868892  78.00000000  0.06868892  80.00000000  4136.41727101  0.99000000
0.08012042  78.00000000  0.08012042  80.00000000  4147.65976581  0.99000000
0.09551420  76.00000000  0.09276841  80.00000000  4136.86759036  0.99000000
0.00870830  78.00000000  0.00870830  80.00000000  4138.22535759  0.99000000
0.06018067  56.00000000  0.01175712  80.00000000  3996.42910785  0.99000000
0.02583087  77.00000000  0.02544054  80.00000000  4120.46979197  0.99000000
0.12689202  76.00000000  0.11908148  80.00000000  4127.00376087  0.99000000
0.12421607  73.00000000  0.06939458  80.00000000  4131.86765730  0.99000000
0.08959591  56.00000000  0.07905338  80.00000000  4145.20861928  0.99000000
0.03075825  54.00000000  0.01434181  80.00000000  4136.14256033  0.99000000
0.05654512  55.00000000  0.02877207  80.00000000  4147.45742573  0.99000000
0.14501972  78.00000000  0.14501972  80.00000000  4150.70078770  0.99000000
0.14564532  78.00000000  0.14564532  80.00000000  4150.69694392  0.99000000
0.15838636  62.00000000  0.02015100  80.00000000  3143.88487890  0.99000000
0.05356759  54.00000000  0.04564968  80.00000000  4150.56311351  0.99000000
0.13185888  78.00000000  0.13185888  80.00000000  4149.16100718  0.99000000
0.05619152  75.00000000  0.05125241  80.00000000  4136.42364071  0.99000000
0.05587136  75.00000000  0.05058559  80.00000000  4136.43859657  0.99000000
0.05131251  57.00000000  0.02233159  80.00000000  4140.07958211  0.99000000
0.05327195  55.00000000  0.03064710  80.00000000  4147.33258649  0.99000000
0.06433798  54.00000000  0.04860806  80.00000000  4149.43126721  0.99000000
0.10186490  77.00000000  0.10065737  80.00000000  4144.28741248  0.99000000
