5 14 4 4 4 14 14 14 14 11 11 9 9 1 1 1 11 2 2 2 2 11 11 11 11 11 4 4 4 11 12 2 11 11 12 12 15 0 7 7 7 7 7 7 15 15 15 15 8 8 8 8 8 8 8 8 8 8 8 8 8 8 8 8 8 8 8 8 8 8 8 8 8 8 8 8 8 8 8 8
15 15 15 7 7 7 5 5 5 11 11 11 11 1 1 11 11 11 11 11 14 3 3 3 3 3 4 4 4 11 11 5 5 13 13 13 6 4 4 4 4 7 4 7 15 15 15 15 4 4 4 3 3 3 3 3 2 2 2 2 2 7 7 8 7 7 2 2 2 2 2 2 2 8 8 8 8 8 8 8
16 16 8 8 5 5 5 8 0 9 11 9 11 1 1 9 9 2 2 9 11 11 0 0 0 11 11 11 11 11 11 11 11 5 12 0 15 15 15 7 16 16 2 5 5 4 6 6 15 16 15 1 1 1 1 1 1 1 1 13 13 13 13 13 13 1 1 1 1 1 1 1 1 15 1 1 1 1 6 6
4 4 4 4 14 7 7 7 14 9 10 10 7 1 1 10 16 16 2 16 16 16 3 3 3 14 11 11 11 12 12 1 1 1 6 6 13 13 7 7 7 7 2 2 2 2 2 2 2 2 2 2 2 2 2 2 2 12 12 12 12 8 8 8 8 8 8 8 8 8 8 12 12 12 6 12 12 12 6 12
5 5 10 10 5 5 7 10 10 16 16 16 1 1 1 1 11 11 1 1 1 2 2 2 12 2 11 11 11 2 2 2 15 15 4 4 4 1 7 7 15 15 15 15 15 15 2 5 5 16 16 1 1 1 1 1 1 10 1 9 9 13 13 9 9 9 9 6 9 5 5 3 13 13 5 10 10 13 13 14
8 14 14 14 14 14 5 5 8 8 8 8 9 1 10 10 11 0 0 0 0 3 3 3 0 0 0 12 4 12 12 14 14 13 0 13 13 13 13 3 7 3 3 8 8 1 16 1 7 7 7 9 1 9 9 9 9 9 9 9 9 7 7 7 7 7 7 7 7 7 7 7 7 7 7 7 7 7 7 7
15 15 4 4 4 15 15 5 15 15 10 10 10 1 1 1 9 2 2 2 2 2 3 3 2 2 3 4 2 2 2 2 1 13 1 6 3 16 16 16 2 16 15 16 16 16 16 16 16 4 4 4 4 4 4 4 4 0 0 0 0 0 0 4 4 4 4 4 4 4 4 11 11 0 0 0 11 14 14 11
15 15 15 15 15 15 11 11 11 12 12 12 12 1 1 1 15 15 15 15 1 9 11 3 3 3 4 4 4 12 14 5 5 0 0 0 1 1 3 3 3 3 8 8 8 8 15 3 3 3 3 3 3 3 3 3 3 3 7 7 7 7 3 3 3 3 3 3 3 3 15 3 3 3 3 3 3 3 3 3
7 7 7 5 7 7 7 7 7 7 7 8 8 1 1 7 7 15 2 2 2 2 2 2 2 4 4 4 3 11 5 5 5 5 5 5 5 5 15 7 15 7 7 7 7 15 7 7 16 16 16 16 16 16 9 9 9 9 9 9 9 9 9 9 9 10 10 10 10 9 9 7 16 9 9 9 9 9 9 9
9 9 9 4 12 12 8 8 8 8 8 7 7 1 1 10 10 2 2 2 2 10 10 10 13 13 13 13 13 2 2 2 2 6 6 6 6 6 2 14 15 14 14 2 2 2 2 4 4 4 4 4 4 4 4 4 4 4 4 4 2 2 2 2 2 2 1 1 1 1 1 2 2 2 2 2 6 6 6 6
