7
17
16
27
9
32
8
8
28
9
19
14
26
14
17
1
1
20
1
1
11
2
11
2
2
31
1
3
3
21
22
26
4
13
4
14
4
5
5
1
15
25
6
6
1
6
16
7
7
17
3
25
8
8
18
30
9
9
29
19
0
10
20
10
31
7
11
6
31
21
12
22
12
11
13
32
31
23
13
14
24
31
14
15
14
15
15
25
31
3
11
26
17
17
16
27
32
32
18
28
28
13
19
29
8
30
29
16
18
20
11
30
17
31
22
16
2
31
18
32
3
32
24
14
21
13
4
19
22
5
5
15
21
12
22
6
17
6
2
30
31
31
29
30
31
32
31
31
29
31
31
27
31
31
29
31
31
26
32
2
31
31
12
31
31
30
31
32
31
23
31
14
31
2
31
26
31
15
31
32
31
26
23
31
