12 12 12 12 12 12 9 9 9 9 12 12 12 12 12 12 12 14 14 14 14 14 14 14 14 14 14 14 14 14 14 14 14 14 12 12 12 14 14 14 14 14 14 14 14 5 5 5 5 5 5 5 5 5 16 16 16 16 12 12 12 12 16 12 12 9 9 16 9 9 9 12 14 11 11 11 11 5 14 14
12 12 12 12 12 12 9 9 9 12 12 12 12 12 12 12 12 14 14 14 14 14 14 14 14 14 14 14 14 14 14 14 14 14 14 14 14 14 14 14 14 14 14 5 5 5 5 5 5 5 5 5 5 16 5 5 16 12 12 5 12 16 12 12 12 12 14 16 14 14 12 12 12 12 5 5 5 5 5 5
12 12 12 12 12 12 9 9 9 9 12 12 12 12 12 12 12 14 14 14 14 14 14 14 14 14 14 14 14 14 14 14 14 15 14 14 14 14 14 14 14 14 14 11 11 14 14 5 5 5 11 11 16 12 14 9 14 16 12 12 14 14 14 14 11 14 12 11 11 11 11 11 11 11 11 12 14 14 12 12
12 12 12 12 12 12 12 9 12 12 12 12 12 12 12 12 12 14 10 14 14 14 14 14 14 14 14 14 14 14 14 14 14 14 14 14 14 14 14 14 14 14 14 5 5 5 5 5 5 5 5 5 5 16 14 12 12 12 16 12 12 9 12 16 16 16 16 16 16 16 13 12 5 5 5 5 11 5 5 5
12 12 12 12 12 12 12 9 9 12 12 12 12 12 12 12 14 14 14 14 14 14 14 14 14 14 14 14 14 14 14 14 14 14 14 14 14 14 14 14 14 14 14 5 5 5 11 11 5 5 5 5 5 9 16 14 12 14 14 14 14 14 7 5 5 5 16 14 14 14 12 12 12 16 16 16 12 12 12 12
12 12 12 12 12 12 12 12 12 12 12 12 12 12 12 12 12 14 14 14 14 14 14 14 14 14 14 14 14 14 14 14 14 14 14 14 14 14 14 14 14 7 14 14 14 7 11 11 11 11 11 11 11 16 12 14 12 12 12 16 12 12 12 12 12 12 12 12 9 9 9 9 9 9 9 9 9 9 9 14
12 12 12 12 12 9 9 9 9 9 12 0 12 12 12 12 12 14 14 14 14 14 14 14 14 14 14 14 14 14 14 14 14 14 14 14 14 14 14 14 14 14 14 14 5 5 5 5 5 5 5 5 5 16 16 16 16 12 12 12 12 12 16 12 12 12 12 14 16 14 14 12 12 11 11 11 11 5 5 12
12 12 12 12 12 12 9 9 9 12 12 12 12 12 12 12 12 7 14 14 14 14 14 14 14 14 14 14 14 14 14 14 14 14 14 14 14 14 14 14 14 14 14 11 11 14 5 5 5 5 5 11 11 16 16 16 16 16 16 12 12 12 12 12 12 9 9 9 9 9 9 9 9 9 9 9 9 9 14 9
12 12 12 12 12 12 12 9 12 12 12 12 12 12 12 12 12 14 14 13 14 14 14 14 14 14 14 14 14 14 14 14 14 14 14 14 14 14 14 14 14 14 14 11 11 5 5 5 5 5 5 5 16 16 16 16 12 14 14 16 16 12 12 14 16 16 14 14 14 14 12 11 11 11 11 11 11 11 11 11
12 12 4 12 12 9 5 9 9 9 12 12 12 12 12 12 12 9 14 14 14 14 14 14 14 14 14 14 14 14 14 14 14 14 14 14 14 14 14 14 14 14 14 14 5 5 11 11 5 5 5 5 5 16 16 16 16 12 12 12 12 12 16 12 12 12 12 9 9 14 14 14 9 14 14 9 9 9 9 14
