# Results obtained using DQN. CPU time: 125.60737657546997
0.05911997  78.00000000  0.05911997  80.00000000  1697.80744803  0.00000000
0.00016046  72.00000000  0.00002241  80.00000000  1651.46895808  0.00000000
0.00167684  78.00000000  0.00167684  80.00000000  2062.34297203  0.00000000
0.00038116  78.00000000  0.00038116  80.00000000  1366.58778839  0.00000000
0.00038808  78.00000000  0.00038808  80.00000000  2331.62788780  0.00000000
0.00062675  76.00000000  0.00038229  80.00000000  1860.26559288  0.00000000
0.00332605  69.00000000  0.00281001  80.00000000  2489.16976626  1.08673151
0.02101956  77.00000000  0.02065114  80.00000000  3475.79563617  0.99000000
0.00270633  78.00000000  0.00270633  80.00000000  3822.37389192  0.99000000
0.01512651  78.00000000  0.01512651  80.00000000  3822.37780181  0.99000000
0.01407927  78.00000000  0.01407927  80.00000000  3822.37759448  0.99000000
0.01512651  78.00000000  0.01512651  80.00000000  3822.37780181  0.99000000
0.01809597  63.00000000  0.01067189  80.00000000  3821.62270206  0.99000000
0.02326387  78.00000000  0.02326387  80.00000000  3821.21922027  0.99000000
0.01512651  78.00000000  0.01512651  80.00000000  3822.37780181  0.99000000
0.01512651  78.00000000  0.01512651  80.00000000  3822.37780181  0.99000000
0.01512651  78.00000000  0.01512651  80.00000000  3822.37780181  0.99000000
0.01512651  78.00000000  0.01512651  80.00000000  3822.37780181  0.99000000
0.02149671  61.00000000  0.00849345  80.00000000  3881.35038209  0.99000000
0.00107751  78.00000000  0.00107751  80.00000000  3845.99030526  0.99000000
0.01512651  78.00000000  0.01512651  80.00000000  3822.37780181  0.99000000
0.00646238  78.00000000  0.00646238  80.00000000  3822.41018140  0.99000000
0.01512651  78.00000000  0.01512651  80.00000000  3822.37780181  0.99000000
0.01512651  78.00000000  0.01512651  80.00000000  3822.37780181  0.99000000
0.02370257  78.00000000  0.02370257  80.00000000  3832.30114554  0.99000000
0.01512651  78.00000000  0.01512651  80.00000000  3822.37780181  0.99000000
0.01447585  78.00000000  0.01447585  80.00000000  3822.37659694  0.99000000
0.02637611  72.00000000  0.00733040  80.00000000  3822.96123607  0.99000000
0.01672920  78.00000000  0.01672920  80.00000000  3822.37829995  0.99000000
0.00162902  78.00000000  0.00162902  80.00000000  3822.48185568  0.99000000
0.08822080  59.00000000  0.02182235  80.00000000  3899.08161926  0.99000000
0.00040057  56.00000000  0.00024541  80.00000000  3767.42460888  0.99000000
0.00594918  78.00000000  0.00594918  80.00000000  3950.34886028  0.99000000
0.01512651  78.00000000  0.01512651  80.00000000  3822.37780181  0.99000000
0.00345344  61.00000000  0.00273696  80.00000000  3822.37811554  0.99000000
0.01512651  78.00000000  0.01512651  80.00000000  3822.37780181  0.99000000
0.00439476  78.00000000  0.00439476  80.00000000  3842.82399446  0.99000000
0.01512651  78.00000000  0.01512651  80.00000000  3822.37780181  0.99000000
0.01512651  78.00000000  0.01512651  80.00000000  3822.37780181  0.99000000
0.01512653  78.00000000  0.01512653  80.00000000  3822.37782944  0.99000000
0.01512651  78.00000000  0.01512651  80.00000000  3822.37780181  0.99000000
0.01641884  78.00000000  0.01641884  80.00000000  3821.06226823  0.99000000
0.00310243  78.00000000  0.00310243  80.00000000  3822.37375501  0.99000000
0.00150625  54.00000000  0.00135062  80.00000000  3822.38850407  0.99000000
0.01070905  78.00000000  0.01070905  80.00000000  3822.37636149  0.99000000
0.01512651  78.00000000  0.01512651  80.00000000  3822.37780181  0.99000000
0.01512651  78.00000000  0.01512651  80.00000000  3822.37780181  0.99000000
0.01512651  78.00000000  0.01512651  80.00000000  3822.37780181  0.99000000
0.01512651  78.00000000  0.01512651  80.00000000  3822.37780181  0.99000000
0.01512651  78.00000000  0.01512651  80.00000000  3822.37780181  0.99000000
0.01512651  78.00000000  0.01512651  80.00000000  3822.37780181  0.99000000
0.08091324  78.00000000  0.08091324  80.00000000  3846.83431074  0.99000000
0.00964418  70.00000000  0.00369454  80.00000000  3977.30091957  0.99000000
0.01512651  78.00000000  0.01512651  80.00000000  3822.37780181  0.99000000
0.01512651  78.00000000  0.01512651  80.00000000  3822.37780181  0.99000000
0.02489553  56.00000000  0.00078846  80.00000000  3827.80492014  0.99000000
0.01679154  78.00000000  0.01679154  80.00000000  3822.37825469  0.99000000
0.03303857  71.00000000  0.03007434  80.00000000  3808.28927051  0.99000000
0.03278358  57.00000000  0.00385312  80.00000000  3828.47529104  0.99000000
0.00361348  78.00000000  0.00361348  80.00000000  3822.37383501  0.99000000
0.01153249  78.00000000  0.01153249  80.00000000  3822.37546345  0.99000000
0.00572861  57.00000000  0.00015964  80.00000000  3867.06128959  0.99000000
0.01512641  78.00000000  0.01512641  80.00000000  3822.37827477  0.99000000
0.01512640  78.00000000  0.01512640  80.00000000  3822.37745622  0.99000000
0.12422429  78.00000000  0.12422429  80.00000000  3882.37435445  0.99000000
0.00729503  78.00000000  0.00729503  80.00000000  3822.37397733  0.99000000
0.01512651  78.00000000  0.01512651  80.00000000  3822.37780181  0.99000000
0.01512651  78.00000000  0.01512651  80.00000000  3822.37780181  0.99000000
0.01512651  78.00000000  0.01512651  80.00000000  3822.37780181  0.99000000
0.04685408  57.00000000  0.00999733  80.00000000  3808.72619563  0.99000000
0.00332995  63.00000000  0.00072856  80.00000000  3824.73029813  0.99000000
0.00796341  76.00000000  0.00744777  80.00000000  3823.26522006  0.99000000
0.01508663  78.00000000  0.01508663  80.00000000  3822.39698020  0.99000000
0.01512651  78.00000000  0.01512651  80.00000000  3822.37780181  0.99000000
0.01512651  78.00000000  0.01512651  80.00000000  3822.37780181  0.99000000
0.01512651  78.00000000  0.01512651  80.00000000  3822.37780181  0.99000000
0.01512307  78.00000000  0.01512307  80.00000000  3822.49404759  0.99000000
0.00595977  78.00000000  0.00595977  80.00000000  3816.46145042  0.99000000
0.03560290  78.00000000  0.03560290  80.00000000  3958.88536442  0.99000000
0.01512651  78.00000000  0.01512651  80.00000000  3822.37780181  0.99000000
0.00643444  78.00000000  0.00643444  80.00000000  3822.37427977  0.99000000
0.01512651  78.00000000  0.01512651  80.00000000  3822.37780181  0.99000000
0.01512651  78.00000000  0.01512651  80.00000000  3822.37780181  0.99000000
0.01512650  78.00000000  0.01512650  80.00000000  3822.37788381  0.99000000
0.01513218  78.00000000  0.01513218  80.00000000  3822.37839606  0.99000000
0.01836098  78.00000000  0.01836098  80.00000000  3822.37940372  0.99000000
0.00207574  78.00000000  0.00207574  80.00000000  3822.36809844  0.99000000
0.01512651  78.00000000  0.01512651  80.00000000  3822.37780181  0.99000000
0.01512651  78.00000000  0.01512651  80.00000000  3822.37780181  0.99000000
0.01512653  78.00000000  0.01512653  80.00000000  3822.37776248  0.99000000
0.02636100  59.00000000  0.01557295  80.00000000  3119.68581232  0.99000000
0.00113304  52.00000000  0.00046892  80.00000000  3823.17957640  0.99000000
0.01489957  78.00000000  0.01489957  80.00000000  3822.37778841  0.99000000
0.00136037  67.00000000  0.00130227  80.00000000  3822.45377797  0.99000000
0.01523409  78.00000000  0.01523409  80.00000000  3822.37790721  0.99000000
0.01661432  78.00000000  0.01661432  80.00000000  3822.37835025  0.99000000
0.00239388  76.00000000  0.00163103  80.00000000  3822.47202218  0.99000000
0.01512651  78.00000000  0.01512651  80.00000000  3822.37780181  0.99000000
0.00763382  75.00000000  0.00222675  80.00000000  3822.37491929  0.99000000
0.01519802  78.00000000  0.01519802  80.00000000  3821.23798666  0.99000000
0.01512651  78.00000000  0.01512651  80.00000000  3822.37780181  0.99000000
0.01512651  78.00000000  0.01512651  80.00000000  3822.37780181  0.99000000
0.01512651  78.00000000  0.01512651  80.00000000  3822.37780181  0.99000000
0.00239388  76.00000000  0.00163103  80.00000000  3822.47202218  0.99000000
0.01512651  78.00000000  0.01512651  80.00000000  3822.37780181  0.99000000
0.01512651  78.00000000  0.01512651  80.00000000  3822.37780181  0.99000000
0.01512651  78.00000000  0.01512651  80.00000000  3822.37780181  0.99000000
0.00355564  78.00000000  0.00355564  80.00000000  3822.37406769  0.99000000
0.01512665  78.00000000  0.01512665  80.00000000  3822.37781973  0.99000000
0.01512651  78.00000000  0.01512651  80.00000000  3822.37780181  0.99000000
0.01523551  78.00000000  0.01523551  80.00000000  3822.37777325  0.99000000
0.01267141  78.00000000  0.01267141  80.00000000  3873.46907562  0.99000000
0.01512651  78.00000000  0.01512651  80.00000000  3822.37780181  0.99000000
0.00133979  53.00000000  0.00085158  80.00000000  3822.37370357  0.99000000
0.01512651  78.00000000  0.01512651  80.00000000  3822.37780181  0.99000000
0.01512651  78.00000000  0.01512651  80.00000000  3822.37780181  0.99000000
0.00864143  78.00000000  0.00864143  80.00000000  3822.37473737  0.99000000
0.01523574  78.00000000  0.01523574  80.00000000  3822.37777544  0.99000000
0.01512651  78.00000000  0.01512651  80.00000000  3822.37780181  0.99000000
0.01671631  59.00000000  0.00702166  80.00000000  3863.60944501  0.99000000
0.00584249  78.00000000  0.00584249  80.00000000  3822.37415329  0.99000000
0.01661428  78.00000000  0.01661428  80.00000000  3822.37833046  0.99000000
0.01512651  78.00000000  0.01512651  80.00000000  3822.37780181  0.99000000
0.01262305  78.00000000  0.01262305  80.00000000  3837.74448827  0.99000000
0.01512651  78.00000000  0.01512651  80.00000000  3822.37780181  0.99000000
0.09647173  78.00000000  0.09647173  80.00000000  3475.85584823  0.99000000
0.01512651  78.00000000  0.01512651  80.00000000  3822.37780181  0.99000000
0.01512651  78.00000000  0.01512651  80.00000000  3822.37780181  0.99000000
0.02981928  57.00000000  0.00672528  80.00000000  3695.22959012  0.99000000
0.01512651  78.00000000  0.01512651  80.00000000  3822.37780181  0.99000000
0.01512651  78.00000000  0.01512651  80.00000000  3822.37780181  0.99000000
0.01512651  78.00000000  0.01512651  80.00000000  3822.37780181  0.99000000
0.01512651  78.00000000  0.01512651  80.00000000  3822.37780181  0.99000000
0.01403896  78.00000000  0.01403896  80.00000000  3822.37735587  0.99000000
0.01219926  78.00000000  0.01219926  80.00000000  3822.37713534  0.99000000
0.00300418  75.00000000  0.00247478  80.00000000  3822.37401593  0.99000000
0.01512651  78.00000000  0.01512651  80.00000000  3822.37780181  0.99000000
0.01512651  78.00000000  0.01512651  80.00000000  3822.37780181  0.99000000
0.01512651  78.00000000  0.01512651  80.00000000  3822.37780181  0.99000000
0.00502042  78.00000000  0.00502042  80.00000000  3822.37391412  0.99000000
0.04808905  59.00000000  0.04491826  80.00000000  3060.72140877  0.99000000
0.00128100  77.00000000  0.00099350  80.00000000  3822.37370627  0.99000000
0.00436594  78.00000000  0.00436594  80.00000000  3305.42784200  0.99000000
0.01400583  78.00000000  0.01400583  80.00000000  3870.92565001  0.99000000
0.01512651  78.00000000  0.01512651  80.00000000  3822.37780181  0.99000000
0.01512651  78.00000000  0.01512651  80.00000000  3822.37780181  0.99000000
0.00922613  78.00000000  0.00922613  80.00000000  3825.72280599  0.99000000
0.01512651  78.00000000  0.01512651  80.00000000  3822.37780181  0.99000000
0.00630468  77.00000000  0.00605455  80.00000000  3824.73135571  0.99000000
0.01512651  78.00000000  0.01512651  80.00000000  3822.37780181  0.99000000
0.01512651  78.00000000  0.01512651  80.00000000  3822.37780181  0.99000000
0.01512651  78.00000000  0.01512651  80.00000000  3822.37780181  0.99000000
0.01610061  78.00000000  0.01610061  80.00000000  3828.18580767  0.99000000
0.01512651  78.00000000  0.01512651  80.00000000  3822.37780181  0.99000000
0.07090037  59.00000000  0.05633066  80.00000000  3520.86788304  0.99000000
0.01512651  78.00000000  0.01512651  80.00000000  3822.37780181  0.99000000
0.03954031  58.00000000  0.00035907  80.00000000  3812.15050276  0.99000000
0.01512651  78.00000000  0.01512651  80.00000000  3822.37780181  0.99000000
0.01402724  78.00000000  0.01402724  80.00000000  3822.37662490  0.99000000
0.01512651  78.00000000  0.01512651  80.00000000  3822.37780181  0.99000000
0.01512651  78.00000000  0.01512651  80.00000000  3822.37780181  0.99000000
0.01512651  78.00000000  0.01512651  80.00000000  3822.37780181  0.99000000
0.01724613  78.00000000  0.01724613  80.00000000  3822.53127820  0.99000000
0.00814686  78.00000000  0.00814686  80.00000000  3764.00527177  0.99000000
0.01480209  63.00000000  0.01156184  80.00000000  3821.94394444  0.99000000
0.01512651  78.00000000  0.01512651  80.00000000  3822.37780181  0.99000000
0.01512651  78.00000000  0.01512651  80.00000000  3822.37780181  0.99000000
0.00156190  78.00000000  0.00156190  80.00000000  3822.66774746  0.99000000
0.01512651  78.00000000  0.01512651  80.00000000  3822.37780181  0.99000000
0.01197235  78.00000000  0.01197235  80.00000000  3820.97557308  0.99000000
0.02869789  78.00000000  0.02869789  80.00000000  3822.38377710  0.99000000
0.00519356  78.00000000  0.00519356  80.00000000  3822.37398779  0.99000000
0.01512651  78.00000000  0.01512651  80.00000000  3822.37780181  0.99000000
0.01512640  78.00000000  0.01512640  80.00000000  3822.37745622  0.99000000
0.01408012  78.00000000  0.01408012  80.00000000  3822.37757000  0.99000000
0.01512651  78.00000000  0.01512651  80.00000000  3822.37780181  0.99000000
0.01512651  78.00000000  0.01512651  80.00000000  3822.37780181  0.99000000
0.01512651  78.00000000  0.01512651  80.00000000  3822.37780177  0.99000000
0.02370257  78.00000000  0.02370257  80.00000000  3832.30114554  0.99000000
0.01438272  78.00000000  0.01438272  80.00000000  3822.27093039  0.99000000
0.01512651  78.00000000  0.01512651  80.00000000  3822.37780181  0.99000000
0.01070905  78.00000000  0.01070905  80.00000000  3822.37636159  0.99000000
0.01767452  78.00000000  0.01767452  80.00000000  3822.37890529  0.99000000
0.00572181  72.00000000  0.00303332  80.00000000  3894.42677003  0.99000000
0.01511968  78.00000000  0.01511968  80.00000000  3822.35963580  0.99000000
0.01212637  77.00000000  0.01200026  80.00000000  3822.45946335  0.99000000
0.00898431  78.00000000  0.00898431  80.00000000  3822.24386166  0.99000000
0.01117567  56.00000000  0.00295188  80.00000000  3931.01360999  0.99000000
0.01512651  78.00000000  0.01512651  80.00000000  3822.37780181  0.99000000
0.01512651  78.00000000  0.01512651  80.00000000  3822.37780181  0.99000000
0.00562762  76.00000000  0.00297437  80.00000000  3822.37464852  0.99000000
0.04715249  58.00000000  0.02600113  80.00000000  3817.34056313  0.99000000
0.01512651  78.00000000  0.01512651  80.00000000  3822.37780181  0.99000000
0.00333908  78.00000000  0.00333908  80.00000000  3822.47846732  0.99000000
0.01512651  78.00000000  0.01512651  80.00000000  3822.37780181  0.99000000
0.01512651  78.00000000  0.01512651  80.00000000  3822.37780181  0.99000000
0.01512635  78.00000000  0.01512635  80.00000000  3822.37826276  0.99000000
0.01535304  78.00000000  0.01535304  80.00000000  3822.37788348  0.99000000
0.00250790  72.00000000  0.00189105  80.00000000  3822.37304219  0.99000000
0.00311353  77.00000000  0.00306281  80.00000000  3822.37392830  0.99000000
0.02302970  70.00000000  0.00073473  80.00000000  3848.17371914  0.99000000
0.00220208  70.00000000  0.00066634  80.00000000  3331.19596020  0.99000000
0.01085907  78.00000000  0.01085907  80.00000000  3806.56188577  0.99000000
0.01512651  78.00000000  0.01512651  80.00000000  3822.37780181  0.99000000
0.01513145  78.00000000  0.01513145  80.00000000  3822.37089280  0.99000000
0.01512651  78.00000000  0.01512651  80.00000000  3822.37780181  0.99000000
0.01512651  78.00000000  0.01512651  80.00000000  3822.37780181  0.99000000
0.01251702  78.00000000  0.01251702  80.00000000  3822.37636566  0.99000000
0.01109699  78.00000000  0.01109699  80.00000000  3822.37561592  0.99000000
0.01512651  78.00000000  0.01512651  80.00000000  3822.37780181  0.99000000
0.05270316  60.00000000  0.02190892  80.00000000  3851.49662796  0.99000000
0.01877836  62.00000000  0.01473325  80.00000000  3917.55047130  0.99000000
0.01403600  78.00000000  0.01403600  80.00000000  3820.41313290  0.99000000
0.01512651  78.00000000  0.01512651  80.00000000  3822.37780181  0.99000000
0.01512651  78.00000000  0.01512651  80.00000000  3822.37780181  0.99000000
0.01035687  78.00000000  0.01035687  80.00000000  3822.37562709  0.99000000
0.01275983  78.00000000  0.01275983  80.00000000  3176.88368768  0.99000000
0.01334217  78.00000000  0.01334217  80.00000000  3822.37560738  0.99000000
0.01512651  78.00000000  0.01512651  80.00000000  3822.37780181  0.99000000
0.01512651  78.00000000  0.01512651  80.00000000  3822.37780181  0.99000000
0.01512651  78.00000000  0.01512651  80.00000000  3822.37780181  0.99000000
0.01512651  78.00000000  0.01512651  80.00000000  3822.37780181  0.99000000
0.01512651  78.00000000  0.01512651  80.00000000  3822.37780181  0.99000000
0.01613648  78.00000000  0.01613648  80.00000000  3822.37811775  0.99000000
0.01199971  71.00000000  0.00577077  80.00000000  2419.69651557  0.99000000
0.01512651  78.00000000  0.01512651  80.00000000  3822.37780181  0.99000000
0.01512651  78.00000000  0.01512651  80.00000000  3822.37780181  0.99000000
0.08797534  59.00000000  0.00490947  80.00000000  3576.18002447  0.99000000
0.01512651  78.00000000  0.01512651  80.00000000  3822.37780181  0.99000000
0.01685995  78.00000000  0.01685995  80.00000000  3822.37829036  0.99000000
0.00134054  53.00000000  0.00013661  80.00000000  3822.37375408  0.99000000
0.01512651  78.00000000  0.01512651  80.00000000  3822.37780181  0.99000000
0.01512651  78.00000000  0.01512651  80.00000000  3822.37780181  0.99000000
0.01512651  78.00000000  0.01512651  80.00000000  3822.37780181  0.99000000
0.00133979  53.00000000  0.00082023  80.00000000  3822.37368912  0.99000000
0.01699369  78.00000000  0.01699369  80.00000000  3822.37892354  0.99000000
0.01512651  78.00000000  0.01512651  80.00000000  3822.37780181  0.99000000
0.01512651  78.00000000  0.01512651  80.00000000  3822.37780181  0.99000000
0.01512651  78.00000000  0.01512651  80.00000000  3822.37780181  0.99000000
0.01512651  78.00000000  0.01512651  80.00000000  3822.37780181  0.99000000
0.01512651  78.00000000  0.01512651  80.00000000  3822.37780181  0.99000000
0.01512651  78.00000000  0.01512651  80.00000000  3822.37780181  0.99000000
0.05729540  78.00000000  0.05729540  80.00000000  3824.67210811  0.99000000
0.01512651  78.00000000  0.01512651  80.00000000  3822.37780181  0.99000000
0.00529680  78.00000000  0.00529680  80.00000000  3822.37429461  0.99000000
0.01523548  78.00000000  0.01523548  80.00000000  3822.37781257  0.99000000
0.01490677  78.00000000  0.01490677  80.00000000  3822.37739354  0.99000000
0.01518054  78.00000000  0.01518054  80.00000000  3822.38467754  0.99000000
0.01512651  78.00000000  0.01512651  80.00000000  3822.37780181  0.99000000
0.01512651  78.00000000  0.01512651  80.00000000  3822.37780181  0.99000000
0.01661432  78.00000000  0.01661432  80.00000000  3822.37834260  0.99000000
0.01512651  78.00000000  0.01512651  80.00000000  3822.37780181  0.99000000
0.01278065  61.00000000  0.00766741  80.00000000  3802.18311169  0.99000000
0.01512651  78.00000000  0.01512651  80.00000000  3822.37780181  0.99000000
0.01512651  78.00000000  0.01512651  80.00000000  3822.37780181  0.99000000
0.01948840  78.00000000  0.01948840  80.00000000  3821.61660998  0.99000000
0.01512651  78.00000000  0.01512651  80.00000000  3822.37780181  0.99000000
0.01512651  78.00000000  0.01512651  80.00000000  3822.37780181  0.99000000
0.00161586  77.00000000  0.00160613  80.00000000  3822.41701026  0.99000000
0.00927146  73.00000000  0.00462221  80.00000000  3822.37721078  0.99000000
0.01512651  78.00000000  0.01512651  80.00000000  3822.37780181  0.99000000
0.01826431  78.00000000  0.01826431  80.00000000  3822.37831257  0.99000000
0.01512651  78.00000000  0.01512651  80.00000000  3822.37780181  0.99000000
0.01512651  78.00000000  0.01512651  80.00000000  3822.37780181  0.99000000
0.00133979  53.00000000  0.00085158  80.00000000  3822.37370357  0.99000000
0.00578812  77.00000000  0.00559316  80.00000000  3843.11336302  0.99000000
0.01399080  78.00000000  0.01399080  80.00000000  3822.37515754  0.99000000
0.01512651  78.00000000  0.01512651  80.00000000  3822.37780181  0.99000000
0.01180812  78.00000000  0.01180812  80.00000000  3817.86255777  0.99000000
0.01512651  78.00000000  0.01512651  80.00000000  3822.37780181  0.99000000
0.01862107  78.00000000  0.01862107  80.00000000  3822.37862129  0.99000000
0.01512651  78.00000000  0.01512651  80.00000000  3822.37780181  0.99000000
0.00805368  78.00000000  0.00805368  80.00000000  3822.37500526  0.99000000
0.01512651  78.00000000  0.01512651  80.00000000  3822.37780181  0.99000000
0.01512651  78.00000000  0.01512651  80.00000000  3822.37780181  0.99000000
0.01512651  78.00000000  0.01512651  80.00000000  3822.37780181  0.99000000
0.00241980  77.00000000  0.00235851  80.00000000  3824.71369207  0.99000000
0.01512651  78.00000000  0.01512651  80.00000000  3822.37780181  0.99000000
0.14566054  61.00000000  0.01170996  80.00000000  3190.88532264  0.99000000
0.01512651  78.00000000  0.01512651  80.00000000  3822.37780181  0.99000000
0.01512651  78.00000000  0.01512651  80.00000000  3822.37780181  0.99000000
0.01518263  78.00000000  0.01518263  80.00000000  3822.37811078  0.99000000
0.01585330  78.00000000  0.01585330  80.00000000  3822.37742159  0.99000000
0.01512651  78.00000000  0.01512651  80.00000000  3822.37780181  0.99000000
0.01512651  78.00000000  0.01512651  80.00000000  3822.37780181  0.99000000
0.01512651  78.00000000  0.01512651  80.00000000  3822.37780181  0.99000000
0.01512651  78.00000000  0.01512651  80.00000000  3822.37780181  0.99000000
0.01502426  78.00000000  0.01502426  80.00000000  3820.99451859  0.99000000
0.01512651  78.00000000  0.01512651  80.00000000  3822.37780181  0.99000000
0.01401043  78.00000000  0.01401043  80.00000000  3822.37764233  0.99000000
0.01512651  78.00000000  0.01512651  80.00000000  3822.37780181  0.99000000
0.01512651  78.00000000  0.01512651  80.00000000  3822.37780181  0.99000000
0.01512651  78.00000000  0.01512651  80.00000000  3822.37780181  0.99000000
0.01512651  78.00000000  0.01512651  80.00000000  3822.37780181  0.99000000
0.01512651  78.00000000  0.01512651  80.00000000  3822.37780181  0.99000000
0.01661936  78.00000000  0.01661936  80.00000000  3822.37824138  0.99000000
0.02697561  78.00000000  0.02697561  80.00000000  3893.31322530  0.99000000
0.03688484  78.00000000  0.03688484  80.00000000  3807.48069993  0.99000000
0.00134950  53.00000000  0.00033638  80.00000000  3822.38113094  0.99000000
0.01008365  76.00000000  0.00778566  80.00000000  3822.37616517  0.99000000
0.01512635  78.00000000  0.01512635  80.00000000  3822.37826285  0.99000000
0.01744998  78.00000000  0.01744998  80.00000000  3822.37850170  0.99000000
0.01523549  78.00000000  0.01523549  80.00000000  3822.37781711  0.99000000
0.01512651  78.00000000  0.01512651  80.00000000  3822.37780181  0.99000000
0.01897967  63.00000000  0.01345741  80.00000000  3844.47907830  0.99000000
0.01512651  78.00000000  0.01512651  80.00000000  3822.37780181  0.99000000
0.01512651  78.00000000  0.01512651  80.00000000  3822.37780181  0.99000000
0.01555202  78.00000000  0.01555202  80.00000000  3822.37749686  0.99000000
0.01512651  78.00000000  0.01512651  80.00000000  3822.37780181  0.99000000
0.01512651  78.00000000  0.01512651  80.00000000  3822.37780181  0.99000000
0.01512383  78.00000000  0.01512383  80.00000000  3822.37759395  0.99000000
0.01512651  78.00000000  0.01512651  80.00000000  3822.37780181  0.99000000
0.00977932  77.00000000  0.00952457  80.00000000  3812.24224072  0.99000000
0.01512146  78.00000000  0.01512146  80.00000000  3822.37702607  0.99000000
0.01512651  78.00000000  0.01512651  80.00000000  3822.37780181  0.99000000
0.02943783  61.00000000  0.01025618  80.00000000  3893.72097568  0.99000000
0.01512651  78.00000000  0.01512651  80.00000000  3822.37780181  0.99000000
0.00207825  63.00000000  0.00015568  80.00000000  3851.49895282  0.99000000
0.01512651  78.00000000  0.01512651  80.00000000  3822.37780181  0.99000000
0.01512651  78.00000000  0.01512651  80.00000000  3822.37780181  0.99000000
0.01523548  78.00000000  0.01523548  80.00000000  3822.37781743  0.99000000
0.01512650  78.00000000  0.01512650  80.00000000  3822.37788381  0.99000000
0.01512651  78.00000000  0.01512651  80.00000000  3822.37780181  0.99000000
0.01407927  78.00000000  0.01407927  80.00000000  3822.37752136  0.99000000
0.01512651  78.00000000  0.01512651  80.00000000  3822.37780181  0.99000000
0.01408307  78.00000000  0.01408307  80.00000000  3820.54325258  0.99000000
0.05381504  74.00000000  0.05186088  80.00000000  2561.82415651  0.99000000
0.01512651  78.00000000  0.01512651  80.00000000  3822.37780181  0.99000000
0.07025022  61.00000000  0.00371020  80.00000000  3123.13262471  0.99000000
0.01512651  78.00000000  0.01512651  80.00000000  3822.37780181  0.99000000
0.01512651  78.00000000  0.01512651  80.00000000  3822.37780181  0.99000000
0.01512651  78.00000000  0.01512651  80.00000000  3822.37780181  0.99000000
0.01512651  78.00000000  0.01512651  80.00000000  3822.37780181  0.99000000
0.01512651  78.00000000  0.01512651  80.00000000  3822.37780181  0.99000000
0.01512512  78.00000000  0.01512512  80.00000000  3822.38049815  0.99000000
0.01512651  78.00000000  0.01512651  80.00000000  3822.37780181  0.99000000
0.00178317  78.00000000  0.00178317  80.00000000  2293.02393372  0.99000000
0.01512651  78.00000000  0.01512651  80.00000000  3822.37780181  0.99000000
0.01512651  78.00000000  0.01512651  80.00000000  3822.37780181  0.99000000
0.01512651  78.00000000  0.01512651  80.00000000  3822.37780181  0.99000000
0.01845436  78.00000000  0.01845436  80.00000000  3822.38150451  0.99000000
0.01214720  77.00000000  0.01202252  80.00000000  3822.47653464  0.99000000
0.01512459  78.00000000  0.01512459  80.00000000  3822.37557067  0.99000000
0.01438310  63.00000000  0.01266158  80.00000000  3822.17542251  0.99000000
0.00134054  53.00000000  0.00013661  80.00000000  3822.37375408  0.99000000
0.01512651  78.00000000  0.01512651  80.00000000  3822.37780181  0.99000000
0.01600680  78.00000000  0.01600680  80.00000000  3822.37816728  0.99000000
0.01512651  78.00000000  0.01512651  80.00000000  3822.37780181  0.99000000
0.01512651  78.00000000  0.01512651  80.00000000  3822.37780181  0.99000000
0.01512651  78.00000000  0.01512651  80.00000000  3822.37780181  0.99000000
0.01523548  78.00000000  0.01523548  80.00000000  3822.37781743  0.99000000
0.00291527  56.00000000  0.00214410  80.00000000  3816.46107249  0.99000000
0.01664434  78.00000000  0.01664434  80.00000000  3822.37463412  0.99000000
0.01512651  78.00000000  0.01512651  80.00000000  3822.37780181  0.99000000
0.02302970  70.00000000  0.00073473  80.00000000  3848.17371914  0.99000000
0.00934706  78.00000000  0.00934706  80.00000000  3821.73926893  0.99000000
0.01512651  78.00000000  0.01512651  80.00000000  3822.37780181  0.99000000
0.00633121  78.00000000  0.00633121  80.00000000  3822.38796721  0.99000000
0.01512651  78.00000000  0.01512651  80.00000000  3822.37780181  0.99000000
0.01512651  78.00000000  0.01512651  80.00000000  3822.37780181  0.99000000
0.01512651  78.00000000  0.01512651  80.00000000  3822.37780181  0.99000000
0.11568173  78.00000000  0.11568173  80.00000000  3204.81457724  0.99000000
0.00156391  78.00000000  0.00156391  80.00000000  3822.37371961  0.99000000
0.01512651  78.00000000  0.01512651  80.00000000  3822.37780181  0.99000000
0.01512651  78.00000000  0.01512651  80.00000000  3822.37780181  0.99000000
0.04356851  75.00000000  0.03896962  80.00000000  4025.77300864  0.99000000
0.01512651  78.00000000  0.01512651  80.00000000  3822.37780181  0.99000000
0.01512651  78.00000000  0.01512651  80.00000000  3822.37780181  0.99000000
0.01512651  78.00000000  0.01512651  80.00000000  3822.37780181  0.99000000
0.01512639  78.00000000  0.01512639  80.00000000  3822.37745461  0.99000000
0.00447472  78.00000000  0.00447472  80.00000000  3822.14582891  0.99000000
0.01237030  71.00000000  0.01019445  80.00000000  3826.96516928  0.99000000
0.01512651  78.00000000  0.01512651  80.00000000  3822.37780181  0.99000000
0.01512651  78.00000000  0.01512651  80.00000000  3822.37780181  0.99000000
0.00624176  78.00000000  0.00624176  80.00000000  3832.26101692  0.99000000
0.01512649  78.00000000  0.01512649  80.00000000  3822.37786859  0.99000000
0.01512651  78.00000000  0.01512651  80.00000000  3822.37780181  0.99000000
0.01512651  78.00000000  0.01512651  80.00000000  3822.37780181  0.99000000
0.00233694  77.00000000  0.00232083  80.00000000  3822.38908729  0.99000000
0.01512651  78.00000000  0.01512651  80.00000000  3822.37780181  0.99000000
0.01795645  78.00000000  0.01795645  80.00000000  3822.37932325  0.99000000
0.00864143  78.00000000  0.00864143  80.00000000  3822.37473737  0.99000000
0.01512651  78.00000000  0.01512651  80.00000000  3822.37780181  0.99000000
0.04530073  53.00000000  0.01306890  80.00000000  3233.07174367  0.99000000
0.01512651  78.00000000  0.01512651  80.00000000  3822.37780181  0.99000000
0.01056626  78.00000000  0.01056626  80.00000000  3822.37506822  0.99000000
0.01512651  78.00000000  0.01512651  80.00000000  3822.37780181  0.99000000
0.01512651  78.00000000  0.01512651  80.00000000  3822.37780181  0.99000000
0.01512651  78.00000000  0.01512651  80.00000000  3822.37780181  0.99000000
0.01512702  78.00000000  0.01512702  80.00000000  3822.38573942  0.99000000
0.01660316  78.00000000  0.01660316  80.00000000  3823.26807960  0.99000000
0.01512651  78.00000000  0.01512651  80.00000000  3822.37780181  0.99000000
0.01512651  78.00000000  0.01512651  80.00000000  3822.37780181  0.99000000
0.00162902  78.00000000  0.00162902  80.00000000  3822.48185568  0.99000000
0.01512651  78.00000000  0.01512651  80.00000000  3822.37780181  0.99000000
0.01512651  78.00000000  0.01512651  80.00000000  3822.37780181  0.99000000
0.01408997  75.00000000  0.01283387  80.00000000  3413.23115431  0.99000000
0.01512651  78.00000000  0.01512651  80.00000000  3822.37780181  0.99000000
0.00286229  76.00000000  0.00188650  80.00000000  3822.48578733  0.99000000
0.01512651  78.00000000  0.01512651  80.00000000  3822.37780181  0.99000000
0.01209400  59.00000000  0.01067043  80.00000000  3780.06777632  0.99000000
0.01512651  78.00000000  0.01512651  80.00000000  3822.37780181  0.99000000
0.01498797  78.00000000  0.01498797  80.00000000  3823.24237717  0.99000000
0.01175193  78.00000000  0.01175193  80.00000000  3834.60707805  0.99000000
0.01512651  78.00000000  0.01512651  80.00000000  3822.37780181  0.99000000
0.01512651  78.00000000  0.01512651  80.00000000  3822.37780181  0.99000000
0.01512651  78.00000000  0.01512651  80.00000000  3822.37780181  0.99000000
0.01512651  78.00000000  0.01512651  80.00000000  3822.37780181  0.99000000
0.01762559  78.00000000  0.01762559  80.00000000  3822.37868806  0.99000000
0.02523911  77.00000000  0.02469389  80.00000000  3821.20966370  0.99000000
0.01555203  78.00000000  0.01555203  80.00000000  3822.37795773  0.99000000
0.01512651  78.00000000  0.01512651  80.00000000  3822.37780181  0.99000000
0.01512651  78.00000000  0.01512651  80.00000000  3822.37780181  0.99000000
0.01336431  57.00000000  0.00145015  80.00000000  3845.31016059  0.99000000
0.01523548  78.00000000  0.01523548  80.00000000  3822.37780008  0.99000000
0.01512651  78.00000000  0.01512651  80.00000000  3822.37780181  0.99000000
0.01512662  78.00000000  0.01512662  80.00000000  3822.37797874  0.99000000
0.01835849  78.00000000  0.01835849  80.00000000  3822.43686149  0.99000000
0.00015111  76.00000000  0.00009229  80.00000000  2001.28172971  0.99000000
0.00165199  71.00000000  0.00009114  80.00000000  3822.37374826  0.99000000
0.01512651  78.00000000  0.01512651  80.00000000  3822.37780181  0.99000000
0.00350663  78.00000000  0.00350663  80.00000000  3822.46848861  0.99000000
0.01523548  78.00000000  0.01523548  80.00000000  3822.37786892  0.99000000
0.01512651  78.00000000  0.01512651  80.00000000  3822.37780181  0.99000000
0.01512651  78.00000000  0.01512651  80.00000000  3822.37780181  0.99000000
0.01512651  78.00000000  0.01512651  80.00000000  3822.37780181  0.99000000
0.04994036  58.00000000  0.01911338  80.00000000  3841.92584578  0.99000000
0.06671704  77.00000000  0.06661963  80.00000000  2269.76614011  0.99000000
0.01512635  78.00000000  0.01512635  80.00000000  3822.37826276  0.99000000
0.01722460  78.00000000  0.01722460  80.00000000  3822.34245351  0.99000000
0.00436530  77.00000000  0.00424769  80.00000000  3822.37425509  0.99000000
0.01512651  78.00000000  0.01512651  80.00000000  3822.37780181  0.99000000
0.01737676  55.00000000  0.01399697  80.00000000  3827.18830236  0.99000000
0.01512651  78.00000000  0.01512651  80.00000000  3822.37780181  0.99000000
0.01512651  78.00000000  0.01512651  80.00000000  3822.37780181  0.99000000
0.01512651  78.00000000  0.01512651  80.00000000  3822.37780177  0.99000000
0.01512651  78.00000000  0.01512651  80.00000000  3822.37780181  0.99000000
0.00729554  78.00000000  0.00729554  80.00000000  3822.37344496  0.99000000
0.01618512  67.00000000  0.00331494  80.00000000  2537.62875176  0.99000000
0.01673709  78.00000000  0.01673709  80.00000000  3822.37819742  0.99000000
0.01147166  63.00000000  0.01081529  80.00000000  3822.65359120  0.99000000
0.01512651  78.00000000  0.01512651  80.00000000  3822.37780181  0.99000000
0.01512649  78.00000000  0.01512649  80.00000000  3822.37786861  0.99000000
0.01512651  78.00000000  0.01512651  80.00000000  3822.37780181  0.99000000
0.01512651  78.00000000  0.01512651  80.00000000  3822.37780181  0.99000000
0.01503273  78.00000000  0.01503273  80.00000000  3865.24788276  0.99000000
0.00335430  78.00000000  0.00335430  80.00000000  3822.46728433  0.99000000
0.02922822  58.00000000  0.00092262  80.00000000  3825.91644023  0.99000000
0.01703205  78.00000000  0.01703205  80.00000000  3824.60518913  0.99000000
0.01512651  78.00000000  0.01512651  80.00000000  3822.37780181  0.99000000
0.01512651  78.00000000  0.01512651  80.00000000  3822.37780181  0.99000000
0.01512651  78.00000000  0.01512651  80.00000000  3822.37780181  0.99000000
0.01512651  78.00000000  0.01512651  80.00000000  3822.37780181  0.99000000
0.01512651  78.00000000  0.01512651  80.00000000  3822.37780181  0.99000000
0.00368569  75.00000000  0.00241182  80.00000000  3822.61409784  0.99000000
0.01859683  78.00000000  0.01859683  80.00000000  3821.00942567  0.99000000
0.01512651  78.00000000  0.01512651  80.00000000  3822.37780181  0.99000000
0.01222743  78.00000000  0.01222743  80.00000000  3822.61663372  0.99000000
0.01398575  78.00000000  0.01398575  80.00000000  3870.42096092  0.99000000
0.01512651  78.00000000  0.01512651  80.00000000  3822.37780181  0.99000000
0.01512651  78.00000000  0.01512651  80.00000000  3822.37780181  0.99000000
0.00934599  50.00000000  0.00667372  80.00000000  4003.29073928  0.99000000
0.01512651  78.00000000  0.01512651  80.00000000  3822.37780181  0.99000000
0.01512651  78.00000000  0.01512651  80.00000000  3822.37780181  0.99000000
0.07013111  78.00000000  0.07013111  80.00000000  3880.27909667  0.99000000
0.00688145  63.00000000  0.00028149  80.00000000  3824.39689303  0.99000000
0.01512651  78.00000000  0.01512651  80.00000000  3822.37780181  0.99000000
0.00744530  78.00000000  0.00744530  80.00000000  3823.89846271  0.99000000
0.02523499  67.00000000  0.01631266  80.00000000  2341.56726253  0.99000000
0.01512651  78.00000000  0.01512651  80.00000000  3822.37780181  0.99000000
0.00977834  78.00000000  0.00977834  80.00000000  3822.37490159  0.99000000
0.00934599  50.00000000  0.00667372  80.00000000  4003.29073928  0.99000000
0.01896007  78.00000000  0.01896007  80.00000000  3820.95347411  0.99000000
0.01512651  78.00000000  0.01512651  80.00000000  3822.37780181  0.99000000
0.00688145  63.00000000  0.00028149  80.00000000  3824.39689303  0.99000000
0.01512838  78.00000000  0.01512838  80.00000000  3822.37430310  0.99000000
0.01512651  78.00000000  0.01512651  80.00000000  3822.37780181  0.99000000
0.01512651  78.00000000  0.01512651  80.00000000  3822.37780181  0.99000000
0.01775486  78.00000000  0.01775486  80.00000000  3822.37782594  0.99000000
0.00563561  73.00000000  0.00224158  80.00000000  3823.54878513  0.99000000
0.00179073  65.00000000  0.00104152  80.00000000  2776.11932917  0.99000000
0.01512651  78.00000000  0.01512651  80.00000000  3822.37780181  0.99000000
0.01512651  78.00000000  0.01512651  80.00000000  3822.37780181  0.99000000
0.01613648  78.00000000  0.01613648  80.00000000  3822.37811775  0.99000000
0.01512651  78.00000000  0.01512651  80.00000000  3822.37780181  0.99000000
0.00743690  77.00000000  0.00601605  80.00000000  3822.43116562  0.99000000
0.01512651  78.00000000  0.01512651  80.00000000  3822.37780181  0.99000000
0.01703197  54.00000000  0.01320912  80.00000000  3827.30060827  0.99000000
0.01512383  78.00000000  0.01512383  80.00000000  3822.37759395  0.99000000
0.01306647  61.00000000  0.00336398  80.00000000  3821.15933964  0.99000000
0.02853665  78.00000000  0.02853665  80.00000000  3821.38626206  0.99000000
0.01512651  78.00000000  0.01512651  80.00000000  3822.37780181  0.99000000
0.00136037  67.00000000  0.00019214  80.00000000  3822.45375365  0.99000000
0.00502075  78.00000000  0.00502075  80.00000000  3796.28490683  0.99000000
0.00796426  78.00000000  0.00796426  80.00000000  3828.40955964  0.99000000
0.01512651  78.00000000  0.01512651  80.00000000  3822.37780181  0.99000000
0.00743690  77.00000000  0.00601605  80.00000000  3822.43116562  0.99000000
0.00283618  68.00000000  0.00037579  80.00000000  3824.06190017  0.99000000
0.00175601  78.00000000  0.00175601  80.00000000  3822.37370015  0.99000000
0.01451376  78.00000000  0.01451376  80.00000000  3821.55968732  0.99000000
0.01212082  78.00000000  0.01212082  80.00000000  3948.70998134  0.99000000
0.01011897  74.00000000  0.00762476  80.00000000  4064.49662768  0.99000000
0.01987993  53.00000000  0.00655662  80.00000000  4077.33541025  0.99000000
0.09308827  57.00000000  0.02358854  80.00000000  4075.65348060  0.99000000
0.15116865  56.00000000  0.02394392  80.00000000  4029.44587208  0.99000000
0.13044369  55.00000000  0.01444509  80.00000000  4017.17006442  0.99000000
0.09470619  55.00000000  0.02795100  80.00000000  3991.40704961  0.99000000
0.12982205  55.00000000  0.09750145  80.00000000  4017.53655400  0.99000000
0.12092631  54.00000000  0.04848983  80.00000000  4041.53010739  0.99000000
0.13044491  55.00000000  0.00292216  80.00000000  4017.20878436  0.99000000
0.09468656  55.00000000  0.00088395  80.00000000  3991.37827112  0.99000000
0.09463985  55.00000000  0.00050148  80.00000000  3991.38734710  0.99000000
0.09464155  55.00000000  0.00050140  80.00000000  3991.38746835  0.99000000
0.03577405  71.00000000  0.01229297  80.00000000  4043.93594138  0.99000000
0.04151939  68.00000000  0.00266848  80.00000000  3884.94154032  0.99000000
0.06917285  77.00000000  0.06650690  80.00000000  2683.57156019  0.99000000
0.04536697  59.00000000  0.00607184  80.00000000  3842.61879815  0.99000000
0.01602160  78.00000000  0.01602160  80.00000000  3880.29523915  0.99000000
0.01576230  78.00000000  0.01576230  80.00000000  3823.79713170  0.99000000
0.01174310  52.00000000  0.00175652  80.00000000  4027.73674382  0.99000000
0.07863913  76.00000000  0.07049934  80.00000000  4019.18017019  0.99000000
0.04659341  74.00000000  0.03988688  80.00000000  3531.27635976  0.99000000
0.07138638  52.00000000  0.01863668  80.00000000  4018.59274103  0.99000000
0.07817962  74.00000000  0.05866896  80.00000000  4004.86399133  0.99000000
0.04464476  50.00000000  0.02189333  80.00000000  3990.16330089  0.99000000
0.01996184  50.00000000  0.00836081  80.00000000  3932.16953321  0.99000000
0.01297471  65.00000000  0.00627361  80.00000000  3874.45594552  0.99000000
0.00066746  47.00000000  0.00031258  80.00000000  4123.13161316  0.99000000
0.02370983  78.00000000  0.02370983  80.00000000  3927.73723004  0.99000000
0.01739757  75.00000000  0.01361245  80.00000000  3927.90685468  0.99000000
0.00389224  50.00000000  0.00286789  80.00000000  4138.16302464  0.99000000
0.00372646  51.00000000  0.00079094  80.00000000  4048.42757202  0.99000000
0.00388801  50.00000000  0.00077168  80.00000000  4138.16065384  0.99000000
0.04148240  61.00000000  0.00325515  80.00000000  2123.67706062  0.99000000
0.00224817  49.00000000  0.00066830  80.00000000  4136.93693839  0.99000000
0.00466520  51.00000000  0.00123959  80.00000000  4138.68286234  0.99000000
0.00388811  50.00000000  0.00077171  80.00000000  4138.16069617  0.99000000
0.00387909  50.00000000  0.00077001  80.00000000  4138.15756501  0.99000000
0.02459281  64.00000000  0.00868775  80.00000000  4083.96414487  0.99000000
0.04682231  55.00000000  0.01437797  80.00000000  3969.11190709  0.99000000
0.02154703  70.00000000  0.01373858  80.00000000  4017.50992854  0.99000000
0.00273014  73.00000000  0.00133152  80.00000000  2752.95199731  0.99000000
0.00855253  52.00000000  0.00134590  80.00000000  4138.17964437  0.99000000
0.01067644  52.00000000  0.00130061  80.00000000  4142.90269176  0.99000000
0.04173348  77.00000000  0.04139347  80.00000000  3394.05937939  0.99000000
0.00738763  52.00000000  0.00100272  80.00000000  4125.82283300  0.99000000
0.00132055  52.00000000  0.00063596  80.00000000  3219.66765982  0.99000000
0.00671606  51.00000000  0.00092732  80.00000000  4132.45483630  0.99000000
0.00767200  52.00000000  0.00146027  80.00000000  4140.82382266  0.99000000
0.06453588  78.00000000  0.06453588  80.00000000  4141.34039267  0.99000000
0.01117769  78.00000000  0.01117769  80.00000000  4159.66966507  0.99000000
0.00359565  78.00000000  0.00359565  80.00000000  2538.76412154  0.99000000
0.01465636  78.00000000  0.01465636  80.00000000  4153.78212095  0.99000000
0.01402716  68.00000000  0.00367493  80.00000000  4163.01895060  0.99000000
0.00093696  63.00000000  0.00036044  80.00000000  4174.85051494  0.99000000
0.00917322  73.00000000  0.00543410  80.00000000  4174.86028415  0.99000000
0.00419675  77.00000000  0.00417193  80.00000000  4162.02301957  0.99000000
0.14084226  63.00000000  0.00762789  80.00000000  3346.72978643  0.99000000
0.08203914  69.00000000  0.00013171  80.00000000  4144.07921787  0.99000000
0.00548730  78.00000000  0.00548730  80.00000000  4174.85097635  0.99000000
0.00875681  78.00000000  0.00875681  80.00000000  4174.85389654  0.99000000
0.00376832  69.00000000  0.00025497  80.00000000  4174.85292383  0.99000000
0.13026232  60.00000000  0.05234133  80.00000000  3342.65125151  0.99000000
0.01200334  78.00000000  0.01200334  80.00000000  4174.85177743  0.99000000
0.00340311  78.00000000  0.00340311  80.00000000  4174.85053608  0.99000000
0.03773608  75.00000000  0.03204547  80.00000000  4174.99826717  0.99000000
0.00049504  62.00000000  0.00041127  80.00000000  4174.85031592  0.99000000
0.10808548  72.00000000  0.04815196  80.00000000  4176.23652669  0.99000000
0.11119341  69.00000000  0.00406821  80.00000000  4176.40024288  0.99000000
0.00700352  70.00000000  0.00108275  80.00000000  4141.92261704  0.99000000
0.00281191  69.00000000  0.00024611  80.00000000  4142.07817445  0.99000000
0.03746816  74.00000000  0.01189699  80.00000000  4161.61492142  0.99000000
0.05009773  76.00000000  0.04750887  80.00000000  4148.89208934  0.99000000
0.02207518  78.00000000  0.02207518  80.00000000  4133.15993613  0.99000000
0.09737316  78.00000000  0.09737316  80.00000000  4150.52911714  0.99000000
0.07745424  68.00000000  0.00080149  80.00000000  4149.70622314  0.99000000
0.15170508  78.00000000  0.15170508  80.00000000  4150.18752824  0.99000000
0.16887467  78.00000000  0.16887467  80.00000000  4177.08396831  0.99000000
0.24163830  78.00000000  0.24163830  80.00000000  4184.72925063  0.99000000
0.15118009  63.00000000  0.00616011  80.00000000  4167.86335271  0.99000000
0.08915125  78.00000000  0.08915125  80.00000000  4102.58192889  0.99000000
0.26135854  78.00000000  0.26135854  80.00000000  4181.66869450  0.99000000
0.07545029  59.00000000  0.00539576  80.00000000  4176.50299070  0.99000000
0.13554634  78.00000000  0.13554634  80.00000000  4167.26851659  0.99000000
0.15158300  75.00000000  0.04713756  80.00000000  4163.16005259  0.99000000
0.11674400  54.00000000  0.01667553  80.00000000  4178.03417222  0.99000000
0.07302867  53.00000000  0.00095909  80.00000000  4176.70681697  0.99000000
0.10890894  56.00000000  0.06582022  80.00000000  4179.22206710  0.99000000
0.08344077  78.00000000  0.08344077  80.00000000  4175.68545171  0.99000000
0.22271485  66.00000000  0.07921244  80.00000000  4185.07205906  0.99000000
0.17937208  73.00000000  0.07460684  80.00000000  4173.22533901  0.99000000
0.09230960  74.00000000  0.08717085  80.00000000  4171.75338498  0.99000000
0.12884619  77.00000000  0.12240011  80.00000000  4162.51654146  0.99000000
0.21185095  69.00000000  0.11538932  80.00000000  3978.62589016  0.99000000
0.08654464  71.00000000  0.01933976  80.00000000  4162.35565614  0.99000000
0.03144508  73.00000000  0.02813823  80.00000000  4172.50419647  0.99000000
0.06269562  76.00000000  0.05590649  80.00000000  4160.53533807  0.99000000
0.06635258  78.00000000  0.06635258  80.00000000  4160.37421476  0.99000000
0.19583239  75.00000000  0.16523787  80.00000000  4173.85378567  0.99000000
0.08858006  69.00000000  0.01383070  80.00000000  4170.94940322  0.99000000
0.22348039  78.00000000  0.22348039  80.00000000  4173.77006624  0.99000000
