29
13
30
11
17
9
9
0
18
10
28
20
16
8
19
14
13
16
1
0
1
15
21
28
17
32
2
29
31
2
17
22
12
24
1
3
21
21
13
26
4
13
14
2
21
20
2
5
15
21
15
1
2
6
16
22
1
32
7
7
7
17
23
17
8
29
2
18
9
30
9
19
29
25
32
10
20
28
30
31
10
11
21
6
27
31
22
12
22
22
12
30
13
3
23
29
6
14
6
14
32
9
32
32
15
25
8
31
31
8
16
26
0
6
31
17
27
17
27
18
9
18
32
28
19
4
13
19
12
29
0
1
19
19
30
10
30
15
21
3
22
31
16
22
12
7
1
23
32
14
9
32
1
4
13
24
13
20
7
2
25
19
21
25
23
20
23
20
6
20
17
32
26
32
32
5
31
28
29
31
31
9
31
4
31
29
32
32
30
31
23
30
31
3
31
31
31
28
31
22
31
1
1
32
30
32
29
32
29
32
14
32
7
32
30
32
32
26
32
14
31
31
30
19
26
32
18
