16
5
17
27
13
21
11
0
13
32
26
15
8
13
30
18
24
9
1
1
26
30
1
17
25
20
12
2
11
18
20
31
12
3
13
12
3
13
18
0
4
13
0
22
1
14
5
24
3
5
23
5
26
6
16
5
17
4
7
3
18
22
17
29
8
31
18
2
18
9
18
27
27
25
25
10
20
9
10
20
28
2
11
21
21
21
11
4
5
12
32
23
0
27
13
23
14
32
31
24
9
14
24
25
0
15
1
4
25
3
16
26
32
16
5
17
27
13
32
27
0
12
32
28
1
8
6
1
13
29
32
8
21
16
3
21
17
30
20
8
31
19
4
20
31
9
3
5
0
1
32
21
0
4
13
8
16
0
14
5
26
3
5
14
14
20
20
1
19
14
24
20
30
31
12
30
31
7
25
31
2
31
31
31
27
31
5
6
31
21
31
10
31
28
31
15
30
31
28
11
31
3
25
32
32
31
31
13
31
30
1
31
21
29
31
31
30
32
13
29
32
25
11
32
13
32
0
