26
31
5
14
29
27
11
31
17
14
18
17
31
23
0
9
20
24
1
25
1
0
26
10
1
17
17
11
18
2
11
22
1
3
20
12
3
32
1
32
4
24
19
24
18
26
5
18
1
15
1
20
6
15
18
18
24
20
7
31
17
29
24
8
24
18
8
3
0
9
9
19
9
23
19
20
32
23
20
20
31
11
30
21
1
2
1
12
24
12
22
23
31
13
31
29
23
5
32
24
8
24
15
6
15
8
25
10
29
16
29
26
4
26
31
27
27
31
27
18
31
31
1
18
28
19
9
0
31
13
29
0
20
11
15
32
30
1
13
17
11
18
22
31
12
19
22
17
14
16
32
24
32
12
24
12
4
12
23
9
18
22
15
8
14
6
15
24
3
27
19
11
31
31
31
31
0
29
31
8
31
30
32
17
7
32
29
31
31
15
31
10
29
31
30
21
18
31
11
3
12
31
8
19
27
31
13
31
31
31
32
32
24
27
31
15
5
31
27
32
22
31
19
29
31
4
3
