10
17
31
30
27
17
18
8
31
31
18
16
21
17
31
0
25
9
1
1
21
1
20
1
30
10
2
22
2
1
19
18
12
3
3
17
3
27
19
2
4
1
32
14
19
22
5
14
15
18
2
6
27
16
23
6
16
26
3
17
18
4
7
21
8
5
21
18
4
27
31
24
19
10
10
20
10
20
30
28
28
11
1
11
21
11
12
12
22
12
0
22
8
23
13
24
14
14
32
5
31
24
15
29
28
15
25
32
29
1
26
10
4
26
17
30
6
27
8
18
8
31
32
18
28
29
7
31
4
13
29
29
10
14
8
30
20
30
30
9
13
22
3
31
10
22
1
3
4
3
32
14
32
4
17
4
24
4
5
5
14
15
18
26
27
27
8
20
11
16
4
3
31
1
4
31
0
18
31
32
31
31
29
31
10
19
31
27
1
10
31
30
28
31
11
11
31
2
31
31
12
31
26
31
17
32
28
30
32
14
32
32
28
31
23
8
31
4
32
31
32
32
30
26
25
2
32
