4
6
31
11
18
18
27
18
25
27
21
20
16
19
15
12
13
20
1
30
10
1
25
29
32
10
15
2
16
21
11
19
23
3
12
3
23
12
30
13
4
28
14
13
25
24
5
5
5
24
15
6
15
1
6
28
0
26
7
31
2
23
17
31
8
17
2
31
31
9
19
9
20
19
32
28
5
10
5
28
27
11
11
21
11
28
22
29
31
28
22
13
29
13
23
13
23
8
7
14
25
24
32
25
29
15
25
6
2
0
3
7
26
1
27
29
29
18
18
27
18
2
28
19
1
32
19
29
29
2
20
29
2
10
14
14
30
32
0
11
11
16
15
31
23
23
3
23
2
23
23
32
3
4
15
8
0
15
23
25
5
26
24
25
23
17
22
21
21
0
20
19
31
8
31
6
31
20
32
22
8
31
27
31
30
32
32
32
28
31
10
31
26
27
31
3
31
11
31
31
32
32
18
32
31
31
6
23
23
31
8
30
14
31
24
32
0
32
15
29
28
32
16
1
14
19
3
