26
17
12
15
27
17
30
26
12
32
15
0
15
0
10
20
15
9
1
13
1
30
16
0
28
25
22
2
11
18
24
22
1
25
3
12
1
32
13
2
4
0
25
1
15
28
5
4
28
0
15
23
6
20
6
16
6
7
4
4
7
28
31
29
8
18
6
29
18
9
3
24
9
19
22
25
31
10
20
30
20
0
11
0
21
0
27
12
30
4
22
2
32
23
30
23
23
14
0
32
32
24
15
32
15
29
25
6
16
0
16
26
0
26
17
12
17
27
32
8
6
18
32
28
8
1
0
19
11
11
29
1
0
20
30
0
12
30
11
9
2
11
9
31
22
15
15
11
12
32
11
13
4
3
14
25
16
17
23
23
25
10
19
26
2
26
26
22
21
6
7
27
32
21
32
12
29
32
8
6
31
3
31
26
32
9
32
31
31
23
30
31
30
20
31
24
31
21
31
31
32
9
32
22
9
32
23
25
26
32
24
17
32
32
31
15
9
31
8
25
5
31
30
31
26
30
28
