12
7
17
6
0
8
11
31
18
15
28
8
28
32
15
20
29
16
1
17
1
17
17
30
30
20
2
28
19
2
12
31
12
12
3
22
23
13
18
4
4
4
24
4
14
22
5
19
5
29
15
5
6
15
24
6
27
16
32
7
6
25
30
17
8
6
5
18
3
26
9
19
5
19
10
20
10
28
28
0
11
32
21
5
21
2
31
12
22
6
28
23
13
9
13
23
29
28
3
14
30
24
9
3
32
25
15
5
0
26
26
5
26
5
3
17
12
12
27
1
17
18
8
28
1
6
5
0
20
29
20
1
4
1
11
1
30
20
21
2
10
9
17
31
17
12
23
3
32
23
13
4
24
24
5
24
18
13
23
13
18
18
24
26
5
1
14
24
6
27
6
32
31
3
29
31
30
0
27
29
31
3
9
31
32
31
30
31
20
9
31
28
31
26
32
21
31
17
8
31
12
12
32
32
23
32
27
31
4
31
27
32
0
31
21
31
5
32
31
31
28
0
31
26
11
32
15
