28
14
16
11
30
8
17
7
32
16
15
32
28
13
28
19
19
15
1
20
1
10
26
30
0
10
2
17
2
18
20
0
30
3
32
3
23
3
28
4
14
4
27
31
3
19
5
14
0
5
15
17
6
17
21
27
2
21
7
1
3
7
17
18
8
5
0
8
28
28
32
8
27
10
19
10
8
9
8
29
4
11
0
4
21
32
9
11
5
29
7
9
23
13
4
27
12
2
12
12
24
30
31
15
3
9
10
25
0
30
31
8
26
2
17
11
11
28
27
17
7
5
11
32
31
28
13
18
9
29
12
29
9
6
21
12
30
11
1
2
21
22
14
31
0
18
3
32
14
14
23
32
4
24
4
0
18
3
19
5
14
0
5
25
17
20
3
20
22
29
28
17
30
32
27
30
32
8
28
32
32
31
31
30
29
26
31
16
23
8
31
24
27
30
32
26
8
13
32
27
11
31
2
31
9
31
30
31
27
31
21
31
26
31
30
31
18
31
4
10
31
0
30
31
10
30
5
