32
0
21
27
31
0
29
20
28
12
28
12
29
19
15
23
27
24
1
1
17
25
1
18
24
21
11
2
17
19
2
17
2
26
23
3
27
26
24
2
31
4
19
14
20
21
23
2
5
23
32
32
6
0
25
6
28
27
7
29
24
17
31
4
8
31
1
24
31
31
19
30
27
19
10
9
31
20
10
28
29
11
21
1
5
4
0
1
22
7
28
13
9
10
23
11
13
24
10
11
24
14
0
15
30
25
7
10
9
16
2
26
4
32
5
17
27
31
0
0
18
28
18
28
7
29
19
9
12
29
8
10
6
30
10
20
7
1
21
2
2
31
12
22
32
2
2
2
2
11
32
32
23
1
7
17
16
3
25
7
2
24
23
1
6
26
24
25
11
28
32
22
31
4
29
30
31
8
28
1
31
31
23
31
31
25
30
32
13
32
24
31
28
31
8
31
1
26
31
30
29
14
28
31
24
30
10
31
30
31
0
10
31
14
28
30
31
30
31
31
5
31
2
31
26
12
31
