5
17
27
8
31
15
8
18
11
8
19
18
20
8
30
16
18
22
1
1
20
30
1
20
10
10
31
29
2
20
22
12
12
12
3
12
21
22
28
4
4
13
4
28
23
5
27
2
1
5
21
0
6
30
4
0
29
32
7
4
7
17
28
29
8
23
27
18
2
9
26
9
31
9
2
31
10
20
31
31
29
7
11
21
2
32
26
11
3
22
8
27
13
27
23
5
14
23
9
14
4
0
29
25
15
1
2
15
30
16
2
26
0
7
17
27
8
31
5
18
18
10
28
19
1
32
19
12
12
29
10
1
1
20
30
17
20
18
18
31
4
17
20
22
20
15
32
21
14
21
22
2
4
4
21
23
25
14
5
13
21
1
2
16
0
6
9
27
24
29
28
30
25
10
32
28
29
29
30
25
32
8
29
31
9
31
29
31
31
31
4
31
31
29
31
29
31
2
32
22
32
3
32
26
4
32
10
29
32
14
23
31
23
31
32
31
9
29
31
26
15
32
16
32
15
31
5
