11
27
24
25
7
21
26
14
26
8
17
25
27
9
15
9
13
1
1
30
1
10
21
31
2
2
1
2
22
12
3
3
32
3
31
13
2
2
4
0
14
2
21
5
15
26
3
3
26
6
23
27
2
31
7
27
17
31
24
8
18
8
5
18
19
9
3
29
19
20
10
32
27
32
27
11
21
6
11
4
32
12
22
30
5
1
31
31
30
14
14
24
4
14
13
15
25
15
31
31
3
16
26
7
30
7
11
9
17
27
16
18
18
14
18
18
8
2
29
19
15
14
20
1
32
30
20
32
21
31
5
14
18
13
23
23
3
32
32
13
23
12
5
2
4
13
11
7
20
18
15
26
25
3
19
18
24
5
32
31
31
5
31
31
19
31
31
29
32
29
32
19
32
26
32
32
23
32
32
32
27
32
30
32
30
32
26
31
31
30
24
27
31
31
30
31
31
25
12
31
15
31
23
31
1
31
13
16
26
7
7
7
