31
10
9
18
10
18
20
9
11
28
8
19
13
15
27
25
27
1
1
15
1
21
23
17
10
2
16
2
22
1
12
3
12
3
13
18
23
4
0
4
3
3
14
15
21
25
29
6
20
6
16
5
29
3
27
7
17
2
25
8
31
2
18
8
18
9
19
31
2
20
10
2
10
32
20
11
21
11
30
0
12
32
22
32
22
3
13
12
23
14
14
14
32
14
24
30
15
29
25
9
16
16
10
16
26
4
9
31
9
11
27
18
32
18
11
28
18
19
13
8
12
29
20
20
4
6
30
0
14
21
6
12
16
31
22
15
11
17
32
23
13
18
10
18
17
24
9
3
14
1
19
25
7
6
3
1
12
6
29
27
32
31
31
29
31
29
31
31
18
31
31
9
31
31
28
31
31
0
32
32
13
32
29
32
32
29
32
32
32
32
32
6
13
32
19
32
14
14
32
32
24
15
31
31
25
19
32
32
13
32
12
32
