9
9
11
27
18
16
16
16
0
28
28
28
14
18
20
23
26
1
32
1
31
18
11
10
21
2
31
11
31
32
19
12
3
20
12
13
26
13
4
13
14
2
22
5
29
16
15
16
6
29
6
16
0
1
7
3
23
2
3
18
8
18
27
18
30
9
25
4
25
30
10
30
20
10
30
3
11
31
10
21
0
12
30
31
4
12
23
3
5
32
6
14
12
12
24
5
15
1
2
13
15
1
4
26
17
16
17
9
11
27
6
32
7
28
18
8
28
1
31
11
20
29
20
6
8
20
30
18
16
10
31
0
31
16
31
16
0
23
15
32
24
14
24
24
4
13
25
21
5
21
9
16
15
16
16
25
6
7
23
27
32
31
31
2
31
31
31
29
31
22
31
27
31
31
25
31
31
30
31
10
31
22
24
31
10
21
31
12
30
31
31
30
32
28
32
32
28
31
20
31
0
31
15
5
31
22
31
1
31
19
31
31
