14
30
7
31
32
12
10
14
31
17
18
9
8
15
23
9
14
1
1
30
21
1
25
19
2
2
2
18
28
2
3
3
3
12
20
18
13
4
4
1
4
4
5
5
15
5
24
15
6
23
6
2
24
32
7
24
30
17
17
8
8
18
3
18
9
24
9
19
29
30
10
20
0
10
20
11
31
11
11
11
4
31
6
22
12
13
31
2
23
28
14
28
14
24
4
24
28
32
25
11
16
15
16
26
30
26
31
30
27
31
32
13
18
14
18
28
0
9
15
19
29
20
0
1
1
9
20
30
2
12
2
14
2
22
31
4
3
3
32
23
20
18
4
14
4
13
4
4
5
5
21
0
18
15
24
22
27
24
27
7
32
31
31
29
31
6
31
31
27
31
31
29
27
31
29
30
31
20
25
31
20
31
31
30
31
31
28
31
31
11
31
24
31
4
31
5
31
28
7
31
4
30
31
10
5
6
31
28
31
24
30
18
