17
17
7
24
27
7
18
0
25
28
12
19
9
23
13
16
9
20
1
1
30
11
15
1
2
2
2
1
2
21
3
3
25
3
13
23
24
28
4
14
1
22
5
24
5
5
3
15
1
16
6
3
16
7
5
7
17
5
22
8
3
18
31
8
19
9
28
19
3
10
31
0
20
20
11
11
3
29
21
31
12
8
12
22
27
13
23
13
13
23
0
4
14
24
30
32
30
32
25
6
15
16
10
26
3
5
17
27
7
17
27
18
18
28
1
28
12
19
29
7
32
29
13
20
5
1
30
5
13
1
21
31
14
1
2
3
3
23
32
19
19
23
19
10
3
14
1
4
5
17
13
11
26
0
1
16
14
3
32
31
31
29
31
31
3
18
31
29
31
27
14
32
32
0
0
31
31
0
4
31
31
27
32
29
31
31
12
27
31
30
31
31
30
31
31
13
30
29
31
31
11
32
14
31
31
5
28
31
28
31
3
31
