10
9
6
27
17
28
26
18
32
19
16
14
0
0
26
9
17
30
1
16
1
10
11
20
2
2
2
22
0
12
0
3
12
3
30
19
28
4
20
4
23
14
5
28
15
5
21
6
27
23
6
16
4
4
7
22
2
17
25
8
18
18
24
31
18
9
31
19
32
3
20
10
3
32
20
6
11
32
0
27
31
12
22
2
23
23
13
29
23
30
14
14
2
31
24
14
31
15
25
26
26
16
5
16
26
7
6
9
32
27
17
11
6
18
28
32
13
10
0
0
29
1
32
20
5
16
3
21
0
17
9
18
31
0
0
11
32
13
23
3
0
0
17
17
17
1
23
12
25
22
15
24
17
27
27
24
6
16
4
31
32
31
31
24
31
29
31
31
24
31
5
29
31
30
23
31
26
10
16
31
31
4
32
31
18
31
22
31
29
32
3
31
31
29
23
31
25
31
26
31
16
31
31
29
25
31
31
28
27
32
3
32
