12
17
20
19
14
8
26
14
19
19
8
32
30
12
13
30
14
9
1
1
21
17
1
21
28
2
11
2
11
1
3
3
3
22
13
28
4
4
4
14
0
27
5
15
5
15
26
0
26
6
16
16
2
7
7
27
7
1
2
28
18
8
31
30
2
9
19
19
28
20
7
10
21
23
23
23
11
1
7
26
12
22
30
28
0
13
23
13
4
5
32
4
14
5
31
25
30
15
25
25
10
16
9
30
30
31
27
17
11
6
2
12
28
7
19
19
14
11
29
19
13
15
14
17
30
21
13
17
8
18
31
15
20
22
32
9
1
32
5
22
6
10
24
18
21
14
6
0
25
15
26
1
26
0
24
32
16
16
31
7
28
28
30
31
2
16
3
31
31
30
28
32
32
26
10
31
31
24
24
5
31
24
31
22
2
29
32
32
30
32
32
13
30
32
4
15
32
26
32
30
13
32
32
15
15
5
10
31
2
8
31
18
