5
16
12
22
29
13
27
8
14
8
17
31
21
0
19
9
10
1
10
1
21
10
11
31
17
2
32
19
0
13
12
20
3
24
24
24
2
4
26
30
14
14
24
5
2
24
16
24
6
22
27
6
16
3
7
18
17
26
3
29
8
1
29
29
31
19
9
20
4
10
25
20
10
32
21
11
21
22
31
11
12
12
22
31
6
3
23
13
9
1
24
5
14
12
12
25
29
15
26
27
27
0
16
10
16
13
8
16
27
2
3
18
28
2
31
32
19
2
14
7
19
20
30
8
15
5
21
1
21
21
31
15
32
15
21
4
12
16
24
24
24
15
21
14
24
6
11
9
24
25
2
6
19
25
7
25
27
32
31
29
31
29
29
26
26
31
29
31
29
31
31
29
31
10
27
31
31
29
10
32
6
32
4
23
31
31
25
31
22
31
31
32
31
31
28
31
19
3
31
10
31
1
29
12
31
31
27
29
16
10
32
13
