11
29
27
31
0
27
10
12
16
28
31
32
27
15
18
12
9
1
1
1
1
1
32
24
26
2
11
2
12
11
3
3
3
32
12
22
20
4
4
3
19
4
5
25
5
20
15
4
22
6
16
23
4
7
31
7
1
30
8
8
25
8
18
32
29
9
19
1
19
24
20
7
10
20
9
31
11
3
21
4
12
7
12
30
12
23
28
32
13
32
14
4
24
14
7
15
10
31
31
25
25
16
5
5
30
17
17
5
27
17
27
27
13
18
11
28
31
32
11
2
29
12
1
9
21
30
1
21
11
10
8
31
4
31
21
11
3
23
10
32
32
12
12
4
13
24
2
4
25
25
15
20
1
4
11
6
9
19
6
32
31
28
32
32
7
8
32
32
32
32
29
31
31
15
31
31
30
14
31
31
28
32
30
3
32
32
32
32
29
32
12
13
25
32
28
32
25
32
32
28
32
32
32
31
31
25
31
16
31
0
31
17
