27
23
29
31
8
10
15
19
28
8
14
29
9
31
19
13
17
1
10
1
17
16
10
22
2
23
20
17
32
2
23
3
12
19
23
1
18
13
4
14
27
14
15
1
5
15
25
16
20
6
22
30
16
7
17
7
7
31
17
8
18
8
1
18
9
19
9
23
19
0
10
20
31
20
10
21
6
11
21
22
30
12
26
30
32
13
8
13
23
6
24
14
9
8
5
10
15
32
25
15
10
16
5
9
16
26
27
13
17
31
14
5
15
0
28
16
19
29
19
11
19
29
10
17
20
30
9
16
31
22
22
12
20
31
22
8
23
16
32
23
23
1
16
13
11
14
25
0
14
5
5
5
25
6
2
19
3
27
32
31
31
29
31
31
29
29
31
21
2
31
9
19
31
31
30
31
31
9
31
9
31
31
6
23
32
32
30
32
32
20
32
28
31
13
31
31
29
32
19
19
32
29
28
32
25
14
6
32
8
15
30
31
