11
39
35
53
38
41
11
58
1
1
1
2
2
1
3
3
3
4
3
4
5
5
5
6
6
7
7
46
8
8
9
9
22
21
10
11
5
11
12
12
13
13
11
14
15
28
28
16
16
29
17
16
18
58
19
19
32
20
20
21
46
22
22
48
23
23
22
39
24
24
25
26
38
39
27
40
41
29
28
9
30
30
31
29
45
32
32
50
33
51
52
35
53
61
26
36
37
38
50
39
52
39
57
40
57
41
38
58
58
38
15
44
44
43
6
61
43
46
63
63
62
63
44
49
49
7
64
46
51
49
38
53
44
53
64
54
64
63
56
52
57
43
63
59
15
63
61
64
63
63
64
64
63
63
63
64
63
63
8
63
64
22
63
51
49
60
22
39
60
62
49
60
60
60
63
40
60
64
60
59
30
61
60
60
59
61
63
60
60
51
55
35
61
61
63
63
37
38
61
39
