17
15
6
23
7
12
57
10
1
1
1
2
2
2
3
3
3
3
4
4
4
5
5
6
34
7
7
1
8
1
9
9
1
10
8
11
11
64
12
4
13
13
5
14
14
27
15
16
16
36
17
29
18
64
19
32
48
20
32
21
20
22
35
23
49
36
36
37
37
37
26
26
26
40
26
47
28
40
41
30
11
30
31
30
45
45
45
45
16
34
47
34
53
48
35
36
55
54
38
21
39
39
15
38
7
31
57
40
42
62
17
59
59
17
64
3
3
62
29
18
47
63
5
64
20
64
7
31
8
44
44
51
1
10
8
11
11
64
64
34
13
63
5
59
59
63
57
63
16
63
63
63
63
63
64
63
63
63
64
63
62
63
63
64
6
50
62
62
61
62
62
62
62
21
61
61
63
64
64
64
52
59
63
30
63
45
60
45
24
19
63
19
24
31
63
56
55
54
64
21
