6
59
62
8
40
8
58
10
10
1
1
2
2
2
45
3
3
4
4
1
5
5
2
6
5
7
7
22
8
21
9
9
21
10
10
3
11
11
12
24
13
13
14
26
6
15
15
29
8
16
29
29
18
63
19
18
32
20
61
21
34
33
34
23
23
37
36
8
24
37
26
39
38
27
27
42
28
44
19
30
42
44
43
31
10
32
45
46
48
46
47
49
47
36
35
49
49
37
15
4
56
8
62
63
40
17
24
19
41
58
5
27
40
15
45
3
3
46
62
62
5
45
48
44
64
31
7
33
27
8
40
9
21
10
10
10
23
64
64
6
57
63
59
26
59
63
48
63
60
63
63
63
63
61
63
63
63
63
61
63
63
63
64
64
63
63
57
63
61
63
26
63
63
61
27
63
57
64
63
63
59
55
61
31
63
29
63
63
52
61
20
56
4
63
36
49
53
37
63
61
