51
39
9
40
7
59
41
17
1
1
13
2
2
2
3
3
3
4
3
4
5
5
5
6
6
7
20
7
6
8
9
9
10
21
0
11
11
25
12
12
24
13
14
27
26
15
15
14
16
28
4
18
17
31
6
19
20
32
20
33
21
22
22
35
35
23
24
24
23
16
26
39
26
39
40
40
28
27
29
48
43
44
31
30
49
45
33
50
24
46
34
33
35
25
49
51
54
38
50
5
51
39
56
40
40
57
41
31
58
59
40
44
16
60
45
61
62
44
62
37
48
44
49
44
50
7
50
51
30
52
51
39
53
42
54
53
64
64
50
63
57
52
59
59
63
54
63
60
64
63
64
63
64
63
63
63
63
63
63
64
21
64
63
64
35
64
64
62
64
63
26
64
53
62
62
64
23
58
61
61
43
63
31
58
61
61
59
63
61
46
59
64
60
64
49
61
60
38
61
27
