8
39
40
8
33
57
27
31
1
1
1
2
2
2
3
2
3
4
4
4
5
5
4
6
59
7
7
6
8
8
9
9
5
10
1
11
11
64
12
25
12
13
14
14
27
14
15
16
16
17
16
17
30
18
19
19
19
33
20
21
21
22
42
35
23
36
24
24
25
38
25
38
46
21
27
28
28
29
41
30
29
13
30
48
32
32
32
22
50
54
35
35
30
36
63
30
37
54
38
38
57
39
40
56
40
57
27
41
42
58
23
59
62
44
62
27
45
61
62
47
62
63
47
41
49
63
40
49
64
45
45
9
47
54
1
53
63
64
64
48
55
49
63
56
27
63
60
45
63
63
63
63
63
64
64
63
64
64
64
63
63
63
63
63
64
63
54
63
63
38
64
62
62
60
62
57
28
61
62
61
61
55
61
63
60
32
32
61
50
62
48
62
30
62
63
30
39
54
38
38
