16
32
36
34
30
22
10
28
1
1
1
2
2
61
3
3
3
4
4
4
5
5
17
6
6
7
7
7
8
22
9
9
22
10
22
11
11
11
12
12
25
13
6
14
14
15
13
16
16
29
17
17
18
31
19
19
11
32
20
21
34
22
4
36
23
23
36
24
25
38
39
26
26
46
56
40
28
41
21
30
30
7
31
44
44
32
45
33
34
63
47
34
48
48
35
36
33
38
55
14
39
38
36
32
30
32
41
42
59
42
18
60
36
41
62
61
46
45
62
62
62
48
63
32
38
49
64
49
26
48
51
52
43
24
46
46
64
64
12
54
63
55
54
14
63
48
63
61
63
63
63
63
63
63
63
63
64
57
63
63
63
63
63
63
62
64
64
64
64
64
64
26
61
64
45
58
28
55
21
64
58
58
31
60
14
33
45
54
34
60
47
27
54
62
22
36
33
54
55
63
