4
58
57
8
39
9
18
32
1
42
1
2
2
1
3
3
3
4
4
14
5
5
29
6
6
7
7
5
8
8
9
20
21
10
10
11
11
10
12
25
13
7
13
14
14
15
28
5
28
30
17
29
18
61
19
12
19
32
20
21
14
22
34
22
23
35
36
36
36
39
26
39
26
27
28
14
40
21
21
43
30
29
44
44
44
32
33
33
34
46
52
32
48
35
48
60
26
32
38
37
18
58
57
25
24
40
31
32
28
42
59
28
2
60
63
3
46
61
62
14
22
48
45
44
40
64
64
26
51
50
9
37
9
38
44
34
55
64
64
45
56
63
13
58
59
63
38
63
59
63
63
63
63
63
63
17
63
63
63
63
63
62
63
64
63
63
63
64
63
52
26
64
50
27
60
63
50
60
60
52
29
62
44
2
63
32
33
35
34
36
52
21
48
34
63
60
63
34
38
62
