7
13
36
40
9
41
14
11
1
1
1
1
2
2
3
43
3
4
4
25
5
5
6
17
6
7
7
19
8
8
9
9
10
9
10
11
11
12
24
12
12
13
13
14
27
15
13
16
13
17
15
30
18
18
19
18
4
20
21
20
34
22
43
14
36
13
24
24
38
25
26
25
10
8
27
28
8
41
29
42
30
28
0
30
32
31
33
46
51
34
2
35
35
35
36
36
50
24
53
52
55
40
36
40
57
41
57
42
58
23
1
44
44
44
64
43
46
16
45
43
47
64
6
64
6
63
29
49
51
50
32
64
10
38
53
53
63
42
64
55
12
64
63
41
27
63
63
59
59
63
63
63
63
63
63
63
60
20
63
62
63
63
63
57
63
62
62
64
62
60
26
63
7
63
27
62
52
62
62
63
60
61
62
59
61
31
59
46
59
63
63
59
62
35
63
36
50
24
63
64
