8
9
13
8
9
18
13
29
12
19
19
0
16
9
29
13
1
1
19
10
1
11
2
2
2
11
2
19
12
3
12
13
14
19
30
4
25
2
14
26
5
2
15
3
6
16
6
1
17
7
16
7
31
24
8
29
8
18
27
9
4
9
27
20
10
1
10
3
4
4
21
6
12
26
12
22
22
22
8
27
13
3
23
28
32
14
9
31
29
25
5
15
25
9
26
11
15
15
9
13
27
1
6
13
19
28
14
19
7
29
32
16
29
17
18
30
5
30
21
2
14
2
31
2
19
18
6
4
32
22
4
25
22
25
2
18
9
0
23
15
15
6
18
6
1
22
0
31
31
31
31
8
31
2
29
31
29
31
30
32
25
30
32
10
3
7
32
1
28
32
12
12
4
32
18
18
28
13
32
26
0
32
31
30
31
29
31
12
32
25
32
2
32
25
