13
12
24
12
21
13
19
13
10
20
22
22
14
22
8
9
17
1
1
1
10
12
10
21
2
2
2
11
2
11
24
3
3
18
1
21
13
4
4
3
13
18
5
14
5
14
5
23
6
20
6
15
4
7
16
7
7
16
4
8
23
17
8
22
1
9
9
18
23
10
19
10
10
2
23
20
11
11
20
24
5
12
24
12
21
5
6
13
9
24
22
9
0
14
23
14
0
1
8
1
24
3
16
7
3
2
2
11
17
1
3
5
3
18
10
18
13
7
4
18
5
24
23
23
21
23
23
23
23
21
23
23
21
23
23
23
7
23
23
20
23
22
22
23
23
23
9
24
22
24
24
18
24
24
20
24
24
24
23
23
