30
22
39
30
59
11
61
22
0
51
58
55
30
33
30
41
1
15
1
39
26
13
26
58
13
2
61
43
50
3
21
50
1
44
3
4
4
35
4
1
1
16
16
5
59
63
6
55
60
2
18
18
7
2
60
37
39
44
8
20
4
21
2
0
9
39
38
10
62
22
48
10
51
3
62
5
11
12
3
36
25
44
61
13
38
26
57
14
5
14
61
63
15
28
15
45
4
16
9
29
48
16
11
17
41
41
59
30
11
31
53
19
13
19
45
12
20
6
20
62
33
7
7
14
48
21
1
22
35
11
52
13
12
16
55
56
54
24
49
16
37
25
17
47
19
3
63
46
49
40
2
21
53
49
13
21
28
21
29
41
58
15
29
16
47
43
44
21
31
2
1
31
14
61
13
23
12
25
26
63
17
1
47
2
62
34
48
35
57
51
51
62
16
49
18
14
15
9
50
6
25
19
51
30
7
30
6
39
7
23
11
61
56
54
53
61
55
30
0
30
41
42
62
35
17
26
13
10
58
64
18
44
43
25
13
17
8
6
44
3
45
14
14
21
18
39
16
24
14
0
12
42
38
3
2
64
24
3
2
27
28
26
5
43
20
4
27
41
0
32
28
46
2
38
8
18
9
42
42
35
46
11
15
3
8
30
44
19
56
38
55
7
51
45
61
61
63
63
61
59
64
61
57
5
63
44
59
61
17
57
47
63
62
58
53
55
6
57
63
63
51
64
64
53
62
58
64
7
50
64
62
46
22
35
64
52
64
61
20
55
64
51
36
62
64
12
62
64
26
63
3
63
18
63
61
50
21
63
61
63
15
31
55
64
52
61
63
29
55
63
1
29
59
57
17
1
63
62
61
13
23
63
5
26
63
38
64
3
19
63
34
63
4
50
30
63
55
64
37
19
61
39
9
50
63
5
35
38
30
39
11
