18
19
29
60
22
59
30
25
56
23
13
44
31
41
48
23
27
1
12
43
1
13
24
18
2
18
13
32
3
3
3
20
56
43
50
38
4
22
31
4
43
32
26
5
29
25
38
36
6
2
19
44
57
42
7
41
1
64
8
30
2
33
5
44
48
9
56
41
10
44
52
32
11
1
60
41
58
11
12
4
39
3
13
39
13
47
48
60
14
37
52
49
28
42
45
53
15
16
39
9
42
42
14
17
14
45
31
18
38
18
46
13
48
58
19
32
63
55
20
63
46
7
21
34
54
61
22
56
6
60
57
23
14
9
49
23
24
54
50
38
7
45
17
38
39
4
26
8
62
55
0
17
63
25
25
5
28
19
20
63
2
20
54
30
19
43
26
15
26
31
3
44
32
61
30
22
14
33
60
28
47
8
47
31
31
34
27
8
35
20
22
4
62
9
8
4
59
26
37
15
24
38
27
64
16
18
13
29
60
10
8
61
25
25
41
14
22
22
41
3
42
8
23
14
43
18
43
27
18
18
64
13
20
17
45
13
26
0
4
28
38
0
17
26
21
47
14
26
0
19
25
21
36
35
34
38
30
33
13
15
8
17
44
27
30
6
27
48
26
47
34
14
25
10
46
14
32
36
13
34
41
4
11
26
57
28
58
54
55
13
58
10
59
26
64
63
32
39
63
13
59
61
63
36
36
63
63
57
17
31
63
59
60
59
62
63
52
59
58
14
60
0
41
63
63
55
62
64
64
16
63
38
63
6
58
63
59
64
56
54
63
63
5
50
50
39
64
56
48
63
63
26
13
50
55
0
38
63
5
61
5
45
4
6
63
61
20
11
62
23
64
8
52
64
13
61
3
53
61
31
0
63
57
60
50
47
8
53
57
61
34
6
17
20
64
62
4
62
5
8
0
64
57
37
54
61
45
58
64
61
7
