16
32
19
19
48
28
37
19
21
58
22
58
64
30
56
27
1
15
1
35
27
36
16
2
54
60
41
2
21
3
3
3
45
39
14
4
35
4
53
52
48
1
5
0
40
17
54
59
6
37
17
41
7
49
44
54
42
42
8
20
40
42
50
38
5
62
54
10
9
42
56
44
37
11
42
55
3
3
55
0
24
41
47
13
47
57
25
14
48
41
54
62
5
15
4
53
5
9
16
37
9
38
52
17
48
63
30
18
64
8
18
13
59
19
7
61
63
12
52
2
6
33
14
53
21
6
22
11
62
55
5
23
9
36
63
62
59
24
54
56
37
2
18
38
25
6
10
63
6
27
63
12
54
41
57
27
0
28
9
1
59
59
12
63
30
57
62
12
61
58
51
44
8
59
31
45
63
58
45
46
10
18
33
2
55
55
35
47
48
17
20
35
19
64
36
49
9
37
1
11
32
38
28
38
51
52
6
11
31
39
21
3
13
29
21
30
28
64
55
12
27
63
15
11
35
36
34
6
2
44
33
38
14
21
3
58
7
45
7
40
46
35
33
5
27
5
42
10
32
25
17
61
8
49
30
62
38
14
1
44
50
46
42
32
64
10
23
14
25
38
14
24
10
49
53
31
25
9
51
42
55
0
3
54
4
51
57
12
35
47
59
64
14
9
60
63
58
61
61
55
62
63
1
59
64
63
38
59
63
30
63
46
25
64
51
64
9
64
46
7
61
63
63
32
32
64
56
51
64
16
26
64
12
58
64
54
62
63
36
63
62
59
16
54
63
62
9
62
63
59
6
10
63
57
27
63
12
39
41
13
62
64
50
64
14
56
9
9
63
19
30
62
58
61
64
64
45
33
59
7
63
63
64
54
52
12
52
58
27
64
55
14
62
48
17
60
58
60
62
12
46
64
52
19
22
32
15
63
11
52
26
