64
39
17
9
32
30
37
27
10
33
29
12
41
13
55
64
1
27
1
33
41
21
24
38
25
2
46
51
27
32
3
15
36
15
46
44
1
4
24
53
17
17
5
24
33
32
51
6
49
30
1
50
7
2
30
2
47
7
8
55
4
35
32
9
36
23
31
37
23
10
37
62
49
11
35
40
5
46
12
7
34
61
46
2
3
7
13
14
62
37
52
28
15
59
63
63
44
62
5
16
45
6
17
46
55
59
0
2
18
31
31
55
13
59
19
62
44
55
9
63
60
35
21
54
46
48
52
51
22
4
15
15
23
18
54
6
5
51
61
38
25
38
25
39
18
57
25
40
3
26
49
41
5
56
27
20
12
28
53
29
43
16
60
44
30
58
18
64
23
18
31
19
59
32
17
17
8
5
64
60
54
33
9
34
27
6
22
19
49
27
35
29
62
36
21
62
63
30
51
63
13
38
63
38
37
64
39
22
58
59
30
23
8
21
40
41
12
41
10
55
19
63
27
15
28
43
11
30
64
1
62
63
2
13
45
2
37
22
17
46
63
64
4
5
3
17
46
34
47
17
63
18
62
49
35
7
16
5
2
5
42
22
42
50
23
42
45
26
3
22
39
39
5
23
41
29
27
23
54
35
4
12
46
36
36
56
12
31
57
3
30
13
59
62
37
34
64
57
59
61
59
63
63
47
34
42
6
63
46
58
19
61
2
27
63
38
55
61
63
61
63
58
64
61
63
63
59
18
61
47
64
64
32
35
63
57
63
63
53
63
63
5
63
61
59
63
63
24
58
18
64
62
62
64
43
49
41
63
40
54
59
54
23
4
34
13
64
62
44
62
59
31
64
58
61
31
50
59
30
63
17
8
41
64
60
24
24
62
62
15
26
64
61
49
33
35
62
62
64
26
2
63
41
57
63
13
40
63
34
37
45
