61
39
0
12
17
10
51
39
46
19
18
57
41
14
57
18
1
55
1
56
28
12
63
2
32
57
2
60
26
13
3
64
30
63
63
4
64
38
4
45
47
5
31
34
5
56
1
3
2
6
46
44
64
7
35
19
0
60
50
19
3
34
30
9
50
61
22
10
43
6
10
5
43
11
5
36
36
52
55
12
50
53
13
25
13
41
13
35
26
3
59
37
54
47
15
9
16
8
49
16
50
40
37
17
6
10
62
41
8
18
31
50
11
55
19
13
49
14
20
33
55
0
15
14
49
34
22
13
47
6
22
6
12
23
36
56
24
64
2
50
37
25
37
62
3
59
38
38
56
0
27
27
27
40
3
56
28
12
3
49
41
48
2
0
30
13
24
0
30
31
44
23
12
15
12
62
0
45
3
1
61
0
34
63
16
1
35
47
13
9
24
9
48
36
12
10
35
63
37
15
64
62
38
7
9
61
51
0
22
11
63
26
39
62
62
53
53
41
27
54
18
17
55
35
28
28
42
63
2
12
62
2
15
57
45
3
9
45
58
63
4
64
13
22
20
47
5
5
32
60
41
1
22
63
20
4
23
62
7
35
15
62
48
16
19
3
48
50
9
52
52
1
4
42
53
9
8
10
11
5
46
56
56
55
17
2
53
40
42
40
30
38
35
64
7
55
61
63
28
10
36
63
58
61
63
61
63
62
63
61
62
64
41
8
16
63
50
63
62
55
57
64
60
64
61
63
63
55
11
63
62
52
37
52
63
19
55
12
33
36
63
62
62
2
63
33
4
30
64
64
59
45
49
29
64
25
54
64
40
3
64
60
16
29
64
47
11
61
0
64
39
34
0
5
56
64
59
62
57
64
62
56
51
4
1
61
0
44
63
16
31
62
47
62
53
24
51
17
41
57
59
33
63
33
25
52
61
38
38
9
9
