51
7
26
6
42
25
41
24
62
47
64
63
43
24
42
37
55
10
1
22
64
44
59
2
35
37
2
62
34
45
62
3
34
37
41
43
4
52
30
52
43
5
2
36
44
5
50
6
17
55
26
26
7
36
19
40
3
8
52
4
57
8
64
9
35
48
21
44
10
5
4
1
47
61
3
11
55
42
37
34
31
13
5
1
25
13
43
26
14
10
35
51
15
61
4
28
44
63
3
3
16
45
17
10
30
64
45
3
18
41
40
19
61
49
1
56
58
1
20
43
3
56
44
2
60
58
34
22
57
17
23
17
50
48
63
23
24
54
36
37
7
25
53
58
62
8
26
53
17
13
64
6
50
55
28
54
1
28
41
60
52
64
51
52
5
30
42
61
4
1
6
56
44
13
59
13
11
60
59
54
11
4
34
25
46
16
35
2
35
15
17
4
13
48
52
36
54
49
0
18
54
17
54
9
64
51
28
26
6
23
40
4
56
40
62
64
40
12
15
56
37
55
42
21
7
64
58
59
26
63
37
56
41
60
3
45
10
34
37
32
18
4
19
30
30
43
47
40
44
47
42
45
10
49
21
25
46
47
36
23
50
3
19
21
2
16
49
64
35
3
4
21
37
10
25
13
40
5
15
39
14
14
31
26
30
50
13
6
44
25
45
43
48
61
64
59
63
61
61
4
56
28
63
10
59
16
61
63
5
61
64
45
3
64
42
58
54
64
1
64
33
64
35
32
63
1
63
34
56
63
58
16
18
63
62
62
63
16
21
63
59
64
13
64
24
40
7
60
58
62
59
42
53
64
13
64
10
50
55
63
58
31
7
10
60
5
26
64
47
47
53
27
17
64
55
6
59
46
60
8
5
16
60
63
39
57
4
41
23
63
37
35
18
59
61
17
57
52
48
6
63
33
35
63
18
12
22
11
10
64
27
