51
61
62
21
15
8
11
13
63
11
34
54
58
44
20
61
39
1
46
1
32
27
0
2
2
2
18
18
61
44
3
3
14
32
3
4
35
4
27
35
52
46
5
52
1
58
59
6
18
28
60
31
7
58
1
44
39
8
4
63
8
41
9
64
0
21
9
33
10
47
5
30
11
23
57
11
40
12
50
53
59
52
13
52
5
41
13
26
0
14
61
1
62
11
15
28
63
12
58
8
2
3
17
7
29
13
14
53
18
9
4
61
62
2
9
64
20
3
45
52
8
21
59
34
56
22
21
57
22
48
6
53
23
63
56
6
60
55
13
6
18
25
55
51
4
26
63
4
54
39
27
39
40
56
12
28
41
54
53
53
7
18
29
6
43
57
0
15
50
20
57
59
8
22
22
10
45
33
32
14
12
2
33
20
15
24
47
59
47
29
8
48
62
10
0
37
8
19
1
19
18
37
38
18
13
51
17
62
39
52
8
52
62
6
61
41
54
22
22
20
63
54
60
10
20
18
20
0
42
26
9
24
18
45
45
3
63
62
46
3
10
29
21
37
59
39
46
8
18
4
6
14
17
9
61
47
38
46
45
1
44
5
21
4
63
8
41
19
64
0
21
31
33
10
47
52
30
46
24
9
48
40
40
50
16
43
52
32
33
58
41
24
26
21
64
28
1
61
63
12
26
63
62
58
62
60
64
11
64
60
64
5
59
64
62
53
49
56
64
62
64
51
64
61
52
64
32
53
61
63
63
6
57
22
64
64
53
3
63
11
63
29
63
61
64
18
63
63
22
29
26
63
50
63
10
26
39
22
64
49
28
29
52
63
63
61
16
29
59
51
24
63
59
63
7
1
60
28
63
56
63
45
8
64
12
51
44
13
42
39
29
17
59
1
60
8
11
62
60
0
0
59
46
60
8
7
0
38
51
58
41
