31
62
29
64
56
16
42
15
54
40
32
60
29
28
25
48
1
1
19
1
19
25
0
35
2
25
2
64
48
45
3
30
25
3
61
56
4
32
58
62
2
5
30
17
17
5
6
6
49
6
51
27
7
45
32
4
48
8
21
57
20
8
63
9
5
58
51
51
10
33
53
38
11
23
40
11
42
41
12
24
56
1
54
13
4
60
42
14
62
14
45
59
15
28
54
40
43
47
15
16
28
17
49
44
41
30
17
48
18
49
30
11
53
19
6
10
46
20
32
20
40
35
21
34
37
22
15
22
7
36
38
44
9
37
54
18
39
24
4
17
2
61
48
54
6
26
20
7
26
19
6
52
27
53
28
11
28
20
62
29
13
13
29
58
30
23
30
30
15
62
2
31
63
23
54
24
32
60
22
5
1
33
13
55
63
0
10
58
57
34
0
58
2
15
35
36
31
33
22
5
59
2
15
38
18
31
38
29
36
39
3
9
15
35
40
20
37
29
31
25
36
42
13
42
42
26
25
40
62
2
44
8
62
22
45
42
45
25
62
61
0
43
61
18
62
13
24
26
4
48
22
25
29
49
47
1
31
50
2
29
4
51
8
21
17
17
35
29
46
26
5
0
32
10
33
40
38
41
2
40
55
51
41
25
43
56
14
54
57
17
14
51
21
64
61
59
59
63
61
5
57
1
0
27
59
62
63
43
59
57
29
17
2
58
63
36
63
53
40
6
8
63
43
26
63
10
59
12
63
63
64
29
22
60
63
52
63
9
48
54
9
64
24
64
34
64
61
64
54
12
61
64
10
42
52
64
58
1
49
63
63
28
30
62
50
59
53
43
40
63
19
30
34
2
62
60
52
63
23
54
36
20
60
26
64
1
18
37
34
63
61
63
12
4
48
62
58
58
6
60
18
63
33
22
13
59
2
44
35
18
22
