6
32
27
36
16
1
11
11
2
2
3
41
4
4
5
5
2
6
7
19
8
9
22
10
22
11
12
11
13
25
14
26
15
16
13
17
30
18
19
9
32
10
32
22
22
23
24
35
38
26
21
61
40
40
29
20
25
43
43
43
32
33
34
46
47
23
53
23
49
33
30
28
27
27
36
37
1
27
23
2
62
61
30
62
4
32
37
34
64
64
33
40
9
37
36
39
11
64
11
64
29
63
26
15
63
56
64
63
63
63
64
64
62
63
63
63
62
63
64
63
63
63
63
62
64
64
46
63
64
24
63
63
33
57
46
63
62
63
52
62
62
63
