10
27
7
26
60
1
55
22
2
2
3
3
4
49
5
5
6
1
7
8
46
26
9
10
5
11
11
12
2
13
14
64
15
16
28
3
29
18
19
5
20
20
33
22
13
23
23
63
17
56
26
27
39
28
63
55
30
43
31
6
32
33
25
34
24
51
56
37
15
51
50
22
27
11
41
60
56
55
44
57
58
20
36
4
49
61
48
33
62
38
41
46
34
64
45
35
11
41
64
13
63
54
64
15
63
63
42
29
64
63
63
64
64
64
64
64
63
63
63
63
64
53
63
39
63
63
62
30
64
63
63
57
64
61
57
59
61
61
64
47
38
2
