0
57
7
14
26
34
1
13
2
2
3
2
4
4
5
1
6
4
7
24
8
9
6
7
10
11
5
12
13
12
14
25
15
16
28
5
42
18
19
33
18
32
8
22
22
23
22
24
22
37
26
39
41
44
40
29
28
22
31
19
53
53
46
34
52
27
21
35
34
38
37
10
57
40
41
58
34
19
59
60
60
37
2
45
62
30
61
64
63
7
50
45
30
44
24
33
64
55
64
63
33
47
56
63
31
63
51
63
64
64
64
64
63
64
63
64
60
63
63
63
63
46
63
63
63
63
64
63
62
63
19
62
62
63
34
62
27
21
35
63
38
37
