8 8 8 8 4 8 8 8 8 8 8 8 8 12 12 12 12 8 8 8 8 8 3 8 8 13 13 13 13 8 8 8 8 8 8 8 8 8 8 8 8 8 8 8 12 12 12 8 8 8 13 13 8 8 8 8 8 8 8 8 8 8 8 8 1 0 3 8 9 3 8 9 9 9 8 8 8 8 8 9
8 8 8 8 8 8 8 8 8 8 8 8 8 8 8 8 8 14 8 8 8 8 3 8 13 13 13 13 8 8 8 8 8 8 8 8 8 8 8 8 8 8 8 12 12 12 13 13 8 8 8 8 8 8 8 8 8 8 8 8 8 8 8 8 1 3 3 3 3 3 3 3 8 8 8 8 8 8 8 8
5 1 5 6 12 8 16 11 14 0 4 5 0 10 12 10 3 2 0 1 1 4 3 7 0 10 5 11 9 0 7 11 3 6 14 2 3 4 2 4 7 10 16 3 12 11 15 0 15 5 1 0 12 2 5 4 4 16 14 4 4 12 0 1 5 15 7 9 2 3 6 9 7 0 0 0 7 9 6 5
8 8 8 8 8 8 8 8 8 8 8 8 8 8 8 8 8 8 8 8 8 8 3 8 13 13 13 13 8 8 10 8 8 8 8 8 8 8 8 8 8 8 8 8 12 13 13 13 12 12 12 12 12 12 8 8 8 8 8 8 8 8 15 16 1 9 9 3 3 3 3 8 0 8 8 8 8 8 8 9
8 8 8 8 8 8 8 8 8 8 8 8 8 8 5 13 13 13 13 12 12 12 12 8 9 8 8 8 8 13 13 13 13 13 13 13 13 13 13 13 13 13 13 13 13 8 13 13 13 13 13 13 13 13 0 15 15 15 15 5 3 9 9 4 9 8 8 13 13 13 13 13 13 13 13 13 15 15 15 8
13 1 11 15 3 6 16 16 13 15 0 10 7 15 3 10 3 6 13 9 11 13 15 12 10 0 13 9 7 13 10 10 4 7 9 5 10 1 1 5 12 2 15 10 4 16 15 7 5 5 14 8 14 7 6 1 2 0 10 14 8 9 6 10 3 3 9 11 2 6 5 4 4 2 1 6 12 16 6 6
8 8 8 8 8 8 8 8 8 8 8 8 8 8 8 8 8 8 8 10 8 8 3 13 13 13 13 8 8 13 8 8 8 8 8 8 8 8 8 8 8 8 8 13 12 13 13 13 13 8 8 8 8 8 8 8 8 8 8 8 8 8 8 8 8 1 3 8 9 9 9 9 9 9 9 9 9 9 9 9
8 8 8 8 8 8 8 8 8 8 8 8 8 8 8 8 8 8 8 8 8 8 3 8 13 13 13 13 8 8 3 10 8 8 8 8 8 8 8 8 1 13 13 13 13 8 8 8 8 8 12 12 12 8 8 8 8 8 8 8 8 8 8 16 1 8 9 9 9 9 9 9 9 9 9 9 9 8 9 9
8 8 8 8 8 8 8 8 8 8 8 8 8 8 8 8 8 10 8 8 8 8 3 8 13 13 13 13 8 8 8 8 8 8 8 8 8 8 8 8 8 8 8 12 12 12 13 13 8 8 8 8 8 8 8 8 8 8 8 8 8 8 8 0 1 0 3 3 3 3 3 3 6 8 8 8 8 8 8 9
8 8 8 8 8 8 8 8 8 8 8 8 8 8 8 8 8 8 8 8 8 8 3 8 13 13 13 13 8 8 8 8 8 8 8 8 8 8 8 8 8 8 8 12 12 12 13 12 12 8 8 8 8 8 0 8 8 8 8 8 8 8 8 1 9 3 3 3 3 3 3 8 8 8 8 8 8 9 9 9
