# Results obtained using DQN. CPU time: 20.845794677734375
0.01824741  78.00000000  0.01824741  80.00000000  1819.10197302  0.00000000
0.00146177  73.00000000  0.00118569  80.00000000  1947.12458583  0.00000000
0.04040196  78.00000000  0.04040196  80.00000000  2324.59123430  0.00000000
0.00366549  78.00000000  0.00366549  80.00000000  1566.39883298  0.00000000
0.02617004  62.00000000  0.00002300  80.00000000  2094.21289303  0.00000000
0.07972627  77.00000000  0.06745901  80.00000000  2187.69191715  0.00000000
0.00029947  74.00000000  0.00022247  80.00000000  1578.49861454  0.38921684
0.00334490  60.00000000  0.00090842  80.00000000  2531.25553583  0.95535042
0.00644583  60.00000000  0.00343444  80.00000000  3767.81259380  0.99000000
0.02033821  78.00000000  0.02033821  80.00000000  3730.64354742  0.99000000
0.07651749  78.00000000  0.07651749  80.00000000  3775.49844951  0.99000000
0.02033821  78.00000000  0.02033821  80.00000000  3730.64354742  0.99000000
0.02033821  78.00000000  0.02033821  80.00000000  3730.64354742  0.99000000
0.04673568  78.00000000  0.04673568  80.00000000  3736.39226616  0.99000000
0.02033821  78.00000000  0.02033821  80.00000000  3730.64354742  0.99000000
0.02033821  78.00000000  0.02033821  80.00000000  3730.64354742  0.99000000
0.04477702  78.00000000  0.04477702  80.00000000  3712.66541093  0.99000000
0.01627202  78.00000000  0.01627202  80.00000000  3730.64194277  0.99000000
0.01949694  56.00000000  0.00737259  80.00000000  3766.89087116  0.99000000
0.02033821  78.00000000  0.02033821  80.00000000  3730.64354742  0.99000000
0.00232117  53.00000000  0.00129015  80.00000000  3730.63681284  0.99000000
0.01396870  78.00000000  0.01396870  80.00000000  3733.50822663  0.99000000
0.04567907  76.00000000  0.04341602  80.00000000  3730.68653498  0.99000000
0.02033821  78.00000000  0.02033821  80.00000000  3730.64354742  0.99000000
0.02033821  78.00000000  0.02033821  80.00000000  3730.64354742  0.99000000
0.02033821  78.00000000  0.02033821  80.00000000  3730.64354742  0.99000000
0.02832195  78.00000000  0.02832195  80.00000000  2674.26457856  0.99000000
0.03143876  73.00000000  0.01884662  80.00000000  3502.22091958  0.99000000
0.02033821  78.00000000  0.02033821  80.00000000  3730.64354742  0.99000000
0.02033821  78.00000000  0.02033821  80.00000000  3730.64354742  0.99000000
0.00766708  78.00000000  0.00766708  80.00000000  3730.63756684  0.99000000
0.02033821  78.00000000  0.02033821  80.00000000  3730.64354742  0.99000000
0.02033821  78.00000000  0.02033821  80.00000000  3730.64354742  0.99000000
0.02033821  78.00000000  0.02033821  80.00000000  3730.64354742  0.99000000
0.01780172  78.00000000  0.01780172  80.00000000  3335.04745604  0.99000000
0.02033821  78.00000000  0.02033821  80.00000000  3730.64357669  0.99000000
0.02033821  78.00000000  0.02033821  80.00000000  3730.64354742  0.99000000
0.05651816  78.00000000  0.05651816  80.00000000  3730.71745364  0.99000000
0.02082046  78.00000000  0.02082046  80.00000000  3716.27662038  0.99000000
0.02033821  78.00000000  0.02033821  80.00000000  3730.64354742  0.99000000
0.02032237  78.00000000  0.02032237  80.00000000  3730.64355382  0.99000000
0.00255607  59.00000000  0.00049821  80.00000000  3691.43874943  0.99000000
0.02993680  74.00000000  0.02289375  80.00000000  3724.31233779  0.99000000
0.02033821  78.00000000  0.02033821  80.00000000  3730.64354742  0.99000000
0.02033821  78.00000000  0.02033821  80.00000000  3730.64354742  0.99000000
0.02033821  78.00000000  0.02033821  80.00000000  3730.64354742  0.99000000
0.00517474  78.00000000  0.00517474  80.00000000  3464.25092930  0.99000000
0.04299527  76.00000000  0.04111689  80.00000000  3730.69232213  0.99000000
0.02033821  78.00000000  0.02033821  80.00000000  3730.64354742  0.99000000
0.02033821  78.00000000  0.02033821  80.00000000  3730.64354742  0.99000000
0.02033821  78.00000000  0.02033821  80.00000000  3730.64354742  0.99000000
0.02033821  78.00000000  0.02033821  80.00000000  3730.64354742  0.99000000
0.02033821  78.00000000  0.02033821  80.00000000  3730.64354742  0.99000000
0.02033821  78.00000000  0.02033821  80.00000000  3730.64354742  0.99000000
0.05188676  78.00000000  0.05188676  80.00000000  3737.37185353  0.99000000
0.02033821  78.00000000  0.02033821  80.00000000  3730.64354742  0.99000000
0.03332349  59.00000000  0.00381592  80.00000000  3775.34627495  0.99000000
0.02033821  78.00000000  0.02033821  80.00000000  3730.64323245  0.99000000
0.02033821  78.00000000  0.02033821  80.00000000  3730.64354742  0.99000000
0.02033821  78.00000000  0.02033821  80.00000000  3730.64354742  0.99000000
0.01265910  78.00000000  0.01265910  80.00000000  2598.63737213  0.99000000
0.02033821  78.00000000  0.02033821  80.00000000  3730.64354742  0.99000000
0.02033821  78.00000000  0.02033821  80.00000000  3730.64354742  0.99000000
0.01689527  78.00000000  0.01689527  80.00000000  3730.64235459  0.99000000
0.02033821  78.00000000  0.02033821  80.00000000  3730.64354742  0.99000000
0.03842664  78.00000000  0.03842664  80.00000000  3732.69985741  0.99000000
0.00044577  70.00000000  0.00007439  80.00000000  3728.01880787  0.99000000
0.02033821  78.00000000  0.02033821  80.00000000  3730.64354742  0.99000000
0.02033821  78.00000000  0.02033821  80.00000000  3730.64354742  0.99000000
0.02033821  78.00000000  0.02033821  80.00000000  3730.64354742  0.99000000
0.02033821  78.00000000  0.02033821  80.00000000  3730.64354742  0.99000000
0.02033821  78.00000000  0.02033821  80.00000000  3730.64354742  0.99000000
0.02033821  78.00000000  0.02033821  80.00000000  3730.64354742  0.99000000
0.02033821  78.00000000  0.02033821  80.00000000  3730.64354742  0.99000000
0.02033821  78.00000000  0.02033821  80.00000000  3730.64354742  0.99000000
0.02033821  78.00000000  0.02033821  80.00000000  3730.64354742  0.99000000
0.02033821  78.00000000  0.02033821  80.00000000  3730.64354742  0.99000000
0.02483804  72.00000000  0.00464407  80.00000000  3730.65240624  0.99000000
0.00157907  78.00000000  0.00157907  80.00000000  3674.36398088  0.99000000
0.02033821  78.00000000  0.02033821  80.00000000  3730.64354742  0.99000000
0.00496968  75.00000000  0.00487786  80.00000000  3732.71261554  0.99000000
0.02033821  78.00000000  0.02033821  80.00000000  3730.64354742  0.99000000
0.02033821  78.00000000  0.02033821  80.00000000  3730.64354742  0.99000000
0.02033821  78.00000000  0.02033821  80.00000000  3730.64354742  0.99000000
0.02033821  78.00000000  0.02033821  80.00000000  3730.64354742  0.99000000
0.04312236  78.00000000  0.04312236  80.00000000  3726.41594670  0.99000000
0.16607388  74.00000000  0.16499146  80.00000000  3198.31433789  0.99000000
0.01676018  78.00000000  0.01676018  80.00000000  3730.64155904  0.99000000
0.02033821  78.00000000  0.02033821  80.00000000  3730.64354742  0.99000000
0.12218719  76.00000000  0.11222501  80.00000000  3746.83597875  0.99000000
0.01411992  78.00000000  0.01411992  80.00000000  3730.64049580  0.99000000
0.02033821  78.00000000  0.02033821  80.00000000  3730.64354742  0.99000000
0.01877583  60.00000000  0.00741107  80.00000000  3748.43883952  0.99000000
0.02643768  78.00000000  0.02643768  80.00000000  3726.76816972  0.99000000
0.02033821  78.00000000  0.02033821  80.00000000  3730.64354742  0.99000000
0.02033821  78.00000000  0.02033821  80.00000000  3730.64354742  0.99000000
0.02033821  78.00000000  0.02033821  80.00000000  3730.64354742  0.99000000
0.05214551  78.00000000  0.05214551  80.00000000  3737.35548790  0.99000000
0.02033821  78.00000000  0.02033821  80.00000000  3730.64354742  0.99000000
0.02033821  78.00000000  0.02033821  80.00000000  3730.64354742  0.99000000
0.02033821  78.00000000  0.02033821  80.00000000  3730.64354742  0.99000000
