19
14
34
8
22
10
28
17
18
0
13
8
27
19
17
0
21
9
25
23
1
32
1
23
1
34
11
22
2
24
2
0
2
36
33
3
26
0
3
27
13
28
4
32
4
4
32
20
5
1
5
5
5
23
2
35
6
16
25
16
29
29
7
17
23
34
34
18
8
34
26
19
9
2
9
28
35
20
34
10
6
35
1
10
33
21
6
6
36
11
1
12
22
4
35
1
13
23
29
13
1
9
7
14
8
10
5
25
9
15
2
8
3
5
26
35
16
2
27
31
36
17
31
10
28
18
28
3
29
13
19
14
14
19
36
8
6
8
30
31
6
2
20
0
11
7
35
32
1
22
4
7
12
19
33
17
3
23
18
34
11
7
35
24
13
0
2
36
35
9
26
7
3
36
11
11
5
27
4
13
12
27
24
10
5
5
24
20
2
12
19
30
6
17
29
32
29
17
1
31
34
31
13
2
36
30
33
31
9
24
35
35
32
10
20
35
1
2
33
35
6
36
35
18
32
36
10
6
35
16
35
28
31
13
35
13
14
31
35
10
5
35
7
15
35
32
10
34
36
32
36
35
32
36
15
36
29
10
36
18
28
11
36
10
36
32
35
27
35
