24
0
7
17
15
20
16
18
9
27
20
0
0
33
36
21
9
32
0
27
1
23
1
16
1
33
27
29
0
2
20
17
12
26
19
13
3
28
26
28
14
1
33
4
36
21
14
27
5
24
5
21
30
1
29
6
26
1
32
3
6
34
7
3
3
1
23
8
18
8
19
8
0
4
9
20
31
19
34
10
35
28
20
35
29
11
4
21
2
22
12
22
12
29
35
31
28
23
13
8
29
13
34
14
24
34
33
15
25
30
15
25
6
15
16
31
9
16
27
10
17
7
17
6
32
17
6
28
34
18
36
10
0
29
7
5
19
6
30
20
20
8
1
21
31
6
0
3
35
21
9
32
22
10
1
33
1
16
12
33
22
1
34
2
20
18
25
16
22
13
20
35
26
10
26
27
27
4
36
20
0
36
5
14
6
23
24
22
29
6
3
25
17
26
12
9
17
3
0
19
28
14
36
35
13
36
0
34
36
34
31
35
34
36
35
35
20
35
33
35
7
36
1
30
35
15
31
35
7
36
20
36
6
8
36
32
26
35
12
35
33
35
16
35
35
35
35
32
36
12
9
36
25
35
17
30
35
18
34
36
31
36
33
20
36
32
36
35
36
