16
34
36
32
20
24
8
27
21
10
24
11
13
9
9
16
18
17
10
10
26
1
34
10
16
15
0
35
2
2
2
30
33
17
19
3
13
3
30
3
14
26
4
20
28
4
27
1
15
5
24
1
36
6
6
17
1
6
2
31
7
6
7
35
27
18
35
27
8
6
23
19
25
9
21
9
32
27
32
10
21
34
10
4
34
11
26
0
22
33
34
36
12
23
35
23
3
26
13
7
24
9
11
25
1
6
14
15
25
27
35
2
15
2
32
16
33
35
13
28
4
8
8
28
2
18
29
18
29
5
4
19
7
30
16
16
7
32
20
31
21
0
21
33
32
11
36
35
22
10
33
17
36
34
22
36
34
36
0
12
0
35
2
24
11
36
36
17
36
36
25
2
15
3
14
26
27
11
5
27
27
21
4
20
26
25
19
6
29
20
1
5
30
23
7
1
26
35
34
6
32
33
36
4
23
19
24
10
17
36
35
33
33
10
36
22
7
34
36
33
26
35
22
4
34
36
12
32
35
23
35
36
35
5
35
35
34
35
29
35
34
36
25
17
35
13
15
17
35
1
33
35
13
9
35
20
31
20
2
21
35
6
29
12
35
36
33
36
29
