8
28
8
36
36
14
7
8
31
8
31
17
14
35
10
29
35
17
10
9
1
25
9
1
33
25
1
2
2
28
2
25
25
2
3
25
3
33
25
36
20
0
4
25
29
2
23
36
5
0
28
5
2
4
6
2
6
16
1
2
26
0
25
7
33
17
17
32
0
8
35
0
25
29
9
19
32
20
36
10
26
21
20
7
10
35
11
28
2
33
12
11
22
7
22
23
13
12
9
32
1
2
36
24
8
35
3
14
25
15
2
10
36
9
16
26
5
26
5
34
7
27
17
11
34
33
18
28
33
35
13
1
18
29
1
19
8
36
30
7
20
1
31
5
31
35
31
12
36
22
32
14
32
13
15
23
9
11
33
1
1
2
24
5
34
25
25
25
3
25
1
35
0
4
24
22
4
25
36
3
23
36
25
0
28
5
9
9
26
29
6
2
15
2
3
0
1
17
6
17
17
32
36
8
35
6
2
35
34
35
35
36
36
31
36
33
36
36
33
35
17
11
35
33
35
1
35
7
27
35
0
21
35
29
29
35
3
8
29
2
35
0
33
34
4
34
36
11
34
36
13
32
35
15
13
27
35
28
34
33
35
16
2
6
35
1
36
36
19
