7
8
15
34
7
14
35
28
9
20
31
8
16
32
0
23
21
36
29
15
1
10
1
18
1
23
24
23
0
2
22
12
18
20
20
12
3
21
36
1
13
4
4
26
4
15
23
14
5
2
5
2
1
15
6
22
6
19
19
0
17
2
7
17
1
34
24
8
31
24
31
8
3
9
19
9
9
36
4
10
26
20
10
34
21
11
35
27
11
22
36
30
11
12
29
23
5
3
13
33
0
32
30
24
35
8
32
14
9
33
25
15
8
16
26
32
16
34
32
2
27
17
2
35
28
0
4
18
36
5
34
18
29
0
12
8
12
30
7
30
35
21
16
20
31
8
10
21
22
32
22
36
32
14
12
10
23
7
33
10
10
15
0
34
0
34
18
14
20
18
35
12
17
26
4
4
11
36
4
27
27
28
10
2
10
20
11
15
6
14
6
8
27
28
26
2
7
21
1
25
21
11
31
2
35
8
29
33
3
35
32
36
9
36
17
36
35
34
36
30
35
27
32
35
8
30
11
35
2
33
36
36
33
35
0
1
35
24
35
35
31
35
32
33
35
15
15
35
12
32
35
34
35
7
36
17
2
35
13
35
34
33
36
32
36
35
33
7
32
