36
0
18
20
11
19
29
8
11
21
35
30
36
22
34
15
16
19
10
14
1
29
1
30
15
1
11
2
11
2
18
34
25
25
3
3
17
3
26
18
4
4
14
21
4
1
22
4
5
1
5
23
17
16
0
6
30
6
6
25
7
17
31
7
0
18
2
8
3
2
8
33
4
6
2
9
4
6
6
3
10
21
29
32
4
4
11
34
22
4
4
23
12
31
1
5
5
13
24
36
5
24
14
25
36
14
0
3
15
26
7
36
15
8
27
8
16
36
8
5
5
28
32
17
36
32
18
30
29
13
2
8
0
2
4
10
20
8
20
14
20
8
11
21
35
10
6
4
1
15
16
36
22
16
23
17
4
23
15
7
16
18
11
6
14
13
25
12
5
3
3
14
26
18
14
4
14
21
4
27
22
9
3
0
28
3
17
23
3
5
30
31
32
27
20
16
2
34
26
29
2
31
36
4
24
33
1
8
0
9
35
26
35
25
31
35
36
18
36
25
36
35
16
4
35
31
12
4
35
5
28
36
24
36
29
31
36
25
36
36
0
36
30
19
27
5
35
32
17
8
33
36
27
12
36
3
35
22
36
2
18
35
12
26
35
10
36
36
28
