15
15
35
31
36
8
17
10
25
19
22
23
8
22
23
35
28
21
17
19
19
1
10
21
34
15
15
29
25
2
17
19
25
12
19
21
3
13
23
27
4
4
22
29
4
23
14
4
24
5
1
1
27
1
6
35
6
2
24
34
26
7
3
7
2
31
7
8
35
3
27
35
36
9
19
5
9
2
6
10
20
20
20
8
5
11
35
11
29
35
11
22
12
33
22
22
13
13
2
13
32
36
33
4
13
34
15
15
25
33
36
4
16
26
16
7
36
16
3
28
36
27
6
3
18
4
18
35
33
34
1
9
29
19
15
15
35
11
30
19
36
0
1
19
8
36
31
16
16
6
17
21
17
11
1
23
33
1
34
14
15
1
15
2
34
25
25
12
4
1
35
16
7
27
21
4
36
27
4
5
20
4
24
5
26
1
27
1
6
5
28
1
14
23
7
7
29
3
21
20
16
8
35
34
35
35
32
33
36
15
9
1
32
5
34
20
36
13
15
33
35
35
35
35
11
35
6
33
35
22
29
34
35
13
14
22
36
23
28
36
29
36
18
35
36
36
16
36
36
20
36
29
3
17
36
27
34
35
17
35
1
13
35
3
27
35
7
19
36
