27
6
5
13
16
13
26
9
7
25
15
31
15
13
13
9
28
17
26
1
26
32
1
28
22
10
10
17
31
30
2
34
24
18
18
3
3
3
13
35
34
36
1
4
25
0
14
23
5
21
5
0
1
0
6
27
6
16
23
28
7
0
29
7
0
26
18
24
8
1
33
19
34
30
9
19
0
26
10
0
4
10
35
34
34
34
11
36
2
36
12
22
28
7
35
33
23
13
12
29
29
13
24
4
14
10
25
15
34
15
25
4
10
16
32
4
26
35
16
36
1
11
32
4
0
18
28
1
18
9
35
2
19
29
34
6
13
34
10
30
30
9
12
21
15
31
36
22
11
9
32
36
32
36
22
14
33
2
33
10
16
17
3
34
25
34
25
18
10
3
3
35
19
35
8
36
19
0
18
0
27
20
23
21
5
6
26
9
6
27
14
24
13
16
0
22
16
7
8
32
25
34
30
36
33
33
34
36
31
8
35
33
31
35
7
31
35
36
36
34
24
36
29
36
35
35
35
7
35
33
22
4
35
9
20
13
35
5
33
4
36
19
2
2
19
6
36
34
13
4
26
35
24
6
1
35
13
4
36
36
33
35
35
34
36
5
32
24
36
