29
14
7
14
35
30
35
30
7
24
30
7
19
30
13
36
32
23
34
1
1
1
10
1
25
0
20
11
2
20
2
20
22
2
3
26
28
3
12
12
30
13
1
4
14
34
21
5
5
14
2
20
30
0
6
23
6
31
24
16
16
7
3
33
23
36
7
8
35
18
30
19
1
9
9
9
33
26
10
20
25
10
1
5
33
6
11
21
6
22
36
26
12
35
2
28
23
5
2
13
13
24
14
24
30
36
1
14
15
25
2
34
15
16
16
26
10
1
7
17
27
0
11
27
9
28
18
35
10
4
29
33
7
19
29
9
11
0
33
30
0
30
7
21
31
7
31
16
13
36
32
23
23
0
3
23
10
33
11
33
14
11
34
7
8
34
36
7
36
25
14
35
26
1
0
13
36
20
21
27
36
16
5
14
16
27
10
0
16
22
6
11
12
17
16
20
23
17
8
32
16
32
35
25
35
19
36
36
36
36
33
22
36
3
35
4
35
25
33
33
35
21
33
36
36
36
35
35
23
36
33
30
35
13
13
35
7
35
32
35
1
15
35
34
30
35
29
24
16
36
35
1
35
4
29
33
3
27
35
34
30
35
32
36
33
34
36
6
11
