15
17
23
28
27
7
28
19
12
19
19
9
9
1
1
10
16
10
2
2
12
1
3
3
3
3
13
4
4
3
15
5
5
15
15
6
6
16
1
16
7
7
32
8
18
8
19
9
9
2
19
10
20
10
11
21
5
12
12
12
22
30
13
13
12
23
7
24
25
15
15
31
25
16
15
26
15
17
10
28
27
10
18
19
28
19
19
29
16
11
30
17
21
30
1
21
31
22
21
3
32
23
32
24
4
3
15
5
5
25
23
4
25
18
21
23
32
32
32
32
29
31
31
19
31
13
31
31
28
31
31
32
32
31
29
31
31
31
23
31
31
31
30
32
25
32
29
31
31
16
32
32
1
