17
17
27
17
28
28
8
8
11
16
18
9
20
1
1
31
11
19
2
2
11
28
3
3
3
13
4
22
4
4
5
14
5
5
1
6
6
16
1
7
7
2
18
8
8
18
25
9
9
19
10
10
26
10
26
11
21
21
12
12
6
12
23
23
13
24
14
24
24
15
15
25
14
26
26
9
17
17
27
27
28
28
18
0
28
29
18
16
20
11
30
12
11
21
11
31
32
32
21
14
24
24
24
0
4
17
15
24
14
5
1
25
22
32
27
24
31
29
29
26
31
10
28
32
32
31
31
31
32
24
31
31
28
31
32
31
27
31
31
26
31
32
31
32
5
31
19
31
14
32
30
32
4
