20
11
23
7
12
21
7
10
20
13
19
22
12
7
7
8
13
8
15
1
1
1
1
15
16
23
16
16
2
1
11
17
1
1
3
0
12
3
1
12
17
4
17
4
19
13
0
5
3
5
14
3
4
1
6
1
15
6
4
21
7
16
21
16
0
8
24
3
17
8
9
9
0
9
18
23
7
24
19
10
0
19
4
4
24
11
20
4
20
11
12
11
12
21
7
24
1
13
22
22
22
7
14
6
10
23
8
15
14
15
1
11
16
24
16
16
2
13
7
14
16
17
16
17
3
15
1
10
2
16
13
4
19
13
17
13
22
24
21
24
21
24
24
20
23
19
21
21
23
6
11
0
23
20
24
24
24
23
9
23
0
23
23
23
24
24
18
24
24
20
24
4
24
11
24
21
