12
5
21
6
7
8
24
21
7
11
13
16
18
22
23
9
8
8
1
1
1
1
15
0
9
9
9
2
1
11
1
1
16
11
3
11
17
13
19
4
4
4
13
20
20
5
14
5
14
5
5
15
2
23
15
6
16
7
7
7
0
16
20
5
8
17
8
17
17
23
9
23
5
18
23
10
19
24
19
19
11
5
4
20
12
20
12
10
10
8
21
13
6
9
13
22
10
22
2
14
10
6
23
3
23
6
15
4
6
14
24
2
24
16
10
1
1
17
12
14
11
13
19
1
4
4
4
20
20
19
1
8
9
23
5
23
22
24
24
24
8
24
7
21
24
16
24
4
23
1
23
22
23
23
10
23
22
23
22
23
10
23
22
5
23
19
23
20
24
