20
23
21
12
6
21
8
7
23
8
18
15
22
14
14
19
15
23
1
9
1
10
10
16
16
10
11
2
18
17
11
0
11
3
19
1
3
12
19
0
4
20
13
17
19
5
5
18
5
14
20
1
6
23
15
18
23
7
4
16
7
2
1
8
17
24
8
1
22
22
9
18
20
24
10
10
19
10
19
7
11
11
20
11
20
8
22
24
12
21
23
24
0
13
22
0
22
14
14
7
8
23
24
23
0
15
14
16
24
16
24
16
10
12
14
1
17
15
13
16
3
12
4
12
19
15
19
17
16
20
24
23
20
23
21
23
23
23
24
24
21
23
19
23
23
23
23
24
24
24
24
23
23
0
23
23
23
24
24
22
24
10
24
7
23
23
0
20
21
