22
12
18
12
8
21
22
9
13
14
11
11
22
22
9
24
8
23
1
1
23
9
1
10
18
16
2
15
2
10
12
11
15
3
21
3
19
22
12
4
19
4
20
3
4
4
5
20
1
22
1
6
20
6
15
18
16
6
7
7
7
16
23
23
8
18
17
8
17
24
9
18
3
9
19
9
2
19
24
11
10
24
11
20
0
12
11
12
11
21
7
21
13
3
22
7
22
22
0
24
23
24
24
23
23
10
1
16
24
16
24
24
2
17
2
11
5
11
8
17
3
10
17
4
15
15
4
3
5
5
18
20
24
12
24
6
22
6
24
3
20
20
24
7
17
1
23
23
24
23
23
13
23
24
9
24
21
9
24
24
2
23
8
23
15
24
18
24
21
