12
12
5
9
7
6
6
12
11
7
0
7
18
8
14
14
14
17
1
1
1
1
9
0
10
10
10
2
1
11
20
18
23
11
3
12
1
1
12
13
4
0
13
13
14
5
2
5
14
4
3
0
6
3
15
6
5
24
7
16
21
21
16
8
2
8
4
1
6
9
2
18
1
9
7
0
10
1
19
20
11
8
0
2
20
12
7
4
12
22
21
9
6
7
9
8
22
10
14
14
14
11
15
23
1
1
15
0
6
24
16
2
1
17
17
15
17
5
0
0
1
1
1
4
11
6
14
12
18
5
2
21
23
23
24
21
24
21
22
24
7
24
24
16
24
21
9
24
19
24
9
24
13
23
19
23
1
21
23
22
23
22
24
24
11
23
24
24
8
