22
11
24
8
22
22
21
11
0
7
22
11
23
14
8
22
9
24
1
0
1
9
10
24
19
24
2
24
2
16
11
2
18
3
12
3
2
12
3
4
13
4
2
18
13
19
5
22
14
2
14
15
6
17
2
15
16
4
7
6
18
0
21
8
24
17
8
22
9
23
9
18
3
1
23
10
19
24
7
20
10
11
6
20
4
11
24
24
22
21
6
11
13
11
22
13
22
14
8
3
9
14
23
1
6
4
1
6
16
24
6
24
5
12
17
4
16
14
1
1
17
18
3
16
19
19
18
1
18
19
12
23
24
24
1
24
23
23
0
23
20
23
22
24
24
3
24
20
24
23
23
6
9
23
23
24
20
18
24
19
24
24
24
24
24
11
24
8
1
