10
10
0
15
6
0
6
7
0
7
0
21
8
0
14
8
13
21
13
1
9
1
9
15
1
2
15
2
11
15
11
16
11
17
3
1
12
22
17
4
4
4
13
18
19
5
5
14
5
14
22
22
1
6
2
15
0
23
7
16
22
16
22
17
8
17
23
0
5
9
18
9
18
2
5
10
19
1
19
11
24
11
0
20
10
10
0
2
12
21
3
3
0
0
0
22
11
10
14
23
11
12
0
23
15
1
3
7
16
24
15
4
16
15
17
16
8
17
16
1
12
7
2
4
19
4
13
13
19
10
5
23
5
23
4
22
22
23
20
1
23
23
23
15
22
23
22
23
23
20
23
18
5
23
18
18
23
23
16
24
7
3
24
11
24
24
0
23
23
