21
20
10
6
0
19
10
15
7
7
13
8
18
20
23
11
18
24
9
1
9
1
10
15
1
0
2
2
10
19
2
15
18
3
16
18
3
1
12
4
15
4
13
13
13
1
5
22
14
1
15
6
23
6
16
15
6
16
23
7
16
22
17
21
8
24
17
4
17
22
9
18
23
18
21
21
10
19
24
19
19
3
11
20
21
20
10
10
22
0
21
13
12
1
0
23
22
23
23
0
14
24
10
23
9
15
11
4
8
0
24
12
0
13
16
15
3
3
14
0
17
1
19
4
19
4
4
4
7
19
5
22
0
23
22
6
23
1
4
23
23
8
24
6
24
22
24
3
24
1
24
4
24
22
24
23
23
21
23
21
23
22
24
24
22
23
23
23
23
