5
6
22
15
7
11
7
24
7
11
22
15
14
13
0
14
0
15
9
1
22
1
15
17
10
1
2
2
2
2
17
11
17
3
11
3
12
17
12
3
4
20
20
20
18
14
5
23
0
14
24
1
6
20
15
22
7
20
7
24
16
24
1
24
6
8
17
24
7
21
18
23
18
24
4
10
24
19
10
10
8
11
20
23
5
11
2
12
21
11
21
9
13
8
13
22
13
22
2
14
0
23
14
23
0
1
15
1
10
24
14
24
2
8
17
9
14
9
1
4
0
17
12
3
14
16
11
17
15
5
8
23
23
23
23
1
6
23
4
22
23
23
24
24
18
24
21
24
19
21
1
23
21
12
22
23
18
23
24
24
24
24
10
24
8
24
2
23
9
