6
12
23
12
6
6
12
6
12
12
12
0
22
15
22
8
0
23
1
1
9
1
9
1
10
24
2
24
2
24
1
11
12
2
3
20
20
20
12
4
2
4
23
19
13
5
1
5
23
18
21
6
6
6
15
6
23
22
7
23
3
16
4
8
4
17
20
17
9
22
18
9
8
18
23
2
24
19
24
19
6
11
6
20
8
12
23
12
21
7
12
21
12
12
12
12
22
8
14
13
6
23
24
23
23
4
15
1
0
24
2
24
2
5
17
11
10
14
3
4
16
13
10
9
2
4
4
15
19
5
7
5
23
23
21
23
23
24
3
23
23
24
23
23
22
0
23
20
23
23
23
2
23
22
23
9
23
5
23
13
23
22
23
22
23
10
24
24
2
