20
20
14
11
21
21
21
13
13
18
20
8
17
8
13
13
23
23
1
1
9
1
14
1
10
10
2
10
2
0
11
1
2
19
3
2
13
16
12
2
4
21
16
16
20
5
0
5
14
2
14
15
6
1
22
15
24
21
7
23
16
7
23
8
17
22
8
17
18
24
9
18
19
18
9
10
19
23
19
5
20
11
20
20
20
20
12
12
12
21
21
21
13
9
13
2
22
14
13
24
14
23
1
23
23
5
12
1
10
24
16
24
2
15
5
4
2
0
6
2
13
14
6
2
4
7
16
18
1
17
19
22
23
22
23
1
6
23
22
22
23
21
23
23
23
23
23
19
23
22
23
23
23
7
6
23
0
18
22
23
22
23
23
23
22
24
24
23
23
