3 13 5 5 5 5 13 13 13 13 13 13 13 13 13 13 2 2 2 9 9 9 15 15 13 0 13 11 11 11 11 5 5 5 5 13 14 14 14 14 14 14 14 5 5 5 5 5 5 5 5 5 5 5 5 5 5 5 5 5 5 5 5 5 5 5 5 5 5 5 5 5 5 5 5 5 5 5 12 5
10 6 6 6 6 6 6 6 6 6 10 15 15 1 1 10 16 10 10 2 2 2 10 3 3 3 14 14 14 14 15 15 15 13 6 6 6 6 6 6 6 6 6 6 6 6 6 6 6 6 6 6 6 6 6 6 11 11 11 11 11 11 11 4 4 4 4 4 4 4 12 4 4 4 4 4 4 4 12 1
8 8 8 8 8 8 8 8 8 8 8 8 8 1 1 1 1 1 9 9 1 3 3 3 3 3 1 1 13 5 5 5 5 5 5 5 6 6 6 6 6 16 5 15 15 15 7 7 5 5 5 10 5 5 5 5 5 5 5 5 5 5 16 16 16 9 7 7 7 7 7 7 7 7 7 7 7 7 7 7
15 15 15 15 15 15 15 14 14 14 14 9 8 1 1 8 1 8 8 8 8 1 1 15 4 4 4 4 1 4 1 1 1 14 14 14 14 14 14 16 16 16 16 16 16 16 16 16 16 16 16 4 7 7 9 6 6 6 6 0 0 0 0 3 3 3 3 3 3 3 0 16 3 3 3 3 0 0 0 0
6 6 6 6 6 8 8 8 8 8 7 7 7 7 7 8 8 2 2 8 16 1 3 3 3 12 12 16 16 16 12 2 2 6 6 6 6 6 1 14 14 14 8 8 8 8 5 8 8 8 8 8 8 8 5 5 5 5 5 5 8 8 8 8 8 8 9 9 9 9 9 5 5 5 5 5 5 5 5 5
13 3 3 3 16 16 13 14 0 12 12 13 1 1 1 1 13 13 2 2 2 13 13 13 13 13 13 13 4 13 13 5 5 5 5 5 13 13 13 4 14 1 14 14 14 5 5 5 5 5 5 5 5 5 5 5 5 5 5 5 5 5 5 5 5 5 5 5 5 5 5 5 5 5 5 5 5 5 5 5
7 7 5 5 5 5 5 9 9 6 14 14 14 1 1 1 1 2 2 2 9 16 10 2 2 16 3 3 16 3 5 4 13 4 4 16 16 16 16 16 16 16 16 16 16 16 16 16 16 16 16 16 9 9 9 9 9 9 9 9 9 9 9 9 9 9 5 5 5 5 5 5 5 5 5 5 5 5 5 5
15 15 15 15 15 15 6 6 6 6 6 6 6 1 1 1 11 11 11 8 11 14 14 14 14 4 4 4 4 4 4 5 5 3 4 4 7 7 7 15 7 14 14 14 14 14 5 5 5 5 5 5 8 8 8 8 12 12 12 4 1 1 1 1 1 1 1 1 13 7 7 7 7 7 7 7 15 7 9 7
4 4 6 6 4 4 16 14 7 7 8 8 14 14 0 0 12 2 2 2 2 14 14 14 14 15 15 15 15 15 14 12 5 14 14 14 14 14 6 14 14 3 3 3 3 3 3 3 5 5 3 3 3 3 3 3 3 3 3 3 10 10 5 5 5 5 5 5 5 5 5 5 5 5 5 5 5 5 5 5
8 8 8 8 8 8 5 12 12 12 12 8 8 1 12 12 1 8 8 8 8 3 3 3 3 10 10 10 10 3 3 5 5 3 3 3 3 3 3 8 8 8 8 8 8 8 8 8 8 16 8 10 10 9 9 10 9 9 9 9 9 9 9 9 9 9 8 8 8 8 8 8 8 8 8 8 8 8 8 8
