12 12 4 4 4 4 4 4 4 4 4 4 4 4 4 12 12 12 12 12 12 12 12 2 12 6 7 7 4 4 3 4 4 4 4 4 4 4 12 12 12 12 12 12 12 12 12 3 7 7 7 12 3 4 4 4 4 4 4 4
12 12 2 12 12 12 12 12 12 12 4 12 4 4 4 4 4 4 4 12 12 12 12 12 12 12 12 12 2 12 12 4 4 4 4 12 12 12 4 4 4 7 7 4 4 4 4 4 4 4 4 4 4 4 4 4 4 12 4 4
12 12 4 4 4 4 4 4 4 4 4 4 4 4 4 12 12 12 12 12 12 12 12 2 12 4 12 12 12 12 12 12 7 4 4 4 4 4 4 4 4 4 4 4 4 4 4 12 12 12 1 4 4 4 4 12 4 4 4 4
4 12 4 6 4 4 4 4 10 4 4 5 4 4 4 10 12 12 3 12 6 3 7 9 12 7 7 3 4 1 4 4 3 7 7 7 1 0 5 0 12 4 4 4 4 2 7 4 4 4 4 4 4 9 4 3 7 8 12 11
12 12 10 4 4 4 4 4 4 4 4 4 4 4 4 12 12 12 12 12 9 12 12 9 9 12 3 12 12 12 12 4 12 12 4 4 4 4 4 4 4 4 4 4 4 4 4 4 4 4 12 4 4 4 4 4 12 12 12 12
12 12 4 4 4 4 4 4 4 4 4 4 8 4 12 12 12 12 12 12 12 12 12 12 12 12 12 12 12 4 4 4 4 4 4 4 4 4 4 4 7 4 4 7 1 4 4 4 4 12 4 4 4 4 4 12 12 12 12 12
12 12 4 4 2 12 12 12 12 12 12 12 12 12 12 4 12 4 4 4 4 12 12 12 12 12 12 7 7 2 12 12 4 12 12 12 12 12 12 7 7 4 4 4 4 4 4 4 4 4 4 4 4 4 4 4 4 4 4 7
12 12 4 4 4 4 4 4 4 4 4 4 4 4 4 12 12 12 12 12 12 12 12 2 12 4 12 12 12 12 12 12 7 4 4 12 4 4 4 4 4 4 4 4 3 7 7 7 7 7 7 12 4 7 7 7 7 7 7 12
12 12 4 4 4 4 4 4 4 4 4 4 4 4 4 12 12 12 12 12 12 12 12 2 12 6 7 7 4 4 4 4 4 4 4 4 4 12 12 12 12 12 12 12 12 12 12 12 12 12 4 4 4 7 7 7 7 4 4 4
12 12 4 4 4 4 4 4 4 4 4 4 10 4 12 12 12 12 12 12 12 12 12 12 12 12 12 12 12 4 4 4 4 4 4 4 4 4 4 4 7 4 4 7 4 4 4 7 4 12 4 7 7 7 7 7 12 12 12 12
