# Results obtained using DQN. CPU time: 29.99909520149231
0.00464530  57.00000000  0.00377490  60.00000000  1577.42546241  0.00000000
0.00489923  58.00000000  0.00489923  60.00000000  1755.91200157  0.00000000
0.00008619  55.00000000  0.00004333  60.00000000  1499.81183006  0.00000000
0.00347125  51.00000000  0.00318331  60.00000000  1743.14163191  0.00000000
0.00107669  50.00000000  0.00081377  60.00000000  1304.03800835  0.00000000
0.00673089  58.00000000  0.00673089  60.00000000  1430.51082555  0.00000000
0.00751376  58.00000000  0.00751376  60.00000000  1652.35635560  0.00000000
0.00065190  43.00000000  0.00037031  60.00000000  2055.61775867  0.00000000
0.00218921  54.00000000  0.00068828  60.00000000  1527.72676109  0.01457878
0.02974385  48.00000000  0.00761802  60.00000000  1297.19796115  0.03957098
0.00422068  54.00000000  0.00288241  60.00000000  1756.89425831  0.06456318
0.00039736  58.00000000  0.00039736  60.00000000  2179.58487356  0.08955537
0.00033592  58.00000000  0.00033592  60.00000000  1925.06892487  0.11454757
0.00014856  58.00000000  0.00014856  60.00000000  2056.05431030  0.13953977
0.00250865  47.00000000  0.00161709  60.00000000  1805.89100360  0.16453197
0.00015720  55.00000000  0.00007951  60.00000000  1334.97017811  0.18952416
0.00012819  49.00000000  0.00006662  60.00000000  1377.88219994  0.21451636
0.01220175  46.00000000  0.00009224  60.00000000  2778.99744820  0.23950856
0.00161519  51.00000000  0.00129519  60.00000000  1972.03556571  0.26450076
0.00108805  57.00000000  0.00106575  60.00000000  1328.90375600  0.28949295
0.00026612  54.00000000  0.00021498  60.00000000  2111.10258795  0.31448515
0.00027416  55.00000000  0.00011060  60.00000000  1663.94123320  0.33947735
0.00035522  41.00000000  0.00016266  60.00000000  1477.18193518  0.36446954
0.00069680  58.00000000  0.00069680  60.00000000  2241.35121572  0.38946174
0.01323764  46.00000000  0.01098114  60.00000000  2119.59666554  0.41445394
0.07469789  57.00000000  0.07449336  60.00000000  2232.47223003  0.43944614
0.02278919  53.00000000  0.01574910  60.00000000  2273.45798936  0.46443833
0.07947505  58.00000000  0.07947505  60.00000000  2003.07878637  0.48943053
0.00324650  56.00000000  0.00283942  60.00000000  1521.66628486  0.51442273
0.11542350  58.00000000  0.11542350  60.00000000  2346.67169162  0.53941493
0.00003156  53.00000000  0.00003113  60.00000000  1625.30505048  0.56440712
0.00181211  54.00000000  0.00046092  60.00000000  2444.17012832  0.58939932
0.00074821  58.00000000  0.00074821  60.00000000  1903.77321675  0.61439152
0.00545761  44.00000000  0.00205756  60.00000000  2319.61578159  0.63938372
0.02244385  58.00000000  0.02244385  60.00000000  2289.03440389  0.66437591
0.00425351  56.00000000  0.00314525  60.00000000  2127.78883617  0.68936811
0.00130820  46.00000000  0.00041355  60.00000000  2114.20142106  0.71436031
0.02795328  52.00000000  0.01469409  60.00000000  1766.10915778  0.73935250
0.00560789  58.00000000  0.00560789  60.00000000  2151.66914419  0.76434470
0.00131593  58.00000000  0.00131593  60.00000000  1267.64548674  0.78933690
0.00454200  39.00000000  0.00016240  60.00000000  1459.75304296  0.81432910
0.00477288  56.00000000  0.00391204  60.00000000  2178.58079926  0.83932129
0.00118921  58.00000000  0.00118921  60.00000000  1807.15869638  0.86431349
0.03969406  56.00000000  0.03884707  60.00000000  2313.20873338  0.88930569
0.25947991  50.00000000  0.05310771  60.00000000  2312.11459274  0.91429789
0.02578461  56.00000000  0.02563641  60.00000000  2129.86150917  0.93929008
0.04584571  50.00000000  0.01511541  60.00000000  2317.81571653  0.96428228
0.04860395  51.00000000  0.00818128  60.00000000  2313.34471755  0.98927448
0.04635157  50.00000000  0.01547652  60.00000000  2320.62295189  0.99000000
0.04635157  50.00000000  0.01547652  60.00000000  2320.62295189  0.99000000
0.04635157  50.00000000  0.01547652  60.00000000  2320.62295189  0.99000000
0.07366079  56.00000000  0.06876723  60.00000000  2321.03113929  0.99000000
0.04635157  50.00000000  0.01547652  60.00000000  2320.62295189  0.99000000
0.04635157  50.00000000  0.01547652  60.00000000  2320.62295189  0.99000000
0.04806476  48.00000000  0.01597864  60.00000000  2320.57809433  0.99000000
0.04635157  50.00000000  0.01547652  60.00000000  2320.62295189  0.99000000
0.04635157  50.00000000  0.01547652  60.00000000  2320.62295189  0.99000000
0.04635157  50.00000000  0.01547652  60.00000000  2320.62295189  0.99000000
0.04635157  50.00000000  0.01547652  60.00000000  2320.62295189  0.99000000
0.04635157  50.00000000  0.01547652  60.00000000  2320.62295189  0.99000000
0.04635157  50.00000000  0.01547652  60.00000000  2320.62295189  0.99000000
0.04635157  50.00000000  0.01547652  60.00000000  2320.62295189  0.99000000
0.04635157  50.00000000  0.01547652  60.00000000  2320.62295189  0.99000000
0.04639671  50.00000000  0.01551773  60.00000000  2320.62405000  0.99000000
0.04635157  50.00000000  0.01547652  60.00000000  2320.62295189  0.99000000
0.04635157  50.00000000  0.01547652  60.00000000  2320.62295189  0.99000000
0.07599938  58.00000000  0.07599938  60.00000000  2320.72734947  0.99000000
0.03311452  51.00000000  0.01632333  60.00000000  2320.57276190  0.99000000
0.04635157  50.00000000  0.01547652  60.00000000  2320.62295189  0.99000000
0.04635157  50.00000000  0.01547652  60.00000000  2320.62295189  0.99000000
0.04635157  50.00000000  0.01547652  60.00000000  2320.62295189  0.99000000
0.22996692  49.00000000  0.02470681  60.00000000  2346.37709705  0.99000000
0.04635157  50.00000000  0.01551024  60.00000000  2320.62305226  0.99000000
0.06314115  51.00000000  0.05042711  60.00000000  2322.65712129  0.99000000
0.04620416  47.00000000  0.02039665  60.00000000  2320.49736279  0.99000000
0.04635157  50.00000000  0.01547652  60.00000000  2320.62295189  0.99000000
0.04291316  51.00000000  0.00545989  60.00000000  2320.08150383  0.99000000
0.07278614  58.00000000  0.07278614  60.00000000  2272.30724193  0.99000000
0.04635157  50.00000000  0.01547652  60.00000000  2320.62295189  0.99000000
0.04635157  50.00000000  0.01547652  60.00000000  2320.62295189  0.99000000
0.04635157  50.00000000  0.03224652  60.00000000  2320.63965923  0.99000000
0.04635157  50.00000000  0.03612553  60.00000000  2320.67121023  0.99000000
0.04591794  50.00000000  0.03110917  60.00000000  2320.54380086  0.99000000
0.04635157  50.00000000  0.01547652  60.00000000  2320.62295189  0.99000000
0.04635157  50.00000000  0.01547652  60.00000000  2320.62295189  0.99000000
0.04635157  50.00000000  0.01547652  60.00000000  2320.62295189  0.99000000
0.04635157  50.00000000  0.01748203  60.00000000  2320.64102614  0.99000000
0.04635157  50.00000000  0.01547652  60.00000000  2320.62295189  0.99000000
0.05836868  50.00000000  0.03052535  60.00000000  2246.62654234  0.99000000
0.04635157  50.00000000  0.01547652  60.00000000  2320.62295189  0.99000000
0.04635157  50.00000000  0.01547652  60.00000000  2320.62295189  0.99000000
0.04635157  50.00000000  0.01547652  60.00000000  2320.62295189  0.99000000
0.04635157  50.00000000  0.01547652  60.00000000  2320.62295189  0.99000000
0.04635157  50.00000000  0.01547652  60.00000000  2320.62295189  0.99000000
0.04635157  50.00000000  0.03542097  60.00000000  2320.66877214  0.99000000
0.04710113  55.00000000  0.03484612  60.00000000  2281.57024247  0.99000000
0.04635157  50.00000000  0.01547652  60.00000000  2320.62295189  0.99000000
0.05417029  49.00000000  0.02776062  60.00000000  2291.85010911  0.99000000
0.04635157  50.00000000  0.01547652  60.00000000  2320.62295189  0.99000000
0.04635157  50.00000000  0.01547652  60.00000000  2320.62295189  0.99000000
0.04633187  50.00000000  0.01543529  60.00000000  2320.62185361  0.99000000
0.04635157  50.00000000  0.01547652  60.00000000  2320.62295189  0.99000000
0.04635157  50.00000000  0.01547652  60.00000000  2320.62295189  0.99000000
0.04635157  50.00000000  0.01547652  60.00000000  2320.62295189  0.99000000
0.04635157  50.00000000  0.01547652  60.00000000  2320.62295189  0.99000000
0.04637550  50.00000000  0.01550316  60.00000000  2320.62359069  0.99000000
0.04635157  50.00000000  0.01547652  60.00000000  2320.62295189  0.99000000
0.04635157  50.00000000  0.01547652  60.00000000  2320.62295189  0.99000000
0.04552976  58.00000000  0.04552976  60.00000000  2216.65216841  0.99000000
0.04635157  50.00000000  0.01547652  60.00000000  2320.62295189  0.99000000
0.27403440  58.00000000  0.27403440  60.00000000  2313.25801728  0.99000000
0.04819692  48.00000000  0.03689387  60.00000000  2320.82740344  0.99000000
0.08015883  58.00000000  0.08015883  60.00000000  2321.00993454  0.99000000
0.04635157  50.00000000  0.01543469  60.00000000  2320.62278466  0.99000000
0.04635157  50.00000000  0.01547652  60.00000000  2320.62295189  0.99000000
0.04635157  50.00000000  0.01547652  60.00000000  2320.62295189  0.99000000
0.07278464  58.00000000  0.07278464  60.00000000  2272.30718932  0.99000000
0.04635157  50.00000000  0.01547652  60.00000000  2320.62295189  0.99000000
0.04635157  50.00000000  0.01547652  60.00000000  2320.62295189  0.99000000
0.04635157  50.00000000  0.01547652  60.00000000  2320.62295189  0.99000000
0.04635157  50.00000000  0.01547652  60.00000000  2320.62295189  0.99000000
0.04635157  50.00000000  0.01547652  60.00000000  2320.62295189  0.99000000
0.04635157  50.00000000  0.01547652  60.00000000  2320.62295189  0.99000000
0.04635157  50.00000000  0.01547652  60.00000000  2320.62295189  0.99000000
0.04635157  50.00000000  0.01547652  60.00000000  2320.62295189  0.99000000
0.06780619  55.00000000  0.05770347  60.00000000  2321.29080056  0.99000000
0.06464254  58.00000000  0.06464254  60.00000000  2348.07604249  0.99000000
0.04635157  50.00000000  0.01547652  60.00000000  2320.62295189  0.99000000
0.04635157  50.00000000  0.01547652  60.00000000  2320.62295189  0.99000000
0.04707420  47.00000000  0.02489124  60.00000000  2320.69059559  0.99000000
0.04635157  50.00000000  0.01547652  60.00000000  2320.62295189  0.99000000
0.04635157  50.00000000  0.01547652  60.00000000  2320.62295189  0.99000000
0.04635157  50.00000000  0.01547652  60.00000000  2320.62295189  0.99000000
0.04635157  50.00000000  0.01547652  60.00000000  2320.62295189  0.99000000
0.04635157  50.00000000  0.01547652  60.00000000  2320.62295189  0.99000000
0.05424456  56.00000000  0.05278586  60.00000000  2320.74061031  0.99000000
0.04635157  50.00000000  0.01547652  60.00000000  2320.62295189  0.99000000
0.04635157  50.00000000  0.01547652  60.00000000  2320.62295189  0.99000000
0.28838972  56.00000000  0.25694581  60.00000000  1754.47632413  0.99000000
0.04635157  50.00000000  0.01547652  60.00000000  2320.62295189  0.99000000
0.04635157  50.00000000  0.01547652  60.00000000  2320.62295189  0.99000000
0.04365702  50.00000000  0.01514559  60.00000000  2313.26159674  0.99000000
0.03280223  46.00000000  0.01517707  60.00000000  2321.05760317  0.99000000
0.04635157  50.00000000  0.01547652  60.00000000  2320.62295189  0.99000000
0.05379003  49.00000000  0.02251180  60.00000000  2269.22260984  0.99000000
0.04635157  50.00000000  0.01547652  60.00000000  2320.62295189  0.99000000
0.04635157  50.00000000  0.01547652  60.00000000  2320.62295189  0.99000000
0.04635157  50.00000000  0.01547652  60.00000000  2320.62295189  0.99000000
0.04635157  50.00000000  0.01547652  60.00000000  2320.62295189  0.99000000
0.04635157  50.00000000  0.01547652  60.00000000  2320.62295189  0.99000000
0.04888968  51.00000000  0.03790685  60.00000000  2320.71778691  0.99000000
0.02123678  58.00000000  0.02123678  60.00000000  2306.58971335  0.99000000
0.04635157  50.00000000  0.01547652  60.00000000  2320.62295189  0.99000000
0.04635157  50.00000000  0.01547652  60.00000000  2320.62295189  0.99000000
0.04635157  50.00000000  0.01547652  60.00000000  2320.62295189  0.99000000
0.04635157  50.00000000  0.01547652  60.00000000  2320.62295189  0.99000000
0.04635157  50.00000000  0.01547652  60.00000000  2320.62295189  0.99000000
0.23009658  49.00000000  0.03380882  60.00000000  2346.09012191  0.99000000
0.04635157  50.00000000  0.01547652  60.00000000  2320.62295189  0.99000000
0.04635157  50.00000000  0.01547652  60.00000000  2320.62295189  0.99000000
0.03527479  50.00000000  0.02471335  60.00000000  2318.41816075  0.99000000
0.04635157  50.00000000  0.01786174  60.00000000  2320.61801998  0.99000000
0.04635209  50.00000000  0.01547646  60.00000000  2320.62524533  0.99000000
0.00384741  58.00000000  0.00384741  60.00000000  2331.14509057  0.99000000
0.04609936  58.00000000  0.04609936  60.00000000  2319.42980345  0.99000000
0.07377396  57.00000000  0.07293871  60.00000000  2282.97332894  0.99000000
0.04635157  50.00000000  0.01547652  60.00000000  2320.62295189  0.99000000
0.04635157  50.00000000  0.01547652  60.00000000  2320.62295189  0.99000000
0.04635157  50.00000000  0.01547652  60.00000000  2320.62295189  0.99000000
0.04652822  50.00000000  0.01573429  60.00000000  2320.63663039  0.99000000
0.04635157  50.00000000  0.01547652  60.00000000  2320.62295189  0.99000000
0.00283665  58.00000000  0.00283665  60.00000000  1701.02939259  0.99000000
0.02158009  58.00000000  0.02158009  60.00000000  2216.61768137  0.99000000
0.04889049  51.00000000  0.03837358  60.00000000  2320.71439253  0.99000000
0.04635157  50.00000000  0.01547652  60.00000000  2320.62295189  0.99000000
0.04635157  50.00000000  0.01547652  60.00000000  2320.62295189  0.99000000
0.04268576  51.00000000  0.02444248  60.00000000  2253.52951177  0.99000000
0.04635157  50.00000000  0.01547652  60.00000000  2320.62295189  0.99000000
0.09000627  57.00000000  0.08935360  60.00000000  2321.00994111  0.99000000
0.06568577  58.00000000  0.06568577  60.00000000  2269.25595140  0.99000000
0.04635157  50.00000000  0.01547652  60.00000000  2320.62295189  0.99000000
0.04635157  50.00000000  0.01547652  60.00000000  2320.62295189  0.99000000
0.22552795  58.00000000  0.22552795  60.00000000  1610.74238942  0.99000000
0.04838142  48.00000000  0.02916145  60.00000000  2320.92276337  0.99000000
0.04635157  50.00000000  0.01547652  60.00000000  2320.62295189  0.99000000
0.04635157  50.00000000  0.01547652  60.00000000  2320.62295189  0.99000000
0.04635157  50.00000000  0.01547652  60.00000000  2320.62295189  0.99000000
0.05605519  49.00000000  0.02156444  60.00000000  2272.12052555  0.99000000
0.04635157  50.00000000  0.01547652  60.00000000  2320.62295189  0.99000000
0.04635157  50.00000000  0.01547652  60.00000000  2320.62295189  0.99000000
0.04635157  50.00000000  0.01623467  60.00000000  2320.62414926  0.99000000
0.05760968  58.00000000  0.05760968  60.00000000  2319.57069240  0.99000000
0.04635157  50.00000000  0.01547652  60.00000000  2320.62295189  0.99000000
0.04635785  50.00000000  0.01548177  60.00000000  2320.62313658  0.99000000
0.00919976  51.00000000  0.00609721  60.00000000  2320.23610706  0.99000000
0.04635157  50.00000000  0.01547652  60.00000000  2320.62295189  0.99000000
0.01576591  58.00000000  0.01576591  60.00000000  2102.33686299  0.99000000
0.04635157  50.00000000  0.01547652  60.00000000  2320.62295189  0.99000000
0.14967191  58.00000000  0.14967191  60.00000000  2305.25229144  0.99000000
0.04635157  50.00000000  0.01547652  60.00000000  2320.62295189  0.99000000
0.04635157  50.00000000  0.01547652  60.00000000  2320.62295189  0.99000000
