62
16
37
19
40
58
12
14
40
39
34
38
42
1
34
37
53
2
50
14
33
46
3
34
25
4
52
37
4
0
46
5
6
2
6
31
27
7
19
63
8
49
8
21
36
9
5
47
41
50
40
3
11
2
23
12
4
34
55
13
36
8
57
59
27
59
15
27
6
50
57
62
17
58
4
12
18
48
39
18
19
63
32
5
21
21
41
35
53
43
3
53
23
23
56
24
37
63
46
37
25
24
26
14
26
0
0
53
48
27
51
42
62
29
42
1
0
59
12
31
3
31
45
46
19
57
19
9
46
18
15
15
34
64
48
36
3
61
36
60
14
37
64
61
52
62
52
11
29
53
40
54
60
59
39
55
38
42
63
14
37
29
26
29
14
64
62
46
36
16
4
47
47
62
63
48
5
6
61
64
31
34
33
30
14
48
22
52
29
25
9
20
28
41
22
10
45
12
56
2
18
52
36
2
44
16
61
52
60
0
62
15
64
6
58
40
62
60
58
64
49
54
63
42
63
50
63
54
63
59
62
63
62
27
58
63
40
63
64
64
64
64
64
58
63
59
63
26
14
41
26
5
64
57
57
51
60
59
37
61
61
63
11
10
21
28
60
30
7
44
34
63
11
42
63
61
63
61
64
10
34
11
61
64
28
20
37
64
61
16
