16
17
27
7
8
19
10
28
9
9
32
12
17
29
1
1
10
16
12
2
11
2
22
2
3
3
24
18
23
4
4
22
14
5
16
5
15
6
16
6
6
2
7
7
17
4
8
8
23
18
9
19
4
19
10
10
20
21
11
11
7
21
12
7
12
22
13
27
23
1
14
14
6
24
15
14
15
25
6
13
1
26
16
17
27
11
12
18
32
28
11
18
32
19
17
29
18
30
20
21
20
21
32
31
22
22
3
3
32
1
17
4
16
14
14
24
16
26
6
6
16
29
21
30
31
28
31
31
17
31
31
13
31
29
31
31
29
31
31
31
27
31
31
29
26
31
31
29
31
31
32
23
31
32
31
27
32
32
21
31
31
13
31
30
