30
7
9
27
27
11
18
7
18
13
15
14
12
13
29
0
9
1
16
1
18
13
21
1
2
31
2
20
1
0
3
26
3
21
13
13
4
20
4
1
20
5
1
5
2
2
15
6
6
16
5
16
7
7
3
18
21
17
18
8
2
8
9
24
24
9
19
6
10
32
10
20
11
11
6
21
11
12
8
29
12
22
13
13
7
13
23
32
10
32
14
24
13
15
10
25
9
29
16
30
26
16
30
30
17
32
27
9
18
18
18
13
8
28
19
1
29
0
5
1
14
20
8
30
21
13
7
31
2
5
31
0
32
3
24
24
32
24
4
18
13
1
14
14
15
15
23
15
10
27
26
26
5
7
28
30
31
30
32
31
29
31
32
32
32
31
5
31
31
6
31
32
29
31
11
31
28
31
31
32
26
31
12
32
31
13
32
12
0
32
5
32
5
31
31
31
31
31
9
31
15
31
26
20
1
