7
51
39
52
40
13
54
1
49
55
2
56
3
46
4
2
5
5
48
6
5
7
20
8
30
9
21
10
41
11
7
12
53
57
13
14
27
15
55
16
35
8
18
31
19
5
32
20
21
34
22
34
23
16
16
58
25
38
26
13
47
12
28
41
42
43
3
63
32
45
32
33
46
52
22
35
22
59
49
63
50
25
51
39
52
40
53
54
18
1
55
60
56
57
3
18
6
5
5
48
60
26
7
46
62
46
8
23
64
9
39
36
53
53
57
13
14
64
61
63
61
55
63
62
63
63
63
63
63
63
63
63
63
64
62
63
58
63
58
63
52
63
28
4
63
57
63
31
64
46
60
0
63
46
62
64
64
61
61
49
63
50
49
