38
8
58
8
11
9
54
1
17
2
2
2
3
41
4
58
5
5
60
6
61
7
3
2
8
9
6
10
44
31
11
12
52
13
26
14
2
15
42
28
16
17
8
18
63
19
33
20
5
33
34
22
61
64
18
25
38
13
26
27
47
47
16
41
42
58
30
31
44
32
21
33
15
46
47
11
60
15
31
36
50
38
57
57
40
57
53
54
35
1
2
44
56
57
15
0
58
47
59
60
6
61
42
7
62
63
34
34
64
9
45
45
33
13
13
36
14
64
64
64
61
63
63
63
64
63
63
63
63
61
63
56
63
2
64
64
32
63
48
64
64
47
63
61
64
64
11
63
62
64
63
22
33
60
46
63
11
3
7
61
64
13
42
