63
29
52
40
53
13
54
1
17
2
2
44
3
2
4
28
5
5
18
6
2
7
53
8
20
9
35
10
42
11
23
12
45
13
51
14
28
64
0
16
17
17
13
30
19
61
20
3
21
7
22
22
13
23
62
37
24
25
11
39
27
28
41
29
42
49
30
31
44
17
21
55
46
33
13
30
63
49
50
17
38
22
34
52
40
53
29
54
59
43
2
56
44
62
2
58
64
59
5
60
48
43
61
7
62
52
64
63
42
42
28
55
37
45
55
52
43
63
64
62
63
61
64
63
61
64
61
64
59
64
7
63
54
63
9
48
37
63
61
56
63
61
28
64
29
63
59
64
64
44
51
63
59
46
64
64
64
63
49
36
63
38
45
