31
51
14
40
24
40
18
1
16
2
2
60
3
2
4
16
5
5
6
19
7
7
62
8
7
41
21
10
37
53
5
7
12
13
6
26
14
15
28
61
5
2
17
18
31
61
20
3
34
61
34
61
22
23
37
61
25
38
60
54
40
11
28
41
42
4
63
43
2
45
25
46
33
46
47
35
48
49
37
60
50
15
51
26
40
24
53
54
58
16
55
44
60
57
38
58
4
5
59
62
60
61
7
62
49
43
63
37
25
47
53
47
56
57
58
38
26
64
63
61
61
63
60
57
63
61
55
64
63
64
42
63
42
63
61
63
61
63
64
64
42
64
60
56
64
63
60
63
56
60
63
61
61
64
62
47
62
64
64
37
62
54
39
