11
12
7
12
23
11
7
13
13
22
15
16
10
8
11
1
1
1
9
18
10
10
2
2
10
1
11
3
3
17
3
19
2
4
4
1
13
2
5
24
5
1
6
15
6
6
15
2
7
16
20
7
2
8
17
6
17
9
9
9
4
19
9
19
4
19
11
11
24
20
9
12
5
12
21
13
11
13
13
22
12
0
10
8
0
23
23
15
24
2
16
11
24
16
10
14
13
3
3
17
18
19
19
19
0
1
19
9
24
23
23
23
23
23
23
21
23
23
23
23
23
23
23
23
23
23
23
23
23
23
20
23
23
22
20
23
22
23
20
23
21
