32
11
20
35
21
7
8
8
22
8
9
9
23
1
1
1
1
10
11
2
2
2
2
3
12
3
3
3
4
4
21
4
4
5
5
5
6
5
16
6
6
17
7
7
8
7
18
8
7
18
9
19
9
19
10
10
10
11
21
21
21
22
12
12
23
8
13
23
14
24
28
35
14
15
15
15
25
26
16
16
12
17
17
18
17
17
17
33
28
19
33
35
29
34
30
20
35
21
35
35
21
22
22
35
18
23
19
17
36
20
25
0
24
21
20
26
3
22
27
3
22
22
4
21
21
36
36
36
24
36
5
23
35
23
35
31
26
31
27
28
35
35
26
35
35
27
36
36
36
36
35
35
36
36
35
35
36
35
36
13
36
36
28
35
35
35
35
35
35
33
35
16
35
36
17
17
35
35
35
2
36
19
35
36
35
33
