11
8
21
24
21
7
20
7
0
22
14
24
13
8
23
1
23
1
9
9
10
18
16
2
16
11
17
17
3
16
3
12
15
4
4
13
4
13
0
5
23
14
5
5
5
6
15
21
21
24
7
24
24
2
8
17
8
17
3
9
3
18
3
9
10
19
24
19
24
11
10
20
11
4
11
11
21
8
13
7
22
13
22
14
2
0
23
14
23
15
9
2
9
24
16
1
16
16
0
11
17
1
5
15
15
11
19
15
4
1
0
24
23
22
23
5
24
21
24
21
19
24
22
24
24
24
24
24
24
24
17
23
22
23
13
14
24
24
24
24
9
24
24
23
1
