8
8
20
24
21
0
10
17
14
8
13
22
8
14
15
1
9
1
9
9
10
16
2
19
2
11
10
0
22
3
24
19
19
0
4
0
23
13
0
5
13
24
1
6
15
6
2
23
15
15
23
7
21
0
21
17
7
3
9
9
9
21
18
9
23
23
20
19
23
11
3
20
24
20
20
12
21
4
21
8
14
14
13
22
9
14
8
9
23
15
23
16
16
16
5
24
2
11
10
9
10
14
13
16
3
15
8
0
2
1
20
5
9
23
18
23
20
22
23
23
24
24
23
23
5
23
21
16
23
22
23
9
23
21
23
21
23
23
6
24
22
20
24
21
24
