4
20
8
10
6
21
11
22
14
7
14
7
7
22
8
9
1
17
1
9
16
10
2
10
2
0
12
11
3
18
3
16
2
1
19
4
3
13
17
14
5
22
14
3
23
6
24
15
24
15
7
16
24
16
17
8
0
24
17
9
18
23
18
22
10
21
19
10
7
11
20
24
20
20
10
10
12
21
5
22
13
22
6
22
7
24
23
13
23
23
12
14
16
24
7
24
11
0
10
17
14
18
3
16
13
16
17
4
20
1
4
2
18
23
23
22
23
23
24
24
24
11
24
0
24
6
24
20
0
24
3
24
24
24
24
22
24
22
15
24
7
24
24
24
1
