11
7
6
12
6
21
19
10
12
22
0
8
22
8
9
1
14
1
9
24
10
10
2
2
15
2
11
24
3
0
3
22
23
13
4
17
18
13
17
5
1
5
20
5
6
23
6
15
23
2
7
16
3
16
22
17
23
17
2
9
22
18
21
18
19
19
19
6
11
24
11
20
11
7
6
12
6
21
8
2
12
22
8
22
14
13
6
1
23
1
14
9
15
10
24
14
13
4
17
16
5
9
18
5
2
17
17
11
4
20
17
10
23
23
6
23
23
23
23
22
23
18
23
20
24
24
23
5
23
20
0
23
22
23
1
24
2
19
24
11
21
24
6
13
17
