14
0
8
0
21
21
21
7
15
13
8
0
0
11
15
8
1
23
1
10
14
13
1
2
17
1
11
12
3
3
3
12
1
4
13
4
1
13
20
5
21
5
15
14
6
0
6
21
24
7
16
7
23
16
23
8
0
17
5
9
18
3
18
10
19
7
10
19
4
23
23
23
20
0
12
0
21
3
21
23
12
13
22
0
10
2
10
23
1
23
1
15
24
16
24
24
10
16
17
12
13
3
17
12
15
19
16
4
7
2
21
18
21
24
5
24
21
14
24
21
24
20
24
0
16
24
21
8
24
20
23
23
22
23
22
23
19
23
24
24
20
23
9
23
15
