20
7
11
6
9
11
9
24
23
8
22
0
15
8
15
1
23
1
15
10
15
16
2
10
2
11
0
20
11
3
12
18
12
4
18
4
22
14
5
5
18
1
14
23
6
3
15
24
15
7
4
7
4
17
8
3
8
17
22
22
22
18
20
10
19
10
24
19
0
11
2
4
20
0
11
21
0
21
13
7
23
13
22
3
14
8
14
7
23
15
10
11
11
16
24
10
12
16
9
12
12
9
4
4
12
11
19
4
6
19
5
5
21
23
22
23
23
23
22
23
11
7
23
7
23
24
23
20
23
11
23
23
22
23
19
23
20
23
23
18
23
17
23
4
24
