22
12
11
10
23
21
6
24
15
24
14
21
14
9
8
23
1
24
1
14
10
1
2
10
2
23
11
1
3
16
3
12
16
12
4
13
21
22
14
13
5
3
18
15
6
15
6
4
23
7
23
16
7
17
8
23
20
17
9
24
9
6
18
4
19
3
10
19
10
21
23
2
20
12
23
12
23
21
13
6
22
24
14
22
10
14
11
23
24
23
24
0
16
24
16
24
7
6
14
12
7
10
12
18
6
3
4
2
16
15
14
13
22
22
23
22
22
23
16
15
23
7
23
23
23
22
23
23
23
23
9
23
9
23
7
23
23
21
24
22
24
23
23
22
18
