11
20
8
9
24
6
24
6
24
24
14
22
8
9
8
1
8
1
15
16
24
9
15
2
10
10
10
18
3
12
3
17
17
12
4
24
18
21
19
5
5
5
21
22
14
6
14
15
16
15
7
23
7
16
17
8
23
1
17
0
22
19
10
18
19
10
3
19
4
6
24
20
11
20
7
12
24
21
13
6
8
24
14
22
14
13
8
23
8
7
23
16
12
13
14
24
17
0
18
18
3
0
4
3
19
12
19
17
17
9
9
19
5
22
23
3
23
22
23
23
23
23
23
23
7
23
16
22
23
22
21
23
18
23
23
15
23
23
5
24
20
24
24
24
24
