20
12
6
21
13
21
11
23
20
10
8
8
8
16
15
9
1
1
9
9
1
10
16
2
16
17
11
16
11
3
18
21
12
4
13
4
13
13
0
5
1
14
19
19
15
6
23
3
21
21
7
16
23
16
22
8
17
3
22
23
9
24
18
24
10
19
10
19
24
3
20
1
20
12
6
21
21
21
5
8
7
6
22
8
14
13
8
9
23
7
11
12
1
24
14
10
13
15
11
3
11
3
3
1
11
4
1
4
13
17
6
8
23
23
23
23
23
21
23
3
21
23
7
22
23
6
23
8
24
24
21
24
9
24
20
24
24
20
24
24
24
24
21
24
24
