11 11 9 6 5 3 8 6 6 6 12 5 12 1 5 4 2 3 0 0 11 11 11 0 11 1 9 12 5 5 0 0 0 0 11 1 5 5 1 7 0 0 1 6 8 7 3 0 2 2 0 3 3 4 10 11 4 11 11 12
5 10 8 9 6 12 6 6 4 5 9 5 0 5 2 5 2 2 0 10 0 0 0 7 11 11 0 10 10 10 10 2 3 6 4 4 4 11 11 11 11 11 11 11 11 9 2 12 12 12 11 8 6 0 0 10 1 0 0 0
9 1 6 10 10 0 4 0 0 3 0 3 0 0 5 7 11 11 9 10 10 9 11 6 1 11 8 0 0 0 0 0 0 0 4 0 0 0 0 0 0 0 0 0 0 0 0 0 0 0 7 11 8 8 8 11 8 11 0 6
8 11 9 9 10 6 6 9 9 9 0 0 0 2 2 2 0 0 0 0 4 7 10 12 1 0 0 2 5 2 2 2 2 2 2 9 2 2 0 9 0 0 0 11 4 0 0 6 4 0 4 4 7 2 2 1 2 2 7 2
8 2 10 5 11 9 6 10 6 5 6 9 0 2 0 0 8 7 2 10 4 11 9 2 0 0 0 3 3 4 4 4 10 1 4 4 11 0 4 3 11 2 10 7 3 9 3 3 4 7 0 2 4 10 0 6 9 11 4 11
10 11 9 0 6 5 8 9 6 6 1 0 0 6 2 2 7 2 0 9 0 4 5 10 0 4 3 4 0 1 7 1 9 1 7 2 2 6 11 11 11 0 1 3 3 11 2 0 11 5 11 8 11 5 4 7 1 1 7 6
11 11 9 9 6 6 6 11 5 0 0 12 7 0 0 12 0 10 0 10 2 2 2 2 4 12 10 2 2 2 2 2 6 4 2 2 11 2 2 11 9 1 4 11 5 0 0 0 0 0 0 0 0 0 0 0 0 8 0 0
11 11 4 12 6 4 6 9 9 1 0 10 0 6 0 11 11 0 2 11 1 10 8 12 3 11 2 6 0 0 0 7 12 1 11 11 11 11 11 0 0 3 0 7 0 11 0 5 0 9 0 2 2 2 2 2 2 2 2 4
11 11 9 9 6 6 6 4 9 9 5 3 2 11 4 11 11 11 11 11 2 11 3 0 3 8 11 11 1 0 0 0 0 2 10 0 10 0 7 0 4 0 4 3 5 1 0 7 0 0 12 5 4 7 11 11 11 12 2 2
9 11 10 9 6 6 6 6 9 0 0 0 0 0 0 1 5 8 2 7 0 0 11 0 12 11 9 10 9 11 11 11 11 10 5 0 3 0 0 0 0 0 11 2 3 0 1 4 9 8 3 2 9 8 11 12 8 10 11 10
