# Results obtained using DQN. CPU time: 34.80407643318176
0.00097534  58.00000000  0.00097534  60.00000000  1265.54705128  0.00000000
0.05679103  51.00000000  0.02171343  60.00000000  1986.98547819  0.00000000
0.00253982  56.00000000  0.00229124  60.00000000  2165.04223970  0.00000000
0.00039390  58.00000000  0.00039390  60.00000000  1689.64872818  0.00000000
0.02662278  58.00000000  0.02662278  60.00000000  2095.65402898  0.00000000
0.01372385  42.00000000  0.00128863  60.00000000  1412.42922010  0.00000000
0.00028899  47.00000000  0.00009237  60.00000000  1258.62763764  0.00000000
0.00001322  46.00000000  0.00000466  60.00000000  1138.65891680  0.00000000
0.00363310  48.00000000  0.00146940  60.00000000  2174.01121904  0.00240739
0.00183668  52.00000000  0.00136500  60.00000000  1932.84837190  0.00653435
0.00016888  58.00000000  0.00016888  60.00000000  1382.29209073  0.01066130
0.00043441  54.00000000  0.00031022  60.00000000  1078.51360545  0.01478826
0.00003546  45.00000000  0.00003030  60.00000000  1241.54369804  0.01891521
0.01293442  55.00000000  0.01181484  60.00000000  2250.28433067  0.02304217
0.00038715  57.00000000  0.00030962  60.00000000  1290.65564492  0.02716912
0.01324114  52.00000000  0.01296222  60.00000000  2345.53156870  0.03129608
0.00071715  58.00000000  0.00071715  60.00000000  1598.81394867  0.03542304
0.01383073  57.00000000  0.01378060  60.00000000  1108.46918666  0.03954999
0.00269540  45.00000000  0.00236351  60.00000000  1705.67157965  0.04367695
0.00009827  53.00000000  0.00000314  60.00000000  1447.36037236  0.04780390
0.00118457  58.00000000  0.00118457  60.00000000  1378.91442614  0.05193086
0.00038254  57.00000000  0.00016795  60.00000000  1528.71173366  0.05605781
0.00809982  58.00000000  0.00809982  60.00000000  1721.34337282  0.06018477
0.00860377  58.00000000  0.00860377  60.00000000  1826.24680788  0.06431173
0.00084096  54.00000000  0.00040599  60.00000000  1494.92784410  0.06843868
0.00054882  51.00000000  0.00000264  60.00000000  1569.80529000  0.07256564
0.01065572  52.00000000  0.00886261  60.00000000  1797.83104505  0.07669259
0.00245273  58.00000000  0.00245273  60.00000000  1234.21667573  0.08081955
0.00048576  44.00000000  0.00014263  60.00000000  1396.71264460  0.08494650
0.02168303  57.00000000  0.01970938  60.00000000  2484.63837195  0.08907346
0.00010256  51.00000000  0.00006841  60.00000000  1417.28393250  0.09320042
0.00241867  56.00000000  0.00109981  60.00000000  1287.09080190  0.09732737
0.00130766  58.00000000  0.00130766  60.00000000  1306.11938995  0.10145433
0.00168269  49.00000000  0.00004220  60.00000000  1436.02377887  0.10558128
0.00086365  58.00000000  0.00086365  60.00000000  1745.57090964  0.10970824
0.00071554  58.00000000  0.00071554  60.00000000  1851.99105107  0.11383519
0.00677121  49.00000000  0.00103673  60.00000000  1332.56076843  0.11796215
0.00008975  58.00000000  0.00008975  60.00000000  1359.40477264  0.12208910
0.00027209  52.00000000  0.00006202  60.00000000  1838.86644322  0.12621606
0.01384952  58.00000000  0.01384952  60.00000000  2729.82350837  0.13034302
0.00153775  58.00000000  0.00153775  60.00000000  2066.10355108  0.13446997
0.00354917  56.00000000  0.00315524  60.00000000  2403.77944361  0.13859693
0.00239212  58.00000000  0.00239212  60.00000000  1279.85571057  0.14272388
0.00055982  56.00000000  0.00054536  60.00000000  1128.60097334  0.14685084
0.01228572  57.00000000  0.01224215  60.00000000  2408.38956521  0.15097779
0.00019859  55.00000000  0.00011027  60.00000000  1588.04193091  0.15510475
0.00215384  58.00000000  0.00215384  60.00000000  1361.00184646  0.15923171
0.00376704  53.00000000  0.00268381  60.00000000  1432.56183630  0.16335866
0.01772506  58.00000000  0.01772506  60.00000000  2210.01345236  0.16748562
0.00599752  58.00000000  0.00599752  60.00000000  1874.71574308  0.17161257
0.00606369  58.00000000  0.00606369  60.00000000  3117.59582970  0.17573953
0.00421420  58.00000000  0.00421420  60.00000000  1950.62759892  0.17986648
0.00323850  58.00000000  0.00323850  60.00000000  1528.77444906  0.18399344
0.05534172  58.00000000  0.05534172  60.00000000  1914.71550247  0.18812040
0.00076817  58.00000000  0.00076817  60.00000000  1578.12991430  0.19224735
0.00169265  58.00000000  0.00169265  60.00000000  1907.67728742  0.19637431
0.01725486  55.00000000  0.01032571  60.00000000  2211.56028150  0.20050126
0.00173020  56.00000000  0.00172526  60.00000000  1426.54065765  0.20462822
0.00030128  58.00000000  0.00030128  60.00000000  1511.99462515  0.20875517
0.00272083  56.00000000  0.00245574  60.00000000  1559.24006477  0.21288213
0.10792505  58.00000000  0.10792505  60.00000000  3068.58837239  0.21700909
0.00554910  53.00000000  0.00080245  60.00000000  1951.79909280  0.22113604
0.00025768  48.00000000  0.00013447  60.00000000  1399.56132216  0.22526300
0.00111238  58.00000000  0.00111238  60.00000000  1913.87315036  0.22938995
0.00043137  54.00000000  0.00041991  60.00000000  1276.31476042  0.23351691
0.00034866  50.00000000  0.00025523  60.00000000  1435.16748031  0.23764386
0.00784000  49.00000000  0.00551604  60.00000000  2231.18541574  0.24177082
0.04708864  58.00000000  0.04708864  60.00000000  2691.02572227  0.24589777
0.00614817  36.00000000  0.00027758  60.00000000  2249.41385674  0.25002473
0.00092738  58.00000000  0.00092738  60.00000000  1456.67384485  0.25415169
0.02804766  56.00000000  0.02660240  60.00000000  2572.69930337  0.25827864
0.00947365  57.00000000  0.00890111  60.00000000  2241.65892465  0.26240560
0.00038013  56.00000000  0.00031918  60.00000000  1715.41755427  0.26653255
0.00201251  58.00000000  0.00201251  60.00000000  2588.93163975  0.27065951
0.02691552  58.00000000  0.02691552  60.00000000  2606.91490214  0.27478646
0.01675964  58.00000000  0.01675964  60.00000000  2424.81662676  0.27891342
0.00685204  58.00000000  0.00685204  60.00000000  1550.81698105  0.28304038
0.03008719  50.00000000  0.00498264  60.00000000  2435.22768671  0.28716733
0.00204764  58.00000000  0.00204764  60.00000000  2638.65799223  0.29129429
0.00233510  58.00000000  0.00233510  60.00000000  1314.55910452  0.29542124
0.07806629  58.00000000  0.07806629  60.00000000  2045.88628945  0.29954820
0.00015932  44.00000000  0.00001605  60.00000000  1924.19972646  0.30367515
0.01861884  58.00000000  0.01861884  60.00000000  2727.74206010  0.30780211
0.02946847  51.00000000  0.01690908  60.00000000  1378.35249371  0.31192907
0.00025850  49.00000000  0.00001902  60.00000000  1252.47545351  0.31605602
0.00892017  40.00000000  0.00442466  60.00000000  2519.83360249  0.32018298
0.00034685  58.00000000  0.00034685  60.00000000  1505.98320011  0.32430993
0.00156548  58.00000000  0.00156548  60.00000000  1638.58273891  0.32843689
0.01596840  53.00000000  0.01564245  60.00000000  1970.18887007  0.33256384
0.04903065  58.00000000  0.04903065  60.00000000  2033.77794940  0.33669080
0.00154302  49.00000000  0.00042993  60.00000000  1718.13329781  0.34081776
0.01833027  52.00000000  0.00331885  60.00000000  1358.57566349  0.34494471
0.00648385  53.00000000  0.00522818  60.00000000  1851.22454379  0.34907167
0.34678306  57.00000000  0.34579108  60.00000000  2328.86205004  0.35319862
0.02060336  57.00000000  0.02047268  60.00000000  1794.32917056  0.35732558
0.07986727  56.00000000  0.07424962  60.00000000  1947.21738500  0.36145253
0.02921492  51.00000000  0.00664873  60.00000000  2300.72015770  0.36557949
0.00061128  58.00000000  0.00061128  60.00000000  2552.43443235  0.36970644
0.03404390  58.00000000  0.03404390  60.00000000  1256.97435028  0.37383340
0.00131656  51.00000000  0.00021960  60.00000000  2220.73384205  0.37796036
0.01235009  43.00000000  0.00839642  60.00000000  2931.92347203  0.38208731
0.01096410  57.00000000  0.00953279  60.00000000  2536.47882517  0.38621427
0.00049519  57.00000000  0.00029912  60.00000000  1748.84217278  0.39034122
0.02645768  58.00000000  0.02645768  60.00000000  3050.58388108  0.39446818
0.00746266  58.00000000  0.00746266  60.00000000  2128.27821315  0.39859513
0.00420098  46.00000000  0.00382374  60.00000000  2780.64580301  0.40272209
0.00156654  58.00000000  0.00156654  60.00000000  1651.76753559  0.40684905
0.00897701  58.00000000  0.00897701  60.00000000  2032.79112001  0.41097600
0.00208514  51.00000000  0.00164729  60.00000000  2486.14794019  0.41510296
0.00035204  58.00000000  0.00035204  60.00000000  1752.71058796  0.41922991
0.07259680  49.00000000  0.02044321  60.00000000  3138.31511536  0.42335687
0.04332868  58.00000000  0.04332868  60.00000000  1905.18683189  0.42748382
0.00536320  58.00000000  0.00536320  60.00000000  2869.69358485  0.43161078
0.00113213  55.00000000  0.00017610  60.00000000  1714.48802086  0.43573774
0.02313119  58.00000000  0.02313119  60.00000000  1165.40362536  0.43986469
0.03660983  57.00000000  0.03617256  60.00000000  2674.76927033  0.44399165
0.00113177  58.00000000  0.00113177  60.00000000  2355.35438465  0.44811860
0.00112805  47.00000000  0.00022732  60.00000000  1871.31415321  0.45224556
0.00208529  58.00000000  0.00208529  60.00000000  1400.92151293  0.45637251
0.00087061  40.00000000  0.00039043  60.00000000  1074.22323525  0.46049947
0.00086866  51.00000000  0.00076722  60.00000000  2479.85839784  0.46462642
0.01814440  58.00000000  0.01814440  60.00000000  1688.48267171  0.46875338
0.00985036  58.00000000  0.00985036  60.00000000  2318.77627333  0.47288034
0.00509961  57.00000000  0.00478505  60.00000000  1420.80943631  0.47700729
0.02008180  58.00000000  0.02008180  60.00000000  2993.78098506  0.48113425
0.00086901  52.00000000  0.00064619  60.00000000  1570.80028603  0.48526120
0.01615930  56.00000000  0.01356819  60.00000000  1842.78114772  0.48938816
0.02105170  58.00000000  0.02105170  60.00000000  2021.82535447  0.49351511
0.00304924  46.00000000  0.00208365  60.00000000  1704.97947147  0.49764207
0.00249697  58.00000000  0.00249697  60.00000000  1741.94690018  0.50176903
0.00612341  58.00000000  0.00612341  60.00000000  2658.75989508  0.50589598
0.00709096  47.00000000  0.00630031  60.00000000  2674.80364379  0.51002294
0.01052670  56.00000000  0.00697030  60.00000000  1415.13713903  0.51414989
0.01624532  56.00000000  0.00577940  60.00000000  3085.04399264  0.51827685
0.00557799  58.00000000  0.00557799  60.00000000  1784.18518521  0.52240380
0.00785826  58.00000000  0.00785826  60.00000000  2982.49652974  0.52653076
0.00684566  54.00000000  0.00648000  60.00000000  2423.58715706  0.53065772
0.03061876  58.00000000  0.03061876  60.00000000  1768.80732827  0.53478467
0.01067789  58.00000000  0.01067789  60.00000000  2025.88601636  0.53891163
0.01820140  50.00000000  0.01342572  60.00000000  1844.83486527  0.54303858
0.05248909  55.00000000  0.04609000  60.00000000  1941.27483634  0.54716554
0.08147782  56.00000000  0.06204722  60.00000000  2805.73390320  0.55129249
0.00179098  44.00000000  0.00015557  60.00000000  2936.55572834  0.55541945
0.02867512  54.00000000  0.02484296  60.00000000  2617.57469852  0.55954641
0.01753972  58.00000000  0.01753972  60.00000000  2176.78374230  0.56367336
0.00128119  44.00000000  0.00004169  60.00000000  1798.46388896  0.56780032
0.00212304  57.00000000  0.00209819  60.00000000  1326.50560985  0.57192727
0.00621939  58.00000000  0.00621939  60.00000000  2951.96451826  0.57605423
0.00308374  58.00000000  0.00308374  60.00000000  1149.82845658  0.58018118
0.00442810  56.00000000  0.00409939  60.00000000  1955.54090918  0.58430814
0.00487395  58.00000000  0.00487395  60.00000000  2275.71904168  0.58843509
0.00184956  53.00000000  0.00027701  60.00000000  1325.86085206  0.59256205
0.01270958  40.00000000  0.00242864  60.00000000  2948.61901861  0.59668901
0.01091837  58.00000000  0.01091837  60.00000000  1806.67712992  0.60081596
0.02825156  54.00000000  0.02314271  60.00000000  1943.08913743  0.60494292
0.00140656  43.00000000  0.00014730  60.00000000  2223.19200517  0.60906987
0.01093012  55.00000000  0.00976840  60.00000000  2106.96145919  0.61319683
0.03374180  58.00000000  0.03374180  60.00000000  2861.09242944  0.61732378
0.00603262  57.00000000  0.00597139  60.00000000  2119.17904298  0.62145074
0.00157925  44.00000000  0.00086038  60.00000000  1593.13170566  0.62557770
0.00393595  58.00000000  0.00393595  60.00000000  1321.37071277  0.62970465
0.02094378  58.00000000  0.02094378  60.00000000  2147.48159739  0.63383161
0.20938669  58.00000000  0.20938669  60.00000000  2938.05149291  0.63795856
0.04820466  39.00000000  0.03620302  60.00000000  3013.82837122  0.64208552
0.07935423  54.00000000  0.07853469  60.00000000  1885.59721374  0.64621247
0.00292843  56.00000000  0.00211591  60.00000000  1513.46195432  0.65033943
0.09239451  58.00000000  0.09239451  60.00000000  2742.13642407  0.65446639
0.00369785  58.00000000  0.00369785  60.00000000  1857.57579321  0.65859334
0.02080063  52.00000000  0.01389594  60.00000000  3030.72715195  0.66272030
0.01443762  58.00000000  0.01443762  60.00000000  2882.11496318  0.66684725
0.00899185  48.00000000  0.00659138  60.00000000  1463.91068395  0.67097421
0.10182730  51.00000000  0.08021674  60.00000000  1642.39195133  0.67510116
0.00602870  57.00000000  0.00587886  60.00000000  2888.35923776  0.67922812
0.00544933  46.00000000  0.00096239  60.00000000  2602.64351127  0.68335507
0.07920813  55.00000000  0.05693402  60.00000000  3591.72599464  0.68748203
0.06686710  57.00000000  0.06586176  60.00000000  2999.75295678  0.69160899
0.00312769  58.00000000  0.00312769  60.00000000  1507.28309708  0.69573594
0.03242707  58.00000000  0.03242707  60.00000000  1613.94770924  0.69986290
0.04200017  41.00000000  0.01870960  60.00000000  2936.24823134  0.70398985
0.00004447  58.00000000  0.00004447  60.00000000  1375.40912286  0.70811681
0.00102681  45.00000000  0.00019333  60.00000000  2818.35273217  0.71224376
0.01216674  58.00000000  0.01216674  60.00000000  2062.22030084  0.71637072
0.13650175  50.00000000  0.03406341  60.00000000  2441.35447929  0.72049768
0.10764236  52.00000000  0.03485695  60.00000000  3524.24566355  0.72462463
0.00386857  58.00000000  0.00386857  60.00000000  2383.09444609  0.72875159
0.00575734  53.00000000  0.00505560  60.00000000  3001.31085503  0.73287854
0.00796697  57.00000000  0.00588759  60.00000000  1272.53616671  0.73700550
0.03824350  54.00000000  0.01983320  60.00000000  3075.19738672  0.74113245
0.23046603  58.00000000  0.23046603  60.00000000  3144.45152524  0.74525941
0.00626504  42.00000000  0.00401548  60.00000000  1991.12902619  0.74938637
0.02806939  54.00000000  0.02269072  60.00000000  1460.63147054  0.75351332
0.01562942  52.00000000  0.00814183  60.00000000  1462.83307881  0.75764028
0.00776229  58.00000000  0.00776229  60.00000000  2934.70421980  0.76176723
0.00203820  57.00000000  0.00197841  60.00000000  1223.02357579  0.76589419
0.00570104  46.00000000  0.00019493  60.00000000  2856.93756927  0.77002114
0.02538338  44.00000000  0.01201085  60.00000000  2300.49412935  0.77414810
0.01273249  49.00000000  0.00298027  60.00000000  1519.76658573  0.77827506
0.03507700  47.00000000  0.01410200  60.00000000  3105.65570698  0.78240201
0.03205161  39.00000000  0.00407186  60.00000000  2029.15274290  0.78652897
0.02583718  49.00000000  0.01894637  60.00000000  2849.96987065  0.79065592
0.03218476  57.00000000  0.02696033  60.00000000  2994.07400279  0.79478288
