32
22
6
7
36
34
29
31
11
10
20
17
15
14
13
0
16
35
23
1
23
29
1
30
34
35
11
19
2
0
36
22
28
35
21
3
13
25
20
13
23
22
4
24
14
21
14
28
5
3
28
2
3
28
6
16
25
16
7
1
24
7
29
27
29
2
8
32
0
19
9
26
31
35
25
10
20
0
10
0
7
31
11
0
11
34
22
36
12
22
7
5
35
32
13
34
6
5
29
24
0
14
4
4
34
35
4
15
36
26
16
2
0
16
34
36
27
35
8
7
18
28
18
35
29
34
33
18
2
33
30
20
6
30
36
35
10
31
5
21
20
4
0
32
2
35
16
35
23
33
23
0
16
24
34
24
1
2
2
13
24
10
7
35
14
36
26
1
16
13
36
6
3
16
27
8
14
7
28
6
18
29
29
22
9
29
29
3
7
24
31
2
34
27
33
32
36
27
32
27
29
34
35
35
33
10
3
36
4
23
33
23
36
0
36
34
35
8
36
23
35
5
35
32
34
34
13
35
29
32
32
34
6
9
35
22
34
22
20
34
16
35
0
30
34
1
21
35
8
7
34
9
32
35
24
9
33
9
10
9
