0
7
20
20
20
7
21
21
0
19
25
22
36
19
14
22
36
10
9
1
21
1
33
10
1
25
0
2
11
17
21
22
25
18
3
2
18
14
20
27
36
4
19
1
19
25
5
21
5
23
30
1
26
6
26
16
17
6
33
7
31
30
0
7
29
8
3
8
18
8
25
19
9
19
27
4
34
3
10
26
35
5
6
3
32
36
22
12
22
22
12
9
9
23
13
36
7
32
14
24
25
14
4
31
4
15
26
8
4
2
0
26
16
5
27
6
32
27
2
33
12
28
0
0
18
7
29
34
19
29
0
20
20
14
20
7
7
11
31
14
7
10
20
20
32
22
36
12
23
33
7
23
33
10
12
7
0
34
21
25
21
1
25
3
35
25
18
3
13
11
36
4
13
26
18
0
5
18
5
16
27
1
9
26
26
1
30
5
29
7
31
30
0
31
6
35
36
8
36
8
36
36
20
36
17
32
36
35
32
35
36
35
3
3
35
31
27
29
35
14
26
36
31
36
13
36
7
35
11
24
35
29
10
14
35
29
26
36
4
2
36
26
34
29
34
33
31
36
0
33
12
35
0
34
35
12
7
3
19
36
