8
6
8
13
15
17
32
15
9
24
29
22
23
31
22
32
9
32
35
1
10
1
10
1
15
27
28
2
30
2
2
12
19
2
3
1
31
22
3
13
19
4
27
29
1
36
5
15
5
21
15
29
15
6
23
1
2
17
7
31
7
23
29
32
31
8
18
4
1
2
19
9
19
19
4
35
20
25
10
35
1
11
35
21
11
21
3
22
35
12
33
3
4
36
23
34
7
13
1
24
30
14
2
25
30
15
36
35
1
30
5
26
8
34
16
17
34
27
36
17
34
3
35
18
12
0
12
29
13
34
10
7
20
30
19
20
14
15
9
31
6
17
7
22
22
32
17
32
35
23
36
33
10
33
10
5
6
2
34
2
2
12
3
35
3
1
2
35
3
13
8
4
27
36
13
36
28
3
18
5
15
29
4
15
15
7
2
8
7
31
24
31
6
14
31
35
18
35
23
31
35
33
36
35
9
35
13
35
33
35
1
35
35
36
36
24
35
30
35
35
33
35
29
36
36
36
3
35
34
10
9
35
2
25
30
35
25
35
1
36
33
35
28
35
1
31
36
20
36
17
35
3
14
35
5
27
35
14
32
33
