10
20
8
36
24
0
8
21
30
21
32
31
20
34
34
22
9
17
16
1
18
1
33
22
1
22
19
11
2
20
26
19
1
19
12
0
3
1
19
14
36
4
14
34
36
36
15
5
36
27
2
24
0
6
6
6
36
22
18
17
7
24
1
17
20
8
20
34
32
35
35
30
9
25
0
4
35
27
10
4
30
26
21
11
22
0
28
4
22
2
32
30
13
23
30
13
31
8
14
35
24
9
1
25
15
14
25
15
26
8
8
10
9
3
6
27
17
9
17
3
33
18
28
13
18
29
35
35
19
13
13
20
36
30
0
0
20
21
31
0
32
31
34
36
34
2
22
17
16
1
17
33
7
13
9
24
19
34
2
34
20
19
20
19
14
35
10
1
16
1
36
27
14
4
36
1
15
0
10
19
16
21
16
10
6
6
9
22
18
10
7
24
24
16
25
35
15
35
32
35
36
35
9
35
0
11
36
12
36
33
35
28
35
11
35
10
30
4
35
6
36
3
36
23
35
35
35
1
36
32
14
32
1
36
34
34
14
18
31
36
33
5
32
30
36
27
8
34
36
22
34
35
15
35
18
34
35
15
35
36
