5
0
30
10
17
30
13
21
15
12
9
22
36
0
24
9
36
34
10
1
34
36
1
10
18
16
24
2
11
2
11
31
25
2
3
34
32
14
3
22
26
4
0
21
36
27
23
5
32
5
15
5
25
6
25
22
1
2
28
7
17
3
30
3
3
8
1
24
31
8
32
4
19
9
32
35
35
35
36
36
21
11
8
11
33
8
34
35
22
12
32
35
23
13
4
23
13
4
34
29
30
14
9
35
15
25
0
15
34
9
16
26
16
1
34
27
2
5
33
17
33
2
28
0
11
18
19
33
29
19
5
35
30
10
36
30
9
21
21
20
31
14
36
10
22
32
36
6
10
8
7
36
33
3
18
5
24
19
16
34
2
1
25
19
17
35
26
12
17
36
9
4
19
21
36
27
7
5
3
5
15
8
7
6
15
10
1
30
21
20
6
19
30
14
14
7
35
32
36
36
36
35
33
35
32
35
20
35
33
35
35
35
1
33
35
8
2
29
35
6
32
35
8
35
34
36
35
28
35
32
16
2
17
35
23
34
34
7
35
10
30
10
21
35
30
31
12
35
33
29
33
2
36
34
31
18
1
36
29
34
