22
34
30
11
23
35
33
7
20
13
31
19
8
29
13
17
16
32
36
16
1
15
19
1
10
1
16
2
22
2
25
2
23
3
18
3
35
2
1
27
4
23
36
4
14
29
21
5
21
5
15
5
6
15
6
23
29
3
1
3
7
17
23
30
29
18
8
35
18
32
26
19
9
25
26
0
2
10
20
2
4
4
11
26
34
28
1
22
34
12
22
30
23
30
36
13
23
29
31
35
14
34
32
35
0
6
15
25
6
15
16
26
35
16
27
1
33
36
34
33
17
34
28
36
13
19
8
19
29
13
9
19
8
6
30
35
9
21
3
0
21
31
8
5
16
22
16
32
36
35
4
17
2
1
33
6
10
2
34
2
11
18
36
11
18
3
35
2
18
27
4
16
36
16
1
36
21
15
25
28
29
26
6
27
9
17
29
16
1
26
7
17
23
30
7
27
35
36
35
35
35
35
8
30
35
2
22
34
17
35
4
9
31
16
35
26
26
35
34
35
22
19
36
28
8
36
23
34
10
35
14
34
32
35
27
1
35
25
27
35
19
15
35
16
14
35
33
36
36
0
31
36
27
36
34
35
32
34
29
13
