5
11
20
12
30
9
19
31
10
32
21
31
36
21
20
17
32
17
10
1
32
20
1
20
24
23
17
11
2
34
12
21
28
24
12
3
35
1
1
13
36
4
36
22
14
0
21
5
0
15
5
2
34
6
25
16
6
27
7
25
7
0
31
18
36
8
35
18
3
25
19
9
1
19
28
33
10
35
10
21
25
4
2
11
21
22
30
12
12
2
12
0
31
0
34
23
24
13
35
33
14
24
2
32
15
36
2
15
34
5
26
7
0
10
27
36
17
9
27
13
28
4
17
28
3
18
32
29
2
5
5
34
20
12
30
36
19
31
15
32
21
31
9
21
32
20
32
17
16
16
23
33
1
13
1
24
18
11
34
7
2
24
19
13
16
35
17
0
1
13
4
27
36
10
12
0
2
7
0
28
5
21
1
6
1
8
8
10
7
3
7
14
31
18
36
36
1
36
3
35
19
35
33
35
10
9
10
35
13
25
2
28
35
27
31
33
35
2
30
35
34
28
35
24
36
23
35
13
35
11
33
36
1
36
35
36
32
36
33
30
26
36
0
15
33
10
36
32
13
36
34
35
17
34
35
18
15
35
1
35
