34
22
16
16
20
8
36
8
15
29
18
24
9
32
22
36
13
9
22
1
26
1
10
10
1
35
2
36
2
0
12
12
0
21
3
13
18
3
14
30
23
4
1
14
0
30
5
23
5
15
22
21
26
6
16
22
1
2
7
7
4
7
6
1
28
8
19
18
28
8
36
9
34
26
31
9
31
10
36
21
33
27
11
21
28
28
7
12
30
28
12
35
4
31
23
13
23
24
31
14
5
6
0
25
3
15
6
7
34
26
3
26
32
31
8
27
16
17
3
6
5
4
28
9
13
2
29
8
19
7
9
16
16
30
20
35
36
3
9
31
18
15
15
32
22
36
13
9
22
10
15
33
24
10
24
13
2
34
8
1
11
8
20
21
35
25
26
3
14
20
36
27
1
14
27
16
5
15
22
22
28
20
26
21
21
22
22
2
7
25
4
6
23
12
35
35
35
36
33
8
36
30
33
19
36
10
18
35
36
34
35
28
11
35
14
28
35
26
30
35
35
35
10
12
35
33
13
36
34
36
5
33
35
25
35
24
35
35
4
36
32
31
36
36
11
35
16
13
12
35
5
11
35
7
13
35
16
32
35
11
