20
35
15
26
16
16
27
11
11
0
29
19
19
0
23
0
24
9
17
9
1
17
33
32
20
31
20
2
1
18
27
0
2
3
32
3
26
13
26
13
32
4
14
26
2
2
5
27
1
1
5
16
1
6
1
17
25
24
26
7
30
7
18
7
4
2
18
8
29
2
27
9
31
36
20
5
10
20
0
10
32
0
36
11
31
22
28
28
33
12
34
31
28
23
28
36
5
4
14
31
24
24
30
36
15
33
15
33
26
16
26
16
31
3
27
32
35
17
36
35
28
12
8
3
5
9
9
29
5
2
20
9
30
3
6
20
8
7
31
12
36
10
32
36
12
0
22
35
17
33
9
17
33
1
23
34
0
14
25
25
19
6
15
25
35
17
26
16
17
11
18
36
27
20
2
8
2
15
1
1
5
29
1
16
2
29
14
29
19
7
2
7
18
36
26
31
35
34
9
28
35
34
21
36
32
5
36
0
35
32
32
35
31
11
15
35
7
27
35
12
36
8
5
35
5
32
35
4
2
31
35
6
33
35
9
36
36
36
8
29
35
24
35
36
35
34
35
22
36
35
34
35
21
22
2
36
34
25
36
2
