19
16
11
15
11
36
7
17
16
12
27
22
22
9
32
36
17
34
17
1
24
1
30
1
30
11
1
19
2
19
25
25
12
27
3
20
3
21
3
26
33
4
36
20
1
32
5
28
5
15
36
0
24
16
6
30
24
23
29
17
7
30
17
0
18
8
5
35
27
24
19
9
1
35
33
35
20
3
26
10
6
35
11
36
21
0
4
30
12
2
35
23
13
2
13
23
29
1
4
14
33
30
35
14
31
25
3
15
1
7
2
26
8
35
6
17
27
32
17
3
11
28
8
8
18
5
4
19
29
11
19
1
11
34
7
30
20
31
15
15
15
2
16
22
32
22
17
32
17
1
33
23
10
22
9
5
18
11
34
19
2
3
26
26
3
9
35
26
3
5
7
4
36
20
1
21
5
5
28
21
25
25
7
27
14
22
0
7
29
7
7
30
16
0
8
36
5
35
33
10
35
30
33
35
20
35
27
27
35
34
7
35
32
36
35
35
4
35
34
29
35
20
33
36
35
35
29
33
35
19
25
18
35
33
5
34
3
35
1
19
33
16
18
35
26
31
34
36
2
36
8
35
8
35
18
4
35
19
34
35
