6 6 12 5 9 10 8 12 8 9 5 8 6 1 12 10 12 7 12 7 8 11 10 12 7 2 7 4 10 5 0 9 10 11 2 6 10 10 4 12 12 11 5 10 5 6 4 7 7 8 10 6 0 1 4 1 2 10 9 3
1 8 5 7 8 11 0 12 9 0 10 11 10 3 0 12 4 1 3 4 1 9 0 10 0 1 9 1 6 4 9 11 10 7 3 5 6 3 12 3 8 7 5 12 8 3 9 0 10 10 2 12 5 6 9 9 6 11 4 5
4 9 11 11 9 4 6 11 10 6 12 8 11 2 9 8 2 10 2 10 2 1 8 10 6 11 2 7 11 3 2 10 0 11 4 12 0 12 4 2 4 5 11 9 3 9 1 11 8 4 6 12 0 5 9 12 3 7 2 8
6 5 6 6 0 9 10 4 7 10 11 3 0 1 2 0 11 11 7 12 7 10 10 1 12 11 11 3 1 9 6 0 8 2 6 12 12 12 12 4 5 9 4 8 6 2 3 2 12 10 10 12 1 8 11 1 2 6 2 4
4 0 0 0 12 9 11 9 12 7 5 11 6 1 4 7 7 1 0 1 2 9 1 1 5 7 4 11 3 9 6 10 12 0 10 8 9 3 2 8 3 5 9 2 0 4 11 7 2 12 5 12 0 3 3 11 9 4 7 6
0 4 11 8 7 8 8 11 12 5 12 8 8 9 8 11 3 9 1 11 3 0 8 0 9 4 4 10 8 8 8 10 4 2 7 2 8 11 4 5 7 11 11 4 11 6 12 2 12 5 11 12 10 2 8 2 10 8 7 12
1 2 10 5 7 11 6 7 0 5 6 4 12 8 12 2 2 0 11 11 12 12 10 2 3 3 8 5 4 7 1 3 3 8 6 11 0 10 0 11 10 10 11 12 11 6 11 4 0 2 10 10 12 3 0 3 1 3 4 10
0 2 3 3 4 11 3 5 5 8 12 0 0 2 2 1 7 7 10 7 11 6 8 6 11 7 2 2 11 8 3 12 5 2 10 0 5 12 1 9 11 10 1 5 1 12 5 1 8 4 11 8 2 2 2 7 2 1 7 1
0 8 12 0 11 4 0 7 12 12 5 10 0 8 12 3 8 0 4 6 7 4 10 12 10 8 12 0 7 0 11 4 9 4 7 8 5 10 6 7 1 6 1 7 11 4 7 0 2 2 0 0 10 8 11 1 12 2 10 6
1 7 9 1 2 6 0 7 6 11 12 5 2 12 6 10 10 12 4 2 11 12 2 7 5 2 6 1 10 10 0 1 12 1 4 11 11 4 11 10 12 7 9 1 6 11 9 10 5 6 8 12 12 10 10 4 3 6 0 10
