# Results obtained using DQN. CPU time: 14.327863216400146
0.00072936  58.00000000  0.00072936  60.00000000  1676.39636910  0.00000000
0.00017237  55.00000000  0.00010602  60.00000000  1505.38451785  0.00000000
0.00740099  58.00000000  0.00740099  60.00000000  2195.80553684  0.00000000
0.00047859  58.00000000  0.00047859  60.00000000  1410.55234053  0.00000000
0.00170077  58.00000000  0.00170077  60.00000000  1599.18843847  0.00000000
0.00543081  58.00000000  0.00543081  60.00000000  1898.38871116  0.00000000
0.00017565  47.00000000  0.00011942  60.00000000  1564.93223904  0.00000000
0.00240517  52.00000000  0.00202866  60.00000000  1739.06887534  0.00000000
0.00146698  52.00000000  0.00128515  60.00000000  1190.53643186  0.00077320
0.00027630  45.00000000  0.00009453  60.00000000  1533.52251757  0.00209869
0.00029290  57.00000000  0.00028309  60.00000000  1104.98543313  0.00342418
0.00203385  58.00000000  0.00203385  60.00000000  1574.71811744  0.00474967
0.00988800  58.00000000  0.00988800  60.00000000  1412.94452280  0.00607516
0.00062880  58.00000000  0.00062880  60.00000000  1558.14623595  0.00740065
0.00143588  58.00000000  0.00143588  60.00000000  1869.26319872  0.00872614
0.00023676  55.00000000  0.00021820  60.00000000  1140.31690889  0.01005163
0.00011915  47.00000000  0.00002278  60.00000000  1761.75037947  0.01137712
0.04520374  51.00000000  0.00593541  60.00000000  2365.39899389  0.01270261
0.00004138  58.00000000  0.00004138  60.00000000  1162.57239226  0.01402810
0.01304876  58.00000000  0.01304876  60.00000000  1465.78276718  0.01535359
0.00629654  56.00000000  0.00404570  60.00000000  1294.13959197  0.01667908
0.00057695  57.00000000  0.00040194  60.00000000  1420.72944113  0.01800457
0.00065357  58.00000000  0.00065357  60.00000000  1141.23236509  0.01933006
0.00262219  58.00000000  0.00262219  60.00000000  2757.73064267  0.02065555
0.00018412  50.00000000  0.00018304  60.00000000  1122.85595262  0.02198104
0.00064355  58.00000000  0.00064355  60.00000000  1398.48970810  0.02330653
0.03422900  58.00000000  0.03422900  60.00000000  2267.20279946  0.02463201
0.00004727  58.00000000  0.00004727  60.00000000  1058.02882995  0.02595750
0.00273713  58.00000000  0.00273713  60.00000000  2014.17453549  0.02728299
0.00144077  58.00000000  0.00144077  60.00000000  2005.28411777  0.02860848
0.00056130  57.00000000  0.00048651  60.00000000  1459.61246627  0.02993397
0.00314415  58.00000000  0.00314415  60.00000000  1319.50783479  0.03125946
0.00187937  58.00000000  0.00187937  60.00000000  1702.27637165  0.03258495
0.00069740  58.00000000  0.00069740  60.00000000  1720.97390988  0.03391044
0.00138713  51.00000000  0.00115091  60.00000000  2102.86888097  0.03523593
0.01142753  58.00000000  0.01142753  60.00000000  2590.93743598  0.03656142
0.00060189  58.00000000  0.00060189  60.00000000  1346.10603166  0.03788691
0.00030481  41.00000000  0.00002159  60.00000000  2132.50062532  0.03921240
0.00016874  49.00000000  0.00006553  60.00000000  1295.06260088  0.04053789
0.02433958  48.00000000  0.01477172  60.00000000  2519.16396138  0.04186338
0.00258719  58.00000000  0.00258719  60.00000000  1935.57491046  0.04318887
0.00191063  47.00000000  0.00040064  60.00000000  2488.23926946  0.04451436
0.00467175  47.00000000  0.00029364  60.00000000  2083.69647404  0.04583985
0.00801412  56.00000000  0.00612753  60.00000000  1111.73057489  0.04716534
0.00386949  58.00000000  0.00386949  60.00000000  1312.98294778  0.04849083
0.01637173  58.00000000  0.01637173  60.00000000  2591.86973077  0.04981632
0.00082330  50.00000000  0.00052655  60.00000000  1906.55328032  0.05114181
0.00127917  51.00000000  0.00082625  60.00000000  1433.83852767  0.05246730
0.00468491  52.00000000  0.00120712  60.00000000  2230.28315693  0.05379279
0.00452709  54.00000000  0.00246032  60.00000000  1697.93410890  0.05511828
0.01031461  58.00000000  0.01031461  60.00000000  2277.44579313  0.05644377
0.00077378  58.00000000  0.00077378  60.00000000  2046.27039316  0.05776925
0.00069793  55.00000000  0.00064408  60.00000000  1819.53730596  0.05909474
0.00988923  54.00000000  0.00813396  60.00000000  1289.82703463  0.06042023
0.00005855  56.00000000  0.00003311  60.00000000  1815.77649395  0.06174572
0.00782431  58.00000000  0.00782431  60.00000000  1364.00001624  0.06307121
0.00645246  46.00000000  0.00227024  60.00000000  2214.14108811  0.06439670
0.00695170  58.00000000  0.00695170  60.00000000  2131.74537933  0.06572219
0.00609702  58.00000000  0.00609702  60.00000000  2469.78701349  0.06704768
0.00182726  53.00000000  0.00127960  60.00000000  1631.34602561  0.06837317
0.00015779  52.00000000  0.00015638  60.00000000  1364.19432540  0.06969866
0.00002948  55.00000000  0.00000649  60.00000000  1010.49492627  0.07102415
0.00060988  58.00000000  0.00060988  60.00000000  1445.49676684  0.07234964
0.00020247  48.00000000  0.00016583  60.00000000  1836.21514182  0.07367513
0.01325931  58.00000000  0.01325931  60.00000000  1829.42222451  0.07500062
0.00314075  57.00000000  0.00313125  60.00000000  1642.80132881  0.07632611
0.00069627  51.00000000  0.00012623  60.00000000  1162.59846439  0.07765160
0.00223443  45.00000000  0.00033994  60.00000000  1493.44362791  0.07897709
0.00015913  49.00000000  0.00014619  60.00000000  1387.35959533  0.08030258
0.01656887  44.00000000  0.00169606  60.00000000  2527.79549275  0.08162807
0.00016875  58.00000000  0.00016875  60.00000000  1745.79084612  0.08295356
0.00014551  58.00000000  0.00014551  60.00000000  1574.49067243  0.08427905
0.00224549  56.00000000  0.00133554  60.00000000  1278.58881852  0.08560454
0.07259252  58.00000000  0.07259252  60.00000000  3077.45090470  0.08693003
0.00087784  56.00000000  0.00069976  60.00000000  1317.21688399  0.08825552
0.00217135  53.00000000  0.00139179  60.00000000  1130.62281316  0.08958100
0.00238670  56.00000000  0.00224832  60.00000000  1255.82443078  0.09090649
0.00021529  48.00000000  0.00007437  60.00000000  1564.52302381  0.09223198
0.00000059  42.00000000  0.00000039  60.00000000  1221.32469740  0.09355747
0.00281000  43.00000000  0.00087375  60.00000000  1366.78533297  0.09488296
0.00018275  56.00000000  0.00009016  60.00000000  1449.12505512  0.09620845
0.00001581  57.00000000  0.00000824  60.00000000  1577.92986535  0.09753394
0.00115770  43.00000000  0.00041664  60.00000000  1272.40735774  0.09885943
0.00093954  52.00000000  0.00028953  60.00000000  2174.19794435  0.10018492
0.00015769  55.00000000  0.00009102  60.00000000  1301.49094268  0.10151041
0.00474594  58.00000000  0.00474594  60.00000000  1448.21253232  0.10283590
0.00020278  52.00000000  0.00001598  60.00000000  1647.12154877  0.10416139
0.01268205  58.00000000  0.01268205  60.00000000  1577.70909037  0.10548688
0.00107383  58.00000000  0.00107383  60.00000000  1267.98140400  0.10681237
0.00019637  47.00000000  0.00019537  60.00000000  1736.37289758  0.10813786
0.04833071  54.00000000  0.02266598  60.00000000  3256.32805264  0.10946335
0.00005146  52.00000000  0.00001671  60.00000000  1860.24792892  0.11078884
0.00017531  54.00000000  0.00009640  60.00000000  1163.36099428  0.11211433
0.00140901  54.00000000  0.00106907  60.00000000  1229.45508504  0.11343982
0.01545150  58.00000000  0.01545150  60.00000000  2990.04054538  0.11476531
0.00016657  58.00000000  0.00016657  60.00000000  1029.57490541  0.11609080
0.00055651  47.00000000  0.00032034  60.00000000  1640.17371775  0.11741629
0.00056741  55.00000000  0.00021719  60.00000000  1532.00180045  0.11874178
0.00077741  54.00000000  0.00056236  60.00000000  1970.71448899  0.12006727
0.00049707  58.00000000  0.00049707  60.00000000  1677.99619971  0.12139276
0.00609023  44.00000000  0.00584663  60.00000000  1194.49305740  0.12271824
