7
16
32
10
31
7
7
27
19
13
29
14
1
1
30
1
1
2
2
20
11
3
3
3
3
3
4
4
15
4
5
5
2
3
6
22
16
7
7
7
23
8
8
8
18
9
9
19
9
10
9
31
10
26
11
12
12
22
12
13
27
23
14
14
24
14
15
25
15
31
30
16
26
10
16
32
27
31
8
31
28
19
32
29
11
20
16
30
20
21
32
15
31
22
13
23
32
19
13
24
21
24
16
23
25
24
22
6
23
20
7
31
32
29
32
32
31
31
32
31
31
31
31
31
31
31
31
31
31
29
31
32
31
13
32
31
31
31
32
28
31
29
32
31
31
26
32
