# Results obtained using DQN. CPU time: 20.098445892333984
0.00987106  57.00000000  0.00986935  60.00000000  2270.37815922  0.00000000
0.00049823  54.00000000  0.00010932  60.00000000  1170.16455227  0.00000000
0.00232839  55.00000000  0.00122852  60.00000000  1425.14894411  0.00000000
0.00330922  42.00000000  0.00200631  60.00000000  1778.42967636  0.00000000
0.00766426  45.00000000  0.00565412  60.00000000  2070.91868937  0.00000000
0.00852096  57.00000000  0.00842900  60.00000000  1618.22040708  0.00000000
0.00146133  43.00000000  0.00081404  60.00000000  1469.38080570  0.00000000
0.01843434  57.00000000  0.01826048  60.00000000  1407.85403283  0.00000000
0.00299000  53.00000000  0.00113583  60.00000000  1530.29916606  0.00602405
0.01488672  58.00000000  0.01488672  60.00000000  2068.13511893  0.01635100
0.00104455  58.00000000  0.00104455  60.00000000  1758.74966797  0.02667794
0.00069082  56.00000000  0.00054167  60.00000000  1278.16577954  0.03700489
0.00356296  58.00000000  0.00356296  60.00000000  1834.62301901  0.04733183
0.00007108  58.00000000  0.00007108  60.00000000  1530.95065950  0.05765877
0.00146957  58.00000000  0.00146957  60.00000000  1421.56472606  0.06798572
0.00114681  56.00000000  0.00066773  60.00000000  1630.10454814  0.07831266
0.00270588  58.00000000  0.00270588  60.00000000  2443.65759725  0.08863961
0.00016677  56.00000000  0.00013391  60.00000000  1163.59699835  0.09896655
0.01829124  52.00000000  0.01026140  60.00000000  1381.30248378  0.10929350
0.00248687  58.00000000  0.00248687  60.00000000  1587.39132932  0.11962044
0.00013774  58.00000000  0.00013774  60.00000000  1200.61033175  0.12994739
0.00210624  58.00000000  0.00210624  60.00000000  1998.36909610  0.14027433
0.00478137  56.00000000  0.00227746  60.00000000  2375.04511469  0.15060128
0.00668955  58.00000000  0.00668955  60.00000000  1530.97053433  0.16092822
0.00039429  56.00000000  0.00030982  60.00000000  1449.81750119  0.17125517
0.00079605  46.00000000  0.00002749  60.00000000  1807.68582751  0.18158211
0.00133876  58.00000000  0.00133876  60.00000000  1220.21740084  0.19190905
0.00452471  56.00000000  0.00256262  60.00000000  1480.26260916  0.20223600
0.00002730  56.00000000  0.00002002  60.00000000  1045.57451033  0.21256294
0.00707907  58.00000000  0.00707907  60.00000000  1388.11240828  0.22288989
0.01130915  58.00000000  0.01130915  60.00000000  1479.23322221  0.23321683
0.00168909  55.00000000  0.00168124  60.00000000  2305.60184394  0.24354378
0.00403034  58.00000000  0.00403034  60.00000000  2109.82049860  0.25387072
0.00054352  56.00000000  0.00007142  60.00000000  1211.64749759  0.26419767
0.00028125  56.00000000  0.00020121  60.00000000  1496.05069990  0.27452461
0.00110373  56.00000000  0.00005782  60.00000000  1326.98063307  0.28485156
0.00142936  57.00000000  0.00075688  60.00000000  1919.82542561  0.29517850
0.04466696  58.00000000  0.04466696  60.00000000  1475.31139699  0.30550545
0.00003038  53.00000000  0.00001685  60.00000000  1408.34814951  0.31583239
0.00388979  46.00000000  0.00032776  60.00000000  2580.68782008  0.32615934
0.00332119  40.00000000  0.00257846  60.00000000  1851.75846536  0.33648628
0.00102101  58.00000000  0.00102101  60.00000000  1747.66500560  0.34681322
0.00733294  58.00000000  0.00733294  60.00000000  2020.03774940  0.35714017
0.00621896  58.00000000  0.00621896  60.00000000  1677.38823240  0.36746711
0.00514965  57.00000000  0.00514944  60.00000000  1671.06649172  0.37779406
0.00138737  55.00000000  0.00123440  60.00000000  1617.84611765  0.38812100
0.00132781  52.00000000  0.00090577  60.00000000  1717.16911239  0.39844795
0.06006683  56.00000000  0.03977995  60.00000000  2844.77810445  0.40877489
0.00055918  58.00000000  0.00055918  60.00000000  1916.61052464  0.41910184
0.01175307  58.00000000  0.01175307  60.00000000  1449.32199284  0.42942878
0.00103244  58.00000000  0.00103244  60.00000000  1515.62472050  0.43975573
0.00022474  54.00000000  0.00007874  60.00000000  1323.77418759  0.45008267
0.00342288  55.00000000  0.00183854  60.00000000  1636.39798634  0.46040962
0.00269317  41.00000000  0.00053441  60.00000000  2180.03873099  0.47073656
0.00470746  58.00000000  0.00470746  60.00000000  1851.18965377  0.48106351
0.00132252  58.00000000  0.00132252  60.00000000  1671.89291907  0.49139045
0.03950502  53.00000000  0.01392143  60.00000000  2602.96786204  0.50171739
0.04555433  58.00000000  0.04555433  60.00000000  2875.31851330  0.51204434
0.00081053  57.00000000  0.00047877  60.00000000  1944.09892316  0.52237128
0.00074883  44.00000000  0.00027169  60.00000000  1286.91800206  0.53269823
0.00120131  56.00000000  0.00119284  60.00000000  1842.64594102  0.54302517
0.00023786  42.00000000  0.00001043  60.00000000  1374.98673901  0.55335212
0.00134057  46.00000000  0.00109097  60.00000000  1229.57801998  0.56367906
0.01527707  51.00000000  0.01168832  60.00000000  2608.30114736  0.57400601
0.03181233  51.00000000  0.00630065  60.00000000  2635.92525540  0.58433295
0.09944455  58.00000000  0.09944455  60.00000000  3014.09919056  0.59465990
0.04825767  47.00000000  0.00896450  60.00000000  2795.66458864  0.60498684
0.00211286  55.00000000  0.00194850  60.00000000  2176.84120440  0.61531379
0.01613897  49.00000000  0.00444744  60.00000000  1979.17327397  0.62564073
0.00343536  57.00000000  0.00327969  60.00000000  1388.92384635  0.63596768
0.01911038  58.00000000  0.01911038  60.00000000  1938.72508574  0.64629462
0.12642702  58.00000000  0.12642702  60.00000000  2256.04452712  0.65662156
0.02590797  58.00000000  0.02590797  60.00000000  1895.85771687  0.66694851
0.00570985  49.00000000  0.00301322  60.00000000  1420.59552840  0.67727545
0.04961239  43.00000000  0.01888016  60.00000000  2295.27049319  0.68760240
0.02492743  52.00000000  0.01754535  60.00000000  2065.30031917  0.69792934
0.01145293  50.00000000  0.00822445  60.00000000  2446.04124614  0.70825629
0.03776646  52.00000000  0.01126243  60.00000000  2551.68743171  0.71858323
0.00283651  40.00000000  0.00261249  60.00000000  2820.80023812  0.72891018
0.00087877  58.00000000  0.00087877  60.00000000  2012.70576476  0.73923712
0.01951545  49.00000000  0.00089338  60.00000000  2709.08484611  0.74956407
0.04567140  58.00000000  0.04567140  60.00000000  2645.93750634  0.75989101
0.00050543  51.00000000  0.00007190  60.00000000  1603.83066161  0.77021796
0.00902665  58.00000000  0.00902665  60.00000000  2503.07516573  0.78054490
0.09444973  52.00000000  0.07843993  60.00000000  2714.22745684  0.79087185
0.00306482  48.00000000  0.00068305  60.00000000  2544.67303667  0.80119879
0.00004583  39.00000000  0.00002904  60.00000000  2271.67293674  0.81152573
0.00983344  58.00000000  0.00983344  60.00000000  2252.47042782  0.82185268
0.00408285  58.00000000  0.00408285  60.00000000  1843.51647019  0.83217962
0.00086570  54.00000000  0.00017892  60.00000000  2515.14211644  0.84250657
0.01326407  49.00000000  0.01120111  60.00000000  2555.05021375  0.85283351
0.00484904  48.00000000  0.00365018  60.00000000  2601.51879889  0.86316046
0.03320703  58.00000000  0.03320703  60.00000000  2790.84871732  0.87348740
0.09633342  46.00000000  0.02739430  60.00000000  2635.27006501  0.88381435
0.00102688  42.00000000  0.00080649  60.00000000  1723.67440869  0.89414129
0.01272909  52.00000000  0.01068172  60.00000000  2372.78595229  0.90446824
0.00494224  44.00000000  0.00402204  60.00000000  2250.10315310  0.91479518
0.00256361  47.00000000  0.00169660  60.00000000  2657.61343586  0.92512213
0.00168134  42.00000000  0.00000175  60.00000000  2555.95378438  0.93544907
0.00533292  48.00000000  0.00482913  60.00000000  2557.37578151  0.94577601
0.00008726  48.00000000  0.00002002  60.00000000  2557.25584251  0.95610296
