7 12 12 12 12 12 5 5 12 12 12 12 12 1 1 15 15 15 0 0 0 0 0 0 3 11 11 11 11 11 13 12 1 5 1 0 13 2 2 7 7 7 7 1 1 1 1 1 1 4 1 4 6 6 6 6 6 6 6 6 9 1 1 1 1 12 15 1 1 15 1 1 1 1 1 1 1 1 1 1
0 10 10 10 10 6 6 8 8 8 8 8 8 1 1 10 0 13 13 10 10 10 3 3 3 3 3 0 13 13 12 5 5 5 6 6 14 6 6 6 14 14 14 14 7 6 6 6 6 6 6 10 10 10 10 10 10 10 10 10 10 10 10 10 10 10 14 14 14 14 1 10 3 3 3 3 3 3 3 3
11 11 5 5 5 8 11 6 11 11 11 11 11 11 1 1 1 2 2 2 15 15 15 1 1 15 15 11 16 1 1 15 15 15 3 3 16 7 7 7 7 7 15 15 15 15 15 3 3 3 3 3 3 3 3 3 3 3 3 3 3 3 3 3 9 9 15 15 15 15 15 15 15 15 15 15 15 15 15 15
3 6 6 6 6 13 13 13 13 11 11 9 9 10 1 9 9 13 13 13 13 13 13 3 13 13 2 2 13 4 4 12 2 12 2 3 3 3 3 3 3 3 3 3 3 3 3 3 16 3 3 3 3 3 3 3 3 3 3 10 10 10 10 10 10 10 10 10 10 10 10 10 10 10 10 10 10 3 3 10
8 13 13 4 11 6 12 12 12 12 7 7 7 1 7 14 0 14 2 1 0 0 0 3 3 3 14 14 14 11 11 5 5 14 14 14 16 16 7 7 16 7 15 15 15 15 9 9 9 9 9 7 7 7 7 7 2 2 2 2 7 2 4 4 3 9 9 9 9 9 9 9 9 9 9 9 9 9 9 9
4 4 4 4 15 6 13 13 9 9 9 9 9 0 16 16 16 16 2 1 9 13 14 14 14 13 14 16 11 11 5 5 16 16 16 5 15 14 14 4 14 15 16 16 16 9 9 9 9 9 4 5 5 4 4 4 4 4 4 4 4 5 9 9 9 9 9 9 9 9 9 13 13 13 4 4 4 4 4 8
14 14 14 14 5 5 5 13 5 6 6 8 8 1 1 8 8 13 13 13 1 1 10 10 1 1 4 4 1 1 1 1 1 1 2 2 14 14 7 7 7 6 14 16 16 16 16 16 16 16 16 16 16 8 2 2 2 2 2 3 3 2 2 2 2 8 16 16 16 16 16 16 16 5 16 16 16 16 16 16
16 16 16 5 5 5 5 15 15 15 15 8 1 1 15 15 0 2 2 0 0 12 12 12 2 2 2 12 1 5 5 5 12 12 4 4 1 1 1 1 7 7 7 7 7 8 16 16 16 16 16 9 9 9 9 9 3 4 4 4 4 9 9 9 9 9 0 0 0 0 0 0 0 0 3 3 3 3 3 3
15 8 8 8 8 8 8 8 15 15 15 7 1 1 1 11 15 15 2 15 11 11 3 3 3 11 11 11 0 0 0 0 0 4 16 14 14 14 14 14 0 0 3 3 5 3 4 7 16 7 7 7 7 7 7 7 7 7 7 7 7 7 7 7 7 7 7 7 7 7 7 7 7 7 7 7 7 7 7 7
13 13 9 13 13 13 13 16 16 10 11 0 0 1 1 13 10 10 15 10 10 10 3 3 10 10 3 3 3 3 3 3 0 0 0 6 14 6 6 6 14 6 6 8 8 6 8 8 8 8 6 6 6 6 6 6 6 6 6 6 6 6 6 6 6 6 6 6 6 6 6 6 6 6 6 6 6 6 6 6
0 16 16 16 16 16 16 16 10 7 7 14 14 10 14 13 8 8 2 2 15 10 11 11 11 14 4 4 11 11 14 5 5 5 15 5 5 5 5 7 15 15 15 15 5 8 8 8 16 16 16 8 8 8 8 8 8 8 8 8 8 8 8 8 8 8 8 8 8 8 8 10 6 6 10 10 6 6 7 10
15 15 5 16 16 16 16 14 14 10 10 15 16 1 14 8 8 2 8 2 8 2 3 3 3 11 11 11 4 12 12 1 12 12 3 3 3 3 1 1 1 1 1 2 8 15 2 2 1 1 1 1 1 1 1 1 1 1 1 1 1 1 1 1 1 1 1 1 1 1 1 12 12 12 12 12 12 1 1 1
6 6 6 6 7 7 12 12 12 9 9 7 7 1 1 1 13 2 2 2 13 1 1 3 3 1 12 12 12 12 12 12 12 5 14 14 14 14 5 5 5 8 8 8 8 8 2 5 8 8 8 8 8 8 8 8 8 8 8 4 8 8 4 8 8 8 4 4 4 4 4 13 4 15 8 8 2 2 2 2
6 11 11 0 6 6 0 0 0 0 0 0 0 1 10 0 10 2 2 2 2 11 3 13 13 13 2 0 0 0 0 0 0 15 6 6 5 5 5 7 7 3 3 3 3 3 3 3 3 3 3 16 16 16 16 16 7 7 7 7 7 12 12 12 12 12 13 13 13 13 13 16 16 16 16 16 16 16 16 16
5 12 12 9 7 7 7 10 10 10 12 12 12 15 12 12 12 12 2 2 2 2 2 2 2 2 2 4 4 4 16 0 5 5 15 6 6 6 6 5 5 5 3 3 3 3 3 6 6 6 6 16 16 16 16 16 3 3 3 3 3 2 2 2 2 2 3 3 3 3 3 2 2 2 2 2 2 2 2 2
12 0 0 0 15 14 7 7 7 7 7 0 14 1 1 1 10 2 2 0 0 3 3 12 0 0 0 0 12 12 12 5 5 5 5 1 1 6 16 7 5 16 2 15 2 2 2 2 2 2 2 2 2 2 2 2 2 2 2 2 2 3 3 3 3 3 3 3 3 3 3 3 3 3 3 3 3 3 3 3
6 15 15 15 15 15 15 15 15 15 15 15 15 1 14 15 12 14 2 2 2 11 11 11 11 11 4 4 4 4 12 3 3 3 3 4 4 4 4 4 7 15 3 15 15 7 7 1 1 1 1 1 1 1 1 1 7 7 7 7 7 7 7 7 7 7 7 7 7 7 7 7 7 7 7 7 7 7 7 7
14 14 14 9 5 13 5 8 8 0 0 0 10 10 1 10 10 2 2 2 16 1 16 16 11 11 11 11 11 11 11 15 5 5 12 12 6 6 5 14 7 14 14 14 14 7 7 7 7 7 7 7 7 7 7 7 3 3 3 2 3 5 5 5 5 5 5 5 5 5 5 10 10 10 10 10 10 10 10 10
14 14 14 14 14 11 5 5 5 14 14 14 14 1 1 15 9 9 9 14 9 3 3 14 3 3 3 3 3 12 2 2 2 2 2 2 6 0 14 14 16 14 14 14 7 16 16 16 16 16 16 3 3 3 3 3 3 3 3 3 3 3 3 3 3 3 14 14 14 14 14 7 7 7 7 7 7 7 7 7
7 14 14 10 4 15 7 7 7 7 7 16 16 7 1 7 7 12 2 2 2 14 14 12 12 12 1 4 4 12 12 5 12 12 12 6 6 6 1 1 14 14 14 14 14 6 6 6 6 6 6 6 6 6 6 6 6 6 6 6 6 13 13 13 13 13 13 13 13 13 13 12 12 12 12 12 10 10 10 10
6 6 15 8 6 8 6 6 6 6 12 12 0 1 1 1 1 9 1 2 1 2 13 13 0 3 3 4 4 4 1 1 1 4 4 6 6 6 4 4 0 15 14 14 7 7 7 6 6 6 6 6 6 6 6 6 6 6 6 6 6 6 6 6 6 6 6 6 6 6 6 15 15 15 15 15 6 6 6 6
15 4 4 4 8 9 15 15 15 15 15 12 12 8 1 11 11 11 2 2 2 2 3 3 11 3 3 4 4 2 2 2 2 2 2 6 6 6 3 3 14 14 14 14 14 7 7 6 6 6 6 6 6 6 6 6 6 6 6 6 6 6 6 6 6 6 0 0 0 0 0 6 6 6 6 6 0 0 0 0
7 0 0 0 0 12 12 12 12 12 7 14 14 14 1 14 0 0 0 2 2 2 0 0 0 11 11 11 0 13 3 3 12 1 1 0 6 0 0 0 0 6 6 6 6 6 1 3 3 2 16 3 3 3 3 3 3 4 4 4 3 8 4 4 8 4 3 12 12 12 3 16 14 1 14 6 6 6 6 6
5 6 6 6 0 8 8 8 6 13 8 11 8 1 1 8 11 11 11 11 11 11 3 3 10 4 4 4 3 2 1 5 5 5 14 6 6 16 14 14 14 15 15 15 15 15 1 1 5 5 5 5 9 9 9 9 9 9 9 9 9 9 9 9 9 9 9 9 9 9 9 9 1 9 9 1 1 1 1 1
5 5 8 8 5 5 5 5 5 5 8 8 8 1 1 1 12 9 1 10 10 15 15 3 2 2 11 4 4 1 4 3 3 5 5 5 6 0 0 0 0 6 6 6 15 6 6 5 5 5 4 4 4 4 4 4 4 4 4 4 4 4 4 4 4 0 4 4 4 5 5 5 5 5 0 5 5 5 5 5
10 10 16 14 5 14 14 16 14 14 14 16 7 1 1 16 9 9 9 2 15 15 15 3 15 15 15 4 12 2 2 5 5 5 5 5 5 5 5 5 5 5 5 5 6 5 16 16 16 16 16 3 3 3 3 3 3 3 3 3 3 3 3 3 3 3 4 4 4 4 4 3 3 3 3 3 14 4 4 4
16 16 16 16 0 16 16 7 7 12 12 12 8 1 12 13 13 11 11 11 1 11 11 11 11 11 11 11 11 11 12 5 5 5 5 5 5 5 5 5 5 16 16 7 15 15 15 6 16 16 16 4 11 11 11 11 3 3 3 3 3 11 11 11 11 11 6 6 6 6 6 11 11 11 11 11 6 6 6 6
16 8 8 8 8 8 8 16 16 9 9 6 6 1 1 16 16 13 2 2 2 12 11 11 13 11 12 4 12 12 12 12 5 5 5 5 5 5 5 5 5 15 15 15 15 16 6 6 6 6 9 8 8 8 8 8 8 8 8 8 8 8 8 8 8 8 8 8 8 8 8 8 8 8 8 8 6 6 6 6
5 5 14 4 4 10 9 5 9 15 14 15 14 14 1 10 10 13 16 13 13 16 3 3 3 3 4 4 11 11 11 3 5 12 5 5 5 5 5 5 5 5 4 4 16 6 6 15 15 16 8 8 8 8 8 8 8 8 8 8 8 8 8 8 8 8 8 8 8 8 8 3 8 3 3 3 12 12 12 12
5 7 7 4 4 10 15 12 15 15 15 10 15 15 1 15 15 15 15 15 15 15 3 3 3 3 3 4 15 15 12 3 5 5 5 5 14 14 14 14 14 14 3 3 3 3 7 7 7 7 7 7 7 7 7 7 9 9 9 9 9 7 7 7 7 7 9 9 9 9 9 9 9 9 9 9 9 9 9 9
11 8 11 11 5 5 5 5 10 9 9 9 8 8 1 8 15 15 15 15 15 14 3 3 10 3 3 2 15 15 3 5 5 5 5 5 5 5 5 14 5 5 5 5 3 7 7 7 1 10 10 10 10 10 10 10 10 10 10 10 10 10 10 10 10 10 10 0 7 7 7 7 7 7 7 7 7 7 7 7
0 0 12 10 10 10 10 10 9 16 16 16 16 16 1 16 14 14 2 9 11 11 11 10 11 11 4 11 11 2 2 14 5 5 14 14 14 14 14 14 14 14 16 16 2 2 2 2 7 6 6 2 9 9 9 4 4 4 9 9 4 3 3 3 3 3 4 4 4 16 16 7 7 7 7 7 7 7 7 7
13 13 13 4 13 13 10 13 13 0 11 11 9 9 1 1 1 15 15 15 15 3 3 3 10 11 16 3 3 3 3 5 5 5 5 13 5 13 13 13 13 5 5 5 5 5 4 16 16 16 16 5 5 5 5 5 6 6 6 5 5 5 5 5 5 5 5 5 6 6 6 6 14 14 14 14 14 14 14 14
4 4 4 11 11 13 13 13 10 10 0 0 0 0 0 1 14 14 14 14 14 1 3 11 3 3 12 11 15 15 15 5 5 13 5 5 5 5 5 5 5 5 15 15 15 15 15 6 9 9 9 9 9 9 9 9 4 4 4 1 4 4 4 4 4 4 2 2 2 2 2 15 0 0 15 15 2 2 2 2
4 4 12 15 12 12 12 12 14 14 14 14 14 11 1 11 11 14 11 12 14 14 3 16 3 3 16 16 16 16 16 16 5 5 13 5 5 5 5 5 5 5 15 15 15 15 5 8 8 8 9 9 9 9 9 9 9 9 9 9 9 9 9 9 9 9 9 9 9 9 8 9 9 9 9 9 2 2 2 2
11 11 11 13 13 13 13 11 11 11 13 9 13 13 1 1 9 11 2 12 16 16 3 3 3 3 3 11 11 16 13 14 5 5 5 5 5 14 14 14 14 16 2 2 2 6 4 4 4 4 4 9 9 9 7 7 7 7 7 7 7 4 4 4 4 4 6 6 6 6 6 4 4 4 4 4 4 4 4 4
6 6 6 7 5 5 5 5 13 13 13 13 13 1 1 1 1 13 13 13 13 1 3 3 11 11 3 4 16 16 16 5 5 5 5 5 5 5 5 5 5 15 15 7 15 15 5 5 1 1 1 1 1 1 1 1 1 1 1 1 1 0 0 12 12 12 6 7 7 7 6 0 0 0 0 0 2 2 2 2
14 14 14 9 7 7 8 8 8 8 8 8 8 8 8 1 13 13 13 13 9 13 3 11 3 3 3 4 4 13 13 5 5 5 5 5 5 5 5 14 14 14 14 2 2 2 6 1 1 1 1 1 1 1 1 1 6 1 1 1 1 11 11 11 11 11 4 4 4 4 4 11 11 11 11 11 2 2 2 2
14 5 14 14 14 9 9 8 8 16 16 16 9 1 9 9 9 9 9 9 9 1 3 3 3 14 14 11 11 14 14 2 5 5 5 5 5 5 5 5 5 5 5 16 16 2 16 16 16 2 16 4 5 4 4 4 4 4 4 4 4 8 8 8 8 8 8 8 8 8 8 3 3 3 3 3 4 4 4 4
4 4 4 0 14 9 9 0 0 14 14 14 14 1 14 13 9 9 9 2 15 1 3 15 12 12 14 14 14 14 2 5 5 5 5 5 5 5 5 14 14 5 14 2 2 2 16 16 16 16 16 6 6 6 6 6 0 0 0 0 0 7 7 7 7 7 7 7 7 7 7 7 7 7 7 7 7 7 7 7
13 12 5 7 7 7 7 8 8 8 9 7 7 13 1 13 11 9 9 9 9 14 3 14 14 14 11 14 14 14 2 2 5 5 5 5 5 5 5 5 5 5 5 5 5 5 16 16 16 16 16 7 7 6 8 8 4 4 4 4 4 4 4 4 4 4 7 7 7 7 7 7 7 7 7 7 7 7 7 7
15 15 5 5 14 14 14 14 13 7 12 12 7 13 16 15 15 2 2 15 15 15 3 15 3 15 15 15 15 2 2 14 5 5 5 5 14 14 14 14 14 2 2 2 6 5 5 5 16 4 5 5 5 5 5 5 5 5 5 5 5 5 5 5 5 5 5 2 5 5 5 5 5 5 5 11 1 16 16 16
15 16 4 4 4 15 15 0 15 15 15 8 15 15 1 0 2 2 16 16 1 1 3 16 16 16 11 11 11 16 5 5 5 5 5 5 5 5 5 5 5 14 14 14 6 6 16 16 16 16 16 8 2 2 2 2 2 2 2 2 2 2 2 2 2 2 2 2 2 2 2 14 14 14 2 2 2 2 2 2
8 11 4 14 14 14 14 14 14 14 8 8 13 13 1 12 14 14 14 14 9 1 3 3 3 3 3 3 3 3 5 5 5 5 5 5 5 5 5 5 15 15 15 15 15 15 15 0 1 1 1 1 1 1 1 1 1 1 1 1 1 2 2 2 2 3 3 3 3 3 3 3 3 3 3 3 3 3 3 3
7 13 0 0 6 6 5 13 16 16 11 11 11 1 11 11 11 11 11 11 9 11 3 3 3 3 3 4 4 4 16 16 15 5 5 5 5 5 5 15 15 15 15 15 15 6 15 9 9 9 9 6 6 6 6 6 11 11 11 11 11 6 6 6 6 6 11 6 6 6 6 6 14 6 6 6 10 10 10 10
9 4 4 5 4 5 5 5 5 11 11 15 15 1 15 15 9 2 2 2 2 9 3 3 15 15 11 15 15 15 15 5 5 5 5 5 5 5 5 5 5 5 15 15 15 15 15 15 1 1 1 1 2 2 2 2 2 2 2 2 2 2 2 2 2 2 12 12 2 2 2 14 14 14 14 14 16 16 16 16
9 9 7 7 13 9 5 5 6 12 12 12 0 1 0 0 13 11 11 11 9 11 3 9 3 3 3 4 4 4 4 5 5 5 5 5 5 5 5 5 5 5 5 5 5 16 2 16 16 9 16 5 5 5 7 7 12 12 12 12 12 7 7 7 7 7 9 9 9 9 9 1 1 1 9 1 8 8 8 8
6 15 15 9 9 9 9 9 9 9 9 9 9 1 1 1 13 13 13 13 13 16 3 3 3 3 3 3 3 3 4 5 5 5 5 5 16 16 16 16 3 16 15 15 15 15 7 9 7 7 7 8 8 8 8 8 7 7 7 7 7 7 7 7 7 7 7 7 7 7 7 12 12 12 12 12 4 7 7 7
7 4 4 10 10 12 12 10 10 7 0 11 11 11 11 11 11 2 9 2 2 1 2 2 12 12 14 2 2 2 2 5 5 5 5 5 5 5 15 15 15 16 15 15 15 15 3 6 6 3 3 10 10 8 8 11 7 7 7 6 6 11 10 10 1 1 1 1 1 1 1 6 1 1 1 1 14 1 1 1
10 10 10 10 12 12 12 12 6 12 12 12 12 1 15 1 15 13 12 15 15 15 15 15 15 15 11 16 16 16 5 5 5 5 5 5 5 5 0 0 2 0 15 15 15 15 8 3 8 8 4 4 4 4 4 4 7 7 7 7 7 7 7 7 7 7 7 8 7 7 8 7 7 7 8 8 5 5 5 5
5 4 10 4 5 7 10 8 8 10 10 10 0 1 1 9 9 9 9 2 2 2 0 3 14 14 13 4 4 0 0 5 5 5 5 5 5 5 5 2 2 14 14 14 14 14 2 2 6 6 6 10 10 10 10 10 6 2 2 2 2 11 11 11 11 11 6 6 6 6 6 10 10 10 10 9 3 3 3 3
12 12 12 10 12 12 12 10 7 7 7 7 7 1 1 9 14 2 9 9 9 9 2 3 12 2 2 2 2 2 2 5 5 5 5 5 5 5 2 2 2 15 15 15 15 15 5 5 5 6 6 9 9 9 5 5 2 2 2 2 2 3 3 3 3 10 2 2 2 2 2 9 9 9 9 9 9 9 9 9
14 14 10 6 10 10 10 10 7 7 7 7 7 1 10 1 12 12 12 12 12 12 12 3 12 11 11 15 15 15 5 5 5 5 5 5 15 15 15 15 15 15 15 15 15 15 2 2 2 2 3 10 10 10 10 10 4 4 4 4 4 4 4 4 8 4 9 8 8 14 14 14 14 14 14 14 14 14 14 14
11 0 0 0 6 6 6 8 13 11 11 11 0 1 9 9 9 9 9 9 9 15 3 3 15 15 4 4 4 4 2 5 5 5 5 5 5 5 5 5 5 5 5 5 15 5 5 7 7 7 10 9 10 10 9 9 9 10 9 9 9 10 9 9 10 9 2 2 2 2 2 15 15 15 15 15 2 2 2 2
7 7 7 15 15 8 15 15 6 6 14 14 14 1 14 12 12 12 12 15 15 9 15 2 15 15 4 4 15 15 16 5 5 5 5 5 5 5 5 5 5 5 5 5 5 5 5 5 4 5 5 16 16 5 16 16 16 6 6 6 4 4 4 4 4 4 2 2 16 16 16 4 4 4 4 4 16 16 16 16
15 15 4 12 15 14 8 8 8 13 9 9 9 1 9 12 12 12 16 2 9 1 14 3 3 16 16 4 12 12 2 5 5 5 5 5 5 5 5 2 14 15 15 15 15 15 6 6 6 6 6 10 10 10 10 10 10 10 10 10 10 10 10 10 10 10 10 10 10 10 10 10 10 10 10 10 10 10 10 10
15 15 15 15 13 13 13 13 0 0 12 12 8 1 12 12 12 0 11 2 2 2 2 3 3 2 11 4 4 0 2 5 5 5 5 5 5 0 0 0 0 0 0 0 15 4 6 15 9 9 9 6 6 6 6 6 6 6 6 6 6 6 6 6 6 6 6 6 6 6 6 6 6 6 6 6 6 6 6 6
9 10 5 5 14 13 15 15 15 6 9 13 13 1 1 13 13 13 15 14 2 13 3 3 12 12 12 15 16 2 5 5 5 5 5 5 5 5 16 16 16 16 16 16 16 4 15 15 15 15 15 3 3 3 3 3 11 11 11 11 11 8 8 8 8 8 8 8 8 16 16 16 8 8 8 8 1 3 3 1
3 3 5 10 10 10 10 10 6 6 11 10 8 14 1 14 15 15 10 14 2 9 3 3 3 3 3 4 4 3 2 5 5 5 5 5 5 5 3 3 3 15 15 15 15 15 3 5 1 8 8 10 10 10 10 10 3 3 3 3 3 3 3 3 3 3 3 3 3 3 3 3 3 3 5 3 14 14 14 14
12 15 13 13 13 13 9 13 12 12 9 9 12 15 1 10 9 9 9 2 2 9 0 3 3 14 14 14 14 14 2 5 5 5 5 5 14 14 14 14 14 14 14 14 5 2 4 9 9 9 10 9 10 10 10 10 10 10 10 10 3 10 10 10 10 10 10 10 10 10 10 10 10 10 10 10 10 10 10 10
13 13 13 16 16 16 15 7 15 13 13 7 0 1 1 1 11 11 0 2 2 11 11 3 11 2 2 4 4 2 2 5 5 5 5 5 14 14 14 14 14 14 14 3 3 5 5 6 6 6 6 9 9 9 9 9 9 9 9 9 9 2 2 2 2 2 9 9 9 9 9 2 2 9 9 9 9 13 13 13
3 4 4 4 6 12 12 7 7 6 6 7 6 1 1 10 10 9 9 9 2 9 13 13 2 2 2 4 4 2 11 5 5 5 5 5 5 5 16 16 3 3 3 3 3 3 3 0 0 0 16 3 3 3 3 3 9 9 9 9 9 0 0 0 0 0 9 9 3 3 3 11 11 11 11 11 11 11 11 11
15 0 4 7 6 9 7 16 16 12 10 12 0 1 1 0 14 14 11 9 1 1 2 3 3 3 13 0 16 2 5 14 5 5 5 5 5 5 5 15 15 15 15 15 15 15 15 7 7 7 7 7 7 7 7 7 6 6 7 7 7 7 7 7 7 7 7 7 7 7 7 7 7 7 7 7 7 5 5 5
5 5 5 5 5 5 11 11 11 13 13 13 13 1 1 15 12 10 10 9 1 1 13 3 2 0 0 0 0 2 5 5 5 5 5 5 5 0 0 0 0 15 15 15 15 15 4 6 6 9 6 6 6 6 6 6 6 6 6 6 6 6 6 6 6 6 6 6 6 6 6 9 8 9 9 9 2 2 6 6
13 10 4 10 0 0 10 7 15 10 10 10 10 10 1 0 0 0 0 2 2 9 2 3 2 2 11 4 4 4 3 5 5 5 5 5 5 5 5 5 5 15 15 15 15 15 15 15 6 6 6 6 11 11 11 11 6 6 6 6 6 11 11 11 11 11 3 3 1 1 1 8 11 8 11 11 3 9 8 8
9 9 7 7 6 6 9 9 9 12 14 12 9 1 1 9 9 9 9 2 2 9 9 9 12 12 12 4 4 16 2 5 5 5 5 5 5 5 5 5 5 14 14 14 14 14 3 3 3 3 3 10 10 10 8 3 3 3 3 3 3 4 4 4 4 4 4 4 4 4 4 1 1 1 1 1 1 1 1 1
14 4 4 13 6 13 11 12 6 6 6 6 14 1 1 14 13 13 9 2 1 15 15 13 13 12 4 4 4 16 5 5 5 5 5 5 5 5 16 16 16 16 16 16 16 15 2 2 2 2 2 1 1 1 1 1 2 2 2 2 2 10 10 10 10 10 2 2 2 2 2 3 3 3 3 3 8 8 3 3
16 16 4 4 4 13 11 11 11 11 13 13 13 13 1 0 16 16 16 2 2 9 16 16 16 11 11 4 4 0 2 5 5 5 5 5 5 5 5 0 0 0 15 15 15 15 0 0 0 10 10 5 5 5 5 5 9 9 9 9 9 9 9 9 9 9 9 9 9 0 9 9 9 9 9 9 2 2 2 2
14 14 11 11 11 11 11 11 11 11 11 11 11 1 1 8 8 8 0 2 2 2 0 0 11 11 11 4 11 0 2 5 5 5 5 5 5 5 5 16 16 16 16 16 16 16 16 3 16 16 16 1 1 1 1 1 10 10 10 10 10 9 9 9 9 9 9 9 9 9 9 9 9 9 9 9 16 16 16 16
7 5 5 10 14 14 14 14 14 14 14 14 14 10 1 10 10 15 15 15 2 9 2 3 3 2 2 4 4 0 2 5 5 5 5 5 5 5 5 5 14 3 3 14 3 3 6 6 6 6 6 6 6 6 6 6 6 6 1 6 6 6 6 6 6 6 6 6 6 6 6 6 6 6 4 14 3 3 3 3
6 6 6 10 12 12 12 6 6 6 10 10 14 14 1 12 14 10 9 2 2 9 2 3 3 2 2 2 2 2 5 5 5 5 5 5 5 3 3 3 3 14 14 14 14 14 4 4 4 4 4 4 4 4 4 4 4 4 4 4 4 7 7 7 7 7 4 4 4 4 4 8 7 7 4 16 4 4 4 4
11 11 11 11 5 5 5 7 5 13 13 13 10 10 1 10 10 10 10 1 1 9 15 3 3 13 2 2 2 2 5 5 5 5 5 5 5 5 5 2 2 15 15 15 15 15 15 15 2 6 8 5 5 5 5 5 8 8 8 8 8 5 5 5 5 5 14 2 2 2 2 2 15 6 2 2 15 15 16 15
9 5 11 13 5 13 5 7 16 7 14 13 11 1 1 0 12 0 0 2 2 2 2 3 3 3 11 4 4 4 2 5 5 5 5 5 5 5 5 5 5 5 16 16 15 6 8 8 8 8 8 8 8 8 8 8 8 8 8 8 8 8 8 8 8 8 8 8 8 8 8 8 11 8 8 8 2 2 2 8
8 8 4 4 4 4 15 15 15 8 9 9 9 9 1 1 14 13 13 13 1 9 3 3 3 3 13 4 4 11 11 4 4 5 5 5 5 5 5 2 2 2 2 2 2 15 2 2 2 0 0 2 2 2 2 2 6 6 6 6 6 0 0 0 0 0 15 15 15 15 15 15 15 15 15 15 15 15 15 15
13 13 13 5 5 5 13 11 6 0 0 13 15 1 1 8 8 12 13 13 2 13 2 3 3 11 11 11 11 11 5 5 5 5 5 5 5 5 2 2 2 15 15 15 15 15 7 7 7 7 7 7 7 7 7 7 7 4 4 4 4 4 4 4 4 4 4 4 4 4 4 4 4 4 4 4 4 4 4 4
15 15 12 4 5 0 5 11 11 11 14 14 14 1 1 12 16 11 2 2 2 9 11 3 11 11 11 4 4 2 5 5 5 5 5 5 5 5 5 15 15 3 5 5 5 5 5 15 15 15 15 5 8 8 2 2 13 13 13 13 13 11 5 5 5 5 11 13 13 13 13 5 5 5 5 5 6 6 6 6
5 11 11 11 13 13 13 11 11 11 11 8 11 1 1 13 13 13 2 2 1 2 9 11 11 11 11 4 4 4 4 4 5 5 5 5 5 5 5 15 16 2 2 16 5 5 16 16 16 16 16 2 2 2 2 1 6 6 6 6 6 6 1 1 1 1 1 1 1 1 1 6 1 1 1 1 1 1 1 1
13 13 4 4 4 0 6 9 9 10 10 10 10 1 1 10 10 10 2 2 2 9 3 3 3 3 2 4 4 4 4 4 5 5 5 4 5 2 2 2 2 3 3 3 16 16 5 3 3 16 3 16 16 3 3 3 3 3 3 3 3 12 12 12 12 12 0 12 12 12 12 12 12 12 12 12 3 3 3 3
7 12 12 12 14 14 16 10 15 15 11 12 12 1 1 15 15 10 9 2 9 9 9 3 3 3 2 4 4 4 4 4 4 5 5 5 5 5 5 4 4 4 4 16 4 16 2 5 5 4 4 16 0 0 11 11 8 8 8 6 8 3 3 3 3 3 8 6 6 6 6 0 0 0 0 0 8 0 0 0
6 6 6 4 6 6 8 8 8 13 13 13 13 1 1 9 10 10 2 9 9 9 3 3 13 13 13 13 4 4 4 4 5 5 5 5 5 5 5 5 5 5 15 15 15 15 2 9 9 9 9 10 10 10 9 9 9 9 9 9 9 9 9 10 9 9 14 14 1 1 1 1 1 1 1 1 1 1 1 1
10 10 10 10 10 10 9 9 9 13 10 10 10 1 1 13 1 1 2 15 15 15 15 3 15 0 11 11 11 4 4 5 5 5 5 5 4 3 3 3 3 3 15 5 5 15 2 1 1 1 1 8 8 8 1 1 5 5 5 5 5 2 2 7 7 6 1 1 1 1 1 2 2 2 7 2 9 9 9 9
0 0 15 4 5 13 5 0 0 15 15 7 13 13 1 13 12 12 0 9 1 9 3 3 3 3 4 4 12 4 4 5 5 5 5 4 4 2 2 2 15 15 15 15 15 15 5 5 6 6 6 6 6 6 6 6 6 6 6 6 6 6 6 6 6 6 6 6 6 6 6 6 6 6 6 6 3 3 3 3
4 10 10 10 10 10 10 8 6 6 6 9 12 1 12 12 9 15 2 12 2 2 15 15 15 15 4 4 4 4 4 5 5 5 5 4 5 4 4 4 16 15 15 15 15 5 3 6 6 5 5 8 8 8 5 5 3 3 3 3 3 7 7 7 7 7 7 7 7 7 7 6 6 6 6 6 7 7 7 7
16 11 13 13 13 13 5 5 5 13 13 13 12 1 1 1 1 12 12 12 12 12 3 3 11 14 15 11 11 11 11 5 5 5 5 5 5 5 5 5 5 5 5 15 15 15 2 2 3 5 5 0 0 0 0 11 4 4 4 4 4 10 4 4 4 4 11 11 11 11 11 2 2 2 2 2 11 11 11 11
7 13 13 4 4 4 14 14 14 16 16 12 10 1 1 13 14 14 2 2 2 2 14 3 0 2 11 11 11 11 11 5 5 5 5 5 5 5 4 4 4 4 4 4 2 2 16 16 16 16 1 3 3 3 3 3 7 7 7 7 7 3 3 3 3 3 12 14 4 4 4 16 16 4 2 2 16 7 7 7
4 9 12 12 12 12 12 9 6 6 6 12 12 1 1 12 12 12 1 1 12 9 3 3 3 3 3 3 2 13 5 5 5 5 5 5 5 5 5 5 5 5 15 15 15 15 6 6 6 6 9 6 6 6 6 6 6 6 6 6 6 6 6 6 6 6 6 6 6 6 6 6 7 6 6 6 7 7 7 15
9 9 16 16 5 5 14 14 14 9 9 12 1 1 1 1 16 9 1 2 2 9 9 9 12 12 4 4 4 4 12 5 5 5 5 5 5 5 5 5 5 5 5 5 2 2 15 0 0 0 0 3 3 3 3 3 11 0 0 0 0 0 0 0 0 0 0 0 0 0 0 8 8 8 8 8 11 11 11 11
10 8 9 4 8 8 6 12 12 12 7 7 8 1 1 1 14 12 14 9 2 2 3 2 2 10 2 2 4 16 16 5 5 5 5 5 5 5 5 16 16 2 2 2 2 2 2 2 16 16 16 9 2 2 9 9 9 9 9 9 9 2 2 2 2 2 8 7 7 7 7 7 7 7 7 7 8 8 8 8
7 7 9 4 8 8 15 15 15 6 6 15 15 1 1 1 13 13 9 9 9 9 3 3 11 3 3 4 4 2 2 5 5 4 4 4 4 4 4 2 2 15 2 15 15 15 2 2 2 2 2 2 2 2 2 2 2 2 2 2 2 9 9 9 9 9 4 4 4 4 2 9 9 4 9 9 1 1 1 1
14 6 14 14 14 14 8 8 6 15 15 14 14 1 14 14 14 2 2 9 10 1 10 1 1 11 11 4 4 4 3 5 5 5 5 5 5 5 5 5 4 15 15 15 15 5 5 2 2 2 1 0 0 0 0 0 2 2 2 2 2 0 0 0 0 0 2 2 2 2 2 14 0 0 0 0 0 0 0 0
5 5 16 16 5 16 5 14 16 16 10 10 10 15 15 1 12 15 15 2 15 9 14 1 1 14 2 2 4 4 2 5 5 5 5 5 5 5 5 5 2 5 15 15 15 15 5 5 6 6 6 6 6 6 6 6 3 3 3 3 3 12 12 12 12 12 3 3 3 3 3 12 12 12 12 12 12 12 12 12
16 16 16 5 13 13 5 14 14 13 13 13 13 14 1 1 16 16 16 0 16 0 3 3 3 16 16 4 4 4 13 5 5 5 5 5 5 5 5 5 16 15 15 15 15 15 5 16 9 9 9 9 9 9 9 9 9 9 9 9 9 3 3 3 3 3 15 15 15 15 9 16 16 16 9 16 15 15 15 15
7 7 7 4 7 7 7 7 7 7 7 7 7 1 1 9 15 15 15 9 9 0 3 3 3 3 3 3 4 4 2 3 5 5 5 5 3 3 3 3 3 16 15 15 15 15 3 3 3 3 3 3 3 3 3 3 4 4 4 4 4 4 4 4 4 4 12 12 12 12 12 5 5 5 5 5 12 11 11 11
12 12 12 12 12 12 16 8 16 8 8 8 16 1 1 1 1 1 2 2 2 2 3 16 16 4 4 4 4 4 4 4 5 5 3 3 4 14 4 4 4 16 16 16 16 16 16 16 16 16 16 2 2 3 3 3 6 6 6 6 6 3 3 3 3 3 6 6 6 6 0 4 4 4 4 4 6 15 6 6
9 5 15 15 9 7 7 9 9 9 9 9 9 1 1 0 14 14 2 2 9 9 12 12 12 12 4 4 4 4 4 4 3 5 5 5 5 5 5 5 5 5 5 5 5 5 5 5 5 5 5 5 5 5 5 5 16 16 16 16 16 2 2 2 2 2 16 16 16 16 16 16 16 16 16 3 5 5 5 5
5 5 5 15 8 12 5 5 12 8 8 15 15 1 0 15 15 15 14 9 11 3 3 3 3 15 15 1 4 13 13 5 5 5 5 5 5 5 5 5 5 16 3 3 3 3 16 16 16 16 9 2 2 2 2 2 9 9 9 9 9 9 9 9 9 9 2 2 2 2 2 0 0 0 0 0 8 8 8 8
5 11 11 11 7 5 9 9 9 0 0 9 9 1 1 1 10 1 2 2 2 10 10 14 14 14 4 4 4 4 4 4 4 5 5 5 5 5 5 15 15 15 15 15 15 15 3 3 3 3 3 10 10 10 10 10 3 3 3 3 3 10 10 10 10 13 0 9 9 9 10 9 9 9 9 9 10 10 10 10
6 6 6 16 16 15 15 8 11 16 16 16 9 1 0 11 13 13 2 2 13 10 3 12 13 0 4 4 4 5 5 5 4 5 5 5 5 5 5 16 4 4 4 4 15 8 16 8 8 8 8 8 8 8 8 8 8 8 8 8 8 4 4 4 4 4 9 9 9 9 9 9 9 2 2 2 7 7 7 7
6 6 6 6 6 11 9 6 6 6 8 8 1 1 13 13 16 16 2 13 9 9 16 16 16 16 16 4 13 4 4 4 2 2 2 2 5 5 5 16 16 16 15 15 15 15 7 4 4 4 4 9 9 9 9 9 9 4 4 4 4 9 9 9 15 15 4 4 4 4 4 11 9 11 11 11 4 4 4 4
6 8 10 6 10 12 8 8 8 12 10 12 11 1 1 11 11 11 11 2 9 11 11 0 0 1 4 4 4 2 4 4 5 5 5 5 5 5 5 5 5 3 15 15 15 4 15 15 6 6 6 6 6 6 6 6 6 6 6 6 6 12 12 12 12 12 4 4 4 4 4 12 12 12 12 12 12 12 12 12
16 16 16 16 10 16 9 9 9 16 8 9 9 1 1 1 15 16 2 16 16 16 16 16 16 12 4 4 4 2 4 4 4 4 4 4 4 0 0 14 14 14 14 14 16 16 16 16 16 16 16 2 2 2 2 2 8 8 8 8 8 2 2 2 2 2 14 14 14 14 14 14 14 14 14 14 2 2 2 2
0 0 0 0 0 12 8 8 8 9 8 8 8 1 11 11 15 15 1 1 2 2 3 3 3 2 12 2 4 4 2 2 2 3 3 5 5 5 5 5 14 3 3 3 3 3 3 16 16 8 16 2 2 2 2 2 10 12 10 10 10 7 7 7 7 7 7 7 7 7 7 7 7 7 7 7 7 7 7 7
5 8 8 8 8 13 13 10 10 10 10 10 8 1 10 10 12 12 1 1 12 12 12 12 11 14 14 4 4 4 4 4 4 4 4 5 5 5 14 14 14 4 5 5 5 5 16 16 8 16 16 4 4 4 4 4 4 4 4 4 4 1 1 1 1 1 4 4 4 4 4 4 4 4 4 4 4 4 4 4
15 15 15 0 0 0 0 9 13 13 13 8 11 1 11 11 10 2 2 2 9 10 0 0 0 13 13 4 4 4 4 3 3 3 5 5 5 0 5 14 0 0 0 0 0 0 0 0 0 8 9 9 9 9 9 9 9 9 9 9 9 3 3 3 3 3 9 9 9 9 9 9 9 9 9 9 9 9 9 9
0 0 8 8 0 0 0 0 0 14 7 11 11 1 1 0 10 11 2 2 9 12 3 3 3 3 3 3 4 4 4 4 4 4 4 4 5 5 5 14 3 14 15 15 15 15 2 8 10 8 10 4 4 4 4 4 8 8 8 8 8 2 2 2 2 2 10 10 10 10 10 10 10 10 10 10 8 8 8 8
0 0 0 14 7 12 12 12 7 7 7 16 16 1 1 1 9 9 9 9 2 2 3 3 3 3 1 4 4 1 3 3 3 3 3 3 5 5 14 16 16 3 3 3 3 2 16 6 6 6 6 6 6 4 4 4 0 0 0 0 0 6 6 6 6 6 6 6 6 6 6 6 6 6 6 16 3 3 3 3
4 11 11 11 11 8 8 8 11 11 11 13 13 1 14 11 11 11 11 2 9 11 11 11 3 15 2 4 4 4 4 4 2 2 16 2 4 5 5 14 4 4 4 4 2 2 16 1 1 1 1 2 2 2 2 2 8 8 8 8 8 8 8 8 8 8 2 2 5 2 2 2 2 2 2 2 8 8 8 8
0 16 0 7 14 14 14 14 16 16 16 16 16 1 12 12 10 10 1 14 9 16 3 14 1 1 1 4 4 4 3 3 3 3 3 4 5 14 14 14 14 3 3 3 3 3 16 16 16 9 9 3 3 6 6 3 9 9 9 9 9 9 9 9 9 9 9 9 9 9 9 9 9 9 9 9 9 13 9 9
9 9 9 9 9 9 9 9 15 9 9 15 8 1 1 8 1 9 2 9 2 2 2 2 14 14 12 4 4 1 4 4 4 4 4 5 5 5 15 15 15 15 15 15 15 15 3 3 3 3 3 3 3 3 3 3 9 9 9 9 9 3 3 3 3 3 0 0 0 0 0 0 0 0 0 0 9 9 9 9
5 4 5 7 5 5 13 13 7 8 8 8 8 8 8 8 14 14 13 2 13 13 0 2 0 13 3 4 4 4 1 3 3 3 3 5 4 5 5 5 5 5 5 5 5 5 5 5 5 8 8 16 16 16 16 16 4 4 4 4 4 8 8 8 8 8 8 8 8 8 8 8 8 8 8 7 16 16 16 16
15 15 7 7 14 14 14 14 14 14 14 16 16 1 1 13 15 15 1 10 16 16 16 16 11 11 4 4 4 4 4 1 3 2 5 5 5 0 0 0 0 0 0 0 0 0 1 1 1 1 1 16 16 16 16 16 1 1 1 1 1 11 11 11 11 11 3 3 3 3 3 11 11 11 11 11 7 7 7 7
15 3 4 7 15 15 15 15 9 9 9 11 11 1 11 11 1 1 2 2 2 15 1 12 12 3 3 4 4 4 4 4 5 5 5 5 5 5 15 15 15 15 15 1 15 15 15 16 16 16 16 1 1 1 1 1 1 1 1 1 1 1 1 1 1 1 1 6 1 6 1 1 1 1 1 1 1 6 6 1
7 13 13 15 15 15 15 15 15 15 13 0 0 1 0 13 0 2 2 11 2 2 3 3 3 3 3 4 4 4 4 4 5 5 5 2 2 14 15 15 15 15 15 15 15 15 7 5 5 5 7 6 6 6 5 4 5 5 5 5 5 1 1 1 1 1 10 10 10 6 10 10 9 9 9 9 16 16 16 16
7 7 16 16 7 7 6 6 16 16 16 13 13 1 13 13 13 11 2 11 2 2 2 2 16 16 16 4 4 4 4 4 5 5 2 2 16 16 16 16 16 14 15 15 15 15 16 16 16 10 10 10 10 10 10 10 3 3 3 3 3 5 5 5 5 5 10 10 6 10 10 10 6 6 6 6 2 2 2 2
10 4 10 0 13 13 13 13 13 13 13 9 9 9 9 9 1 2 1 2 11 11 11 3 3 3 3 4 3 3 3 5 5 5 5 5 14 13 4 4 4 4 4 4 4 5 5 5 16 16 16 6 5 5 5 5 5 5 5 5 5 4 4 4 4 4 15 15 15 15 15 4 4 4 4 4 4 4 4 4
3 4 4 16 5 5 15 13 13 13 14 14 0 1 1 1 1 1 2 2 2 2 12 14 14 3 3 2 4 2 4 4 4 5 5 5 5 14 16 16 16 16 15 15 15 15 15 1 1 1 6 1 1 1 1 1 1 1 1 1 1 9 9 1 1 1 1 1 10 1 1 1 1 1 1 1 1 1 1 1
5 0 15 7 6 6 11 11 7 8 10 10 14 14 10 10 1 14 2 2 14 11 11 11 11 11 11 4 4 4 4 5 5 5 5 2 2 14 14 14 5 5 5 5 5 5 5 16 8 16 8 6 8 9 9 9 1 1 1 1 1 3 3 3 3 3 5 9 9 9 9 5 9 9 5 9 9 9 9 9
15 15 4 15 15 6 6 6 6 6 8 13 13 1 1 13 13 13 2 2 2 2 1 3 3 3 0 0 2 4 4 5 5 5 5 5 5 16 14 16 5 3 3 3 3 3 1 16 0 9 0 3 1 1 1 1 9 9 1 9 9 1 1 1 5 1 9 9 9 9 9 9 9 9 9 9 9 9 9 9
3 4 4 7 16 16 11 16 7 7 7 8 12 1 15 10 10 10 10 10 10 2 1 3 3 3 1 4 1 1 4 1 1 1 5 5 14 4 4 4 3 2 2 2 4 1 4 2 4 16 4 10 10 10 10 10 10 10 10 10 10 10 10 0 10 10 10 10 10 10 10 7 8 15 15 15 7 12 12 12
9 9 10 10 10 7 7 7 7 8 8 9 9 9 9 9 9 9 2 2 2 13 3 3 3 3 11 4 4 4 4 3 5 5 5 5 5 14 14 14 14 3 3 3 3 3 2 2 2 3 3 3 3 3 3 3 3 3 3 3 3 5 5 5 5 5 5 5 5 5 5 3 3 3 9 6 3 3 3 3
11 9 9 9 9 9 9 10 10 10 10 10 1 1 1 13 10 11 9 2 10 11 1 1 1 3 11 4 4 1 1 5 5 5 16 14 14 14 14 3 3 14 3 1 1 1 1 6 6 6 6 1 1 8 1 1 1 1 1 1 1 1 1 1 1 1 1 1 1 1 1 10 10 10 10 10 10 10 10 10
11 4 4 11 11 11 5 11 11 11 11 11 11 1 11 11 1 11 11 11 11 11 1 1 3 1 1 4 4 4 4 4 4 16 16 14 14 14 14 14 14 2 2 2 2 2 8 16 6 8 8 10 10 10 10 10 7 7 6 6 6 2 2 2 2 2 6 6 6 6 6 2 2 2 2 2 6 6 6 6
6 6 6 6 5 5 16 16 15 15 8 8 16 1 1 16 9 9 2 2 2 1 3 3 3 3 1 4 4 3 4 3 3 3 3 5 0 0 14 14 14 14 14 3 4 4 4 4 4 1 1 8 8 10 5 5 1 2 2 2 2 5 7 5 1 1 1 1 1 1 1 7 7 7 8 8 7 7 10 10
12 10 4 10 10 10 10 10 10 10 10 10 16 1 14 9 14 14 2 2 2 11 11 11 11 3 3 4 4 4 4 5 5 5 5 5 5 14 14 14 14 4 4 4 4 4 5 5 5 5 5 10 10 10 10 10 10 10 10 10 10 10 10 10 10 10 10 10 10 10 10 10 10 10 10 10 10 10 10 10
10 5 5 16 5 10 10 10 10 10 10 10 10 1 14 14 1 16 11 11 11 11 3 3 3 3 4 4 4 4 4 4 5 5 5 5 5 16 16 16 16 15 15 15 15 5 5 5 2 2 8 2 2 2 2 2 6 6 6 6 6 11 8 11 8 11 1 1 1 1 1 2 2 2 2 2 11 11 5 5
8 8 8 8 8 10 10 8 8 8 13 13 13 1 13 13 13 13 2 2 14 14 3 3 3 3 3 4 4 4 4 3 5 2 2 0 0 15 15 14 14 14 14 14 2 1 1 1 1 4 4 9 9 9 9 9 9 9 9 9 9 9 9 9 9 9 9 9 9 9 9 9 0 0 0 0 9 3 3 3
16 6 13 13 5 5 5 15 9 9 16 14 14 1 9 9 1 16 2 2 11 11 11 3 3 3 11 11 11 3 3 5 5 5 15 15 15 15 15 15 14 3 5 5 5 5 5 2 8 5 2 2 2 2 2 2 11 11 11 11 11 11 11 11 11 11 6 11 11 6 8 2 2 2 2 2 8 11 11 9
9 9 9 16 16 16 16 16 16 16 14 14 14 14 11 16 16 16 2 2 2 11 11 11 11 11 4 4 4 4 4 12 4 4 15 15 15 15 15 15 15 15 15 15 15 8 15 8 8 8 8 8 8 8 8 8 8 8 8 9 9 8 8 8 16 16 8 8 9 8 8 9 8 8 2 2 5 8 8 8
0 0 0 0 11 11 7 7 7 7 0 0 10 1 1 11 0 12 2 12 0 2 3 3 3 3 3 4 4 4 3 5 5 5 13 5 5 5 5 5 5 5 5 5 5 5 15 4 9 9 4 4 3 3 3 4 0 0 0 0 0 4 4 4 4 4 4 4 4 4 4 4 4 4 4 4 15 15 15 15
14 14 14 14 11 11 8 8 8 8 8 8 16 1 1 11 0 0 2 2 2 0 0 0 0 0 3 4 4 4 4 12 2 2 0 0 14 3 3 3 3 15 15 15 15 15 7 7 7 7 7 2 2 2 2 2 7 7 7 7 7 12 12 12 12 12 12 12 12 12 12 3 3 3 3 3 5 5 1 4
8 8 8 8 8 8 12 16 8 8 8 11 15 1 1 15 1 1 15 15 0 0 0 1 1 11 11 4 4 4 4 4 4 4 5 5 5 14 14 14 14 16 16 16 16 16 16 16 16 6 6 0 0 0 0 0 0 0 0 0 0 0 0 0 0 0 2 2 2 2 2 8 8 8 8 8 8 8 8 8
9 13 13 13 13 13 13 13 13 13 13 9 9 1 1 13 1 1 2 2 2 2 3 3 3 3 11 4 2 3 3 13 5 5 5 5 2 2 3 3 3 15 15 15 15 8 3 1 9 4 9 9 9 9 9 9 9 9 9 9 9 9 9 9 9 9 8 8 8 8 8 3 3 3 3 3 8 8 8 8
13 13 13 13 10 10 10 10 13 13 13 0 0 0 0 0 0 13 2 2 2 14 14 3 3 3 11 4 11 4 4 4 4 16 5 5 14 14 14 14 14 14 14 7 16 7 5 5 4 4 5 5 5 5 5 5 5 5 5 5 5 5 5 5 5 5 5 5 5 5 5 3 3 3 3 3 3 3 3 3
0 14 14 14 7 10 7 7 14 14 14 15 0 1 0 0 13 13 2 2 2 2 3 3 3 3 11 4 4 4 4 4 4 4 14 4 14 14 14 14 14 14 14 7 7 8 5 8 9 9 9 9 9 9 1 9 9 9 9 9 9 9 9 9 9 9 9 11 11 9 11 1 1 1 1 7 11 11 11 11
0 0 11 11 15 15 15 15 8 8 8 0 0 1 0 12 12 13 2 2 2 16 16 12 16 11 11 4 4 4 16 16 16 5 14 4 14 14 14 16 16 4 4 16 16 7 7 16 16 16 9 9 9 9 9 9 2 2 2 2 2 13 13 13 13 13 13 13 13 13 13 13 13 13 13 0 9 13 13 13
10 12 12 12 11 11 11 11 8 8 14 12 12 1 13 13 13 13 2 16 16 2 10 16 3 11 11 4 4 3 3 16 5 5 5 5 14 14 14 14 14 16 16 16 16 5 5 5 5 5 5 6 6 0 0 0 0 2 0 0 0 6 6 6 6 6 3 3 3 3 3 6 6 6 6 6 3 3 3 3
7 7 7 9 7 8 15 15 15 15 15 16 16 1 15 9 1 14 2 2 10 10 10 14 15 15 11 4 4 4 4 4 5 5 5 4 2 2 2 4 4 15 15 15 15 7 7 3 3 3 3 11 11 11 11 11 3 3 3 3 3 11 11 11 11 11 11 11 11 11 11 3 3 3 3 3 0 11 10 10
8 8 8 8 9 16 16 16 8 8 8 9 9 1 1 16 1 1 1 2 2 2 12 12 3 3 11 4 4 4 4 4 4 4 4 3 5 4 4 4 4 16 16 16 16 16 7 7 3 3 6 16 16 16 16 16 3 3 3 3 3 5 5 5 5 6 7 7 7 7 7 5 6 6 6 5 16 16 16 16
0 16 0 7 16 16 16 16 7 7 0 8 8 1 1 13 13 9 2 2 2 14 14 14 3 3 11 4 4 4 4 4 4 4 13 13 5 5 5 14 14 14 14 0 7 7 7 5 6 6 6 6 5 5 5 5 3 3 3 3 3 6 5 5 5 5 14 14 14 14 14 14 14 14 14 14 11 14 14 1
6 6 4 12 6 6 6 6 11 11 8 12 9 1 1 15 1 1 15 15 15 2 3 3 3 3 3 4 4 4 4 4 4 13 5 5 5 14 14 14 14 4 4 4 4 3 7 7 9 9 9 9 9 9 9 9 9 9 9 9 9 9 9 9 9 9 9 9 9 9 9 9 9 4 4 4 9 9 9 9
16 13 13 13 13 12 12 11 11 11 11 11 11 1 11 9 15 15 1 2 2 1 3 3 3 3 4 4 11 11 11 13 5 5 5 13 13 13 15 15 15 4 15 7 15 7 7 7 7 6 6 6 4 6 6 2 2 2 2 2 6 4 4 4 4 4 4 4 4 4 4 4 4 4 4 4 4 4 4 4
16 0 0 0 0 14 14 11 11 11 11 14 14 1 1 13 1 16 9 9 9 9 9 3 3 3 3 4 4 1 1 5 4 5 5 5 5 15 15 15 15 15 15 15 15 15 15 4 4 4 4 10 10 10 10 10 2 2 2 4 4 6 6 6 6 6 7 7 7 7 7 15 10 10 10 10 0 0 0 0
10 10 4 10 4 4 7 7 12 12 12 12 15 15 1 1 1 1 1 2 2 9 15 3 3 3 11 11 4 4 4 5 5 5 5 5 5 15 15 15 15 4 4 4 4 16 16 16 16 16 16 6 6 6 6 6 2 2 2 2 2 2 2 2 2 2 2 2 2 2 2 1 2 2 2 2 8 8 8 8
15 15 9 9 4 4 8 9 15 15 9 9 9 1 1 1 1 1 1 2 2 14 15 3 3 3 3 11 4 4 11 15 15 15 15 15 15 15 15 15 15 15 15 15 15 15 16 7 16 7 7 10 10 10 10 10 10 10 7 10 10 10 10 10 7 7 7 7 7 7 7 7 7 7 7 7 7 7 7 7
14 14 12 12 5 5 13 13 13 13 13 13 16 1 16 9 1 1 1 2 2 15 15 3 3 3 11 4 4 2 2 2 15 5 5 1 5 5 5 14 14 3 3 3 3 3 7 16 7 8 8 3 3 3 3 3 8 8 8 8 8 5 4 4 4 4 8 8 8 8 8 8 8 8 8 8 8 8 8 8
16 11 12 12 12 12 12 12 15 15 15 12 12 1 12 9 1 0 9 9 0 12 12 0 0 11 4 4 4 12 12 12 12 15 5 5 15 15 15 15 4 15 15 16 16 16 16 16 16 8 8 2 2 4 2 2 6 6 6 6 6 2 2 2 2 2 6 2 6 6 6 2 2 2 2 2 6 6 6 8
7 0 5 0 5 5 6 16 0 0 16 16 16 1 16 16 1 1 1 2 2 2 1 1 1 3 11 11 4 4 4 4 4 2 2 5 5 5 5 5 5 5 15 15 15 15 3 7 7 4 3 9 9 5 7 9 6 6 6 6 6 6 6 6 9 7 14 14 14 14 14 7 12 12 6 12 12 12 12 12
8 8 0 0 0 15 15 15 15 15 0 13 13 1 10 10 10 14 2 14 14 14 14 14 14 11 4 4 3 12 12 12 12 3 5 5 15 15 15 15 3 15 15 15 15 7 7 7 8 7 7 7 8 8 10 10 10 10 10 10 10 10 10 10 10 10 10 3 10 10 10 6 10 10 10 10 3 3 6 3
6 6 11 11 5 5 0 0 0 0 0 9 9 1 9 12 0 0 0 0 0 3 3 3 3 3 11 4 4 3 12 1 1 1 1 1 1 1 1 1 1 1 1 1 1 1 16 16 8 16 16 16 8 8 8 8 0 8 8 8 8 8 8 8 8 8 8 8 8 8 8 8 8 8 8 8 8 3 3 3
11 11 11 11 11 11 11 11 16 16 8 8 8 1 8 12 10 10 2 2 2 10 11 11 11 11 11 4 4 3 4 4 3 3 5 5 5 1 1 1 1 15 16 16 16 16 4 4 4 4 4 6 6 6 6 6 4 4 4 4 4 16 16 16 6 16 16 6 6 6 6 6 6 6 6 6 16 16 16 16
7 7 7 7 9 9 9 15 15 15 15 15 1 1 15 15 15 15 2 2 2 9 9 15 15 11 3 4 4 3 3 3 3 5 3 5 5 5 5 5 3 15 15 15 15 15 15 7 6 10 10 7 7 7 7 7 7 7 7 7 7 4 4 4 4 4 8 7 7 8 7 3 3 3 3 3 16 16 16 16
7 4 7 7 4 4 10 10 11 11 8 8 8 8 11 11 1 1 2 2 2 2 11 3 3 3 11 11 4 4 11 3 5 5 5 5 5 5 5 5 5 3 3 3 5 5 15 5 5 5 5 0 7 8 8 8 8 8 7 13 13 13 13 13 13 13 3 3 3 3 3 6 6 10 6 6 6 6 6 6
0 0 0 0 0 0 0 16 16 16 0 0 0 1 0 12 9 9 9 9 9 9 16 3 3 3 4 4 11 0 0 0 1 5 1 5 15 15 15 15 15 15 15 15 15 7 7 0 6 6 6 8 8 8 5 5 5 5 5 5 5 5 5 5 5 5 5 5 5 5 6 8 10 8 1 1 8 8 8 8
9 11 6 6 4 4 0 6 6 11 11 11 11 1 13 10 10 11 2 2 2 12 3 3 3 3 3 4 4 3 4 0 13 5 5 5 5 3 3 3 3 5 5 5 5 5 5 6 6 6 6 16 16 16 16 16 9 6 9 9 1 1 6 1 1 1 9 16 16 6 6 1 1 1 1 1 1 1 1 1
7 10 6 6 6 6 6 6 6 6 10 12 1 1 12 12 12 12 2 2 2 9 0 0 0 4 4 4 4 4 4 12 5 5 5 5 5 5 5 5 15 15 15 15 15 15 3 3 1 1 1 5 5 1 1 1 1 1 1 1 1 5 5 5 5 5 5 5 5 5 5 1 1 1 1 1 3 3 3 3
9 5 15 15 15 7 7 7 12 12 11 13 1 1 0 15 0 2 0 9 0 9 3 3 3 3 3 4 4 4 4 0 2 5 14 5 5 3 3 3 3 3 3 3 3 3 16 16 16 16 16 3 3 3 3 3 8 8 8 8 8 8 8 8 8 14 14 14 6 16 16 3 3 3 3 3 14 14 12 14
10 7 11 11 7 14 7 7 11 11 11 8 8 8 10 10 12 1 2 11 11 15 3 11 11 11 4 4 11 12 12 0 3 5 5 5 3 3 3 3 3 15 15 15 15 15 3 4 3 3 3 0 0 0 0 0 6 6 6 6 1 13 13 13 13 13 1 1 1 1 1 1 1 1 1 1 1 1 1 1
4 15 15 15 15 6 6 8 8 8 8 0 0 0 0 0 0 9 2 2 2 16 2 2 3 3 4 4 11 4 4 0 0 5 5 5 5 3 3 3 3 15 14 14 0 0 0 0 8 8 8 8 0 0 8 8 4 12 4 4 12 12 12 12 12 12 8 12 12 12 8 12 12 12 12 12 6 6 6 6
6 6 15 15 6 6 12 12 12 12 12 12 0 1 0 0 14 14 2 14 11 11 11 11 11 11 4 4 11 0 0 3 5 0 5 5 5 15 15 15 15 15 15 15 15 15 8 3 3 3 3 3 3 3 3 3 3 3 3 3 3 7 7 10 7 10 7 7 7 7 7 2 3 3 3 3 14 3 3 3
8 8 9 9 9 6 9 9 9 9 9 10 10 1 11 13 10 1 2 2 2 9 9 9 12 11 4 4 4 2 4 4 12 2 3 15 5 5 5 5 5 5 5 15 15 15 15 15 8 7 8 8 8 8 8 8 3 3 3 3 3 8 11 8 8 8 8 11 11 11 8 11 11 11 11 11 11 11 11 11
9 9 5 13 7 7 7 7 13 0 11 11 11 11 11 12 10 2 2 2 15 15 15 3 3 3 11 4 4 4 4 13 5 5 5 5 3 3 3 5 5 5 5 15 15 15 15 3 6 6 4 7 7 7 4 4 4 4 4 4 4 4 4 4 6 4 16 16 16 16 16 4 6 4 4 4 8 8 8 8
8 6 6 6 6 8 8 8 15 15 15 10 10 10 8 12 0 2 2 2 2 3 3 3 3 3 3 11 4 3 4 4 2 2 5 5 5 5 1 1 15 15 15 15 15 15 15 15 2 2 2 2 2 2 2 2 2 2 2 2 2 2 2 2 2 2 2 2 2 2 2 2 2 2 2 2 2 2 2 2
9 4 8 8 8 8 8 8 16 16 8 8 8 8 8 13 9 2 2 2 2 2 2 2 3 3 4 4 4 2 4 12 12 5 5 5 1 1 3 3 3 3 3 3 3 3 16 8 3 16 16 8 8 8 8 7 4 4 4 4 4 4 4 4 4 4 7 7 7 7 6 6 8 8 8 8 8 8 8 8
10 4 4 10 4 10 10 10 10 10 10 13 13 13 13 12 12 12 12 12 10 3 3 3 3 3 4 4 4 4 2 12 5 5 5 5 5 3 3 3 3 15 15 8 15 15 3 3 3 3 3 9 9 9 9 9 2 2 2 2 2 2 2 2 9 9 9 9 9 9 9 3 3 3 3 3 9 9 9 9
6 6 5 7 4 12 12 7 7 12 9 9 9 9 9 10 10 1 2 2 10 10 10 3 3 3 3 4 4 0 0 12 12 5 5 5 5 15 1 3 3 15 15 15 15 15 15 15 15 5 5 5 5 5 5 5 5 5 5 5 5 5 5 5 5 5 5 5 5 5 5 4 4 4 4 4 16 16 16 16
13 5 12 12 13 13 13 13 13 13 13 13 13 1 15 15 13 13 13 2 13 1 3 3 3 3 4 4 4 2 2 2 2 2 13 5 5 1 1 1 5 5 5 5 5 5 6 6 6 3 4 16 16 16 16 16 3 3 3 3 3 2 2 2 2 2 8 8 8 8 8 8 8 8 8 8 8 8 10 10
8 8 8 16 12 12 16 16 16 16 8 8 8 1 8 12 13 2 2 2 16 16 16 3 3 3 3 4 4 4 12 12 12 5 5 5 14 5 5 1 3 5 5 5 15 5 3 3 3 3 3 3 3 3 3 3 3 3 3 3 3 3 3 3 3 3 3 3 3 3 3 3 3 3 3 3 0 12 0 12
5 5 5 9 10 10 10 10 9 9 9 10 15 1 15 10 10 10 2 2 2 10 15 13 3 3 3 4 4 11 5 5 5 5 5 5 1 1 1 1 1 1 1 1 4 15 5 5 5 5 5 11 11 11 11 11 11 3 3 3 11 11 11 11 9 11 8 8 8 9 8 12 12 12 12 12 2 2 2 2
11 11 13 13 7 7 7 7 7 12 12 12 1 1 15 15 1 0 0 0 0 10 3 3 3 3 3 3 4 0 4 4 0 0 1 1 15 15 15 15 15 15 15 15 15 15 1 1 0 8 0 0 0 0 11 11 4 4 4 4 4 4 4 4 4 4 4 4 2 2 2 11 11 11 11 11 6 6 6 6
