23
8
11
7
17
21
15
12
9
32
32
1
33
1
36
20
2
34
20
3
3
3
13
1
4
28
36
5
27
15
6
6
6
3
7
23
17
27
32
8
9
19
3
5
10
20
32
11
21
5
34
22
23
13
12
13
4
24
14
35
33
25
15
11
16
36
27
17
36
12
28
18
36
4
29
8
30
34
9
21
31
9
34
32
32
32
33
10
36
11
25
34
20
25
1
35
3
5
36
28
36
25
28
27
5
21
29
25
7
23
17
27
35
35
35
36
34
35
10
35
36
2
35
32
34
35
9
13
32
35
10
34
36
35
35
34
36
34
36
36
35
35
36
32
36
18
36
5
34
