7
14
20
18
11
31
31
9
36
21
9
11
1
21
36
25
2
12
12
12
3
35
13
21
23
4
5
1
5
29
6
16
6
3
7
36
36
8
35
18
9
4
9
34
10
5
2
21
11
22
6
12
35
23
36
8
14
24
34
31
25
15
26
34
8
34
27
12
12
17
28
33
18
29
9
11
20
30
6
21
31
8
36
32
36
11
2
33
36
24
2
34
12
12
35
26
14
9
23
36
20
1
5
20
26
20
30
11
30
25
13
26
35
36
35
35
36
34
36
5
36
30
35
33
35
23
35
9
36
34
35
4
34
35
34
31
36
3
35
0
35
20
35
36
36
36
36
35
32
