11
20
27
30
23
19
31
36
0
14
36
1
0
1
10
0
2
11
24
12
3
12
34
4
4
15
4
5
2
27
6
16
6
1
7
30
28
8
25
8
9
9
19
9
20
6
10
21
11
36
12
12
7
13
23
13
7
30
24
15
10
7
35
16
26
2
17
27
17
13
7
28
29
9
11
20
34
30
6
20
31
4
9
22
36
1
0
33
24
0
9
34
24
14
11
35
3
36
27
15
20
5
22
27
6
23
30
1
7
30
8
32
35
34
36
26
36
36
36
5
35
34
35
36
35
35
31
35
19
24
35
30
35
35
36
35
35
35
26
35
17
36
35
4
35
2
29
35
19
