21
8
19
9
21
31
21
8
17
32
32
1
18
26
23
2
34
2
12
1
3
25
19
4
4
4
14
5
26
2
2
6
2
2
17
7
17
8
24
1
32
19
9
10
26
6
34
11
0
6
22
35
28
13
23
13
4
24
14
6
15
25
10
16
32
16
36
27
1
35
28
18
19
35
29
34
19
30
21
31
21
31
12
8
32
7
1
33
23
2
7
34
25
1
7
35
19
36
20
4
13
26
26
4
1
24
24
20
21
2
8
5
34
36
32
36
32
35
34
25
35
32
36
36
29
35
33
36
34
35
33
35
35
35
35
35
10
35
33
34
36
35
36
35
36
29
35
35
4
