13
19
6
31
10
11
15
13
32
21
36
1
9
1
9
2
2
2
25
3
3
3
13
4
4
4
5
5
5
28
16
6
25
16
3
7
30
28
8
32
9
9
19
10
27
10
7
21
6
12
12
12
22
13
36
23
13
6
1
15
30
25
26
0
16
1
13
27
18
18
18
28
19
29
34
19
12
30
16
35
21
31
32
0
36
32
0
24
33
2
2
34
25
3
3
35
27
26
36
27
28
17
26
19
27
25
25
16
18
30
32
28
34
36
35
35
17
35
33
35
25
35
2
35
36
34
35
13
36
6
35
5
31
35
14
15
36
34
16
35
33
27
35
17
35
36
36
35
36
