29
33
20
30
13
19
31
21
24
18
32
1
33
1
25
2
2
2
12
3
3
3
36
4
3
4
36
5
33
3
6
6
16
28
7
6
27
8
18
31
9
26
9
20
10
1
21
32
21
12
30
12
22
23
13
29
3
14
24
36
25
15
30
26
8
16
34
27
17
18
28
34
29
29
29
33
20
30
20
19
31
21
8
34
32
19
33
12
36
36
11
34
9
25
26
35
14
26
36
36
36
28
18
3
27
6
16
0
7
29
27
8
36
36
34
35
33
32
35
34
32
35
33
35
33
35
36
34
35
27
27
35
35
36
34
35
20
35
34
35
3
29
36
8
35
35
36
29
36
