11
5
34
9
21
31
13
30
20
8
31
1
36
1
19
23
2
17
18
19
3
22
13
4
1
4
20
5
21
29
21
6
16
25
7
17
3
8
5
24
9
32
30
10
26
20
0
11
10
27
12
28
35
13
23
28
13
14
35
0
35
25
34
16
3
35
17
27
17
36
1
3
3
19
29
30
7
13
21
31
21
0
5
36
32
23
17
1
33
23
34
17
34
21
21
26
35
36
4
26
28
21
29
29
21
29
24
16
20
10
33
8
36
36
23
36
33
35
31
35
1
28
35
27
22
0
35
28
23
36
36
33
35
0
35
36
34
35
26
35
30
35
36
36
33
36
3
36
12
