34
17
9
30
21
21
31
18
35
21
16
10
1
33
10
20
2
34
28
12
3
12
23
4
36
4
35
5
23
2
6
16
6
16
7
2
18
8
18
35
19
9
35
1
10
35
10
21
2
22
12
6
22
7
13
36
30
14
24
34
15
25
30
15
16
31
35
27
18
33
18
28
32
4
29
14
20
30
30
21
31
21
35
21
32
35
6
33
36
24
17
34
13
25
3
35
26
4
36
20
36
5
11
2
27
11
6
29
26
23
32
25
0
35
34
35
35
36
10
35
35
35
34
35
14
36
35
35
35
36
30
35
28
35
36
0
35
15
36
35
35
34
36
34
12
2
36
32
6
