29
17
10
6
19
13
7
35
32
36
36
1
10
1
24
2
11
2
18
3
3
3
26
4
4
14
15
5
4
2
6
6
6
7
7
2
7
8
18
35
19
9
35
10
10
20
1
11
35
1
12
22
7
12
36
36
14
24
35
35
15
14
31
16
26
12
1
27
17
18
28
18
29
13
29
13
20
30
34
4
31
0
22
36
32
1
23
33
1
18
0
34
10
10
35
4
26
15
4
36
5
5
16
2
6
17
30
7
30
12
7
5
36
35
33
36
30
36
5
35
34
36
35
35
31
35
2
36
36
36
36
36
35
36
15
35
16
2
35
12
34
14
35
18
34
18
35
7
10
