21
17
32
20
16
13
22
14
22
13
27
1
17
1
32
2
2
2
11
3
3
35
3
4
14
4
28
5
21
2
6
6
6
7
17
7
23
18
8
18
19
4
35
9
10
2
34
11
21
28
0
12
8
13
23
13
14
24
35
25
15
30
6
26
5
36
17
33
8
17
28
18
3
19
29
10
30
20
15
14
31
35
22
13
32
33
17
1
1
20
34
25
11
3
3
35
3
4
36
8
22
28
4
22
6
6
17
7
10
31
29
0
36
16
36
29
35
35
26
35
1
35
19
21
35
12
31
35
13
35
36
28
35
3
36
35
35
35
27
36
34
35
35
36
28
35
3
19
35
