29
13
6
21
6
31
23
9
12
13
28
20
9
1
1
1
1
30
2
11
2
12
27
12
3
32
24
22
4
17
14
24
5
15
5
15
25
6
31
16
24
7
31
27
8
8
31
18
2
9
1
19
0
10
2
20
2
11
21
25
12
22
12
22
29
31
23
13
14
14
9
24
15
7
25
26
6
16
31
26
16
17
10
27
9
18
12
28
12
7
29
20
29
20
1
0
30
5
2
31
18
31
21
0
21
32
7
32
6
17
21
8
22
10
2
24
15
20
11
16
24
31
31
31
31
31
8
31
32
31
31
31
32
31
31
28
31
24
31
25
31
31
32
31
32
31
31
29
31
9
31
24
31
31
32
31
32
31
31
23
