11
26
21
32
6
12
12
30
28
29
29
29
16
20
1
10
15
10
2
2
2
11
0
17
3
24
14
4
4
4
22
14
5
5
16
15
6
15
6
20
24
7
17
17
25
8
18
23
18
28
9
27
4
6
6
20
11
29
11
21
31
12
22
23
22
13
23
23
14
26
14
24
2
7
2
16
25
16
15
26
4
17
15
27
18
14
28
9
28
11
6
19
29
20
21
21
30
21
10
2
7
31
13
3
19
32
14
32
21
1
20
18
18
10
15
16
20
15
20
1
9
32
31
0
31
31
32
30
31
9
31
1
31
21
31
20
31
0
31
31
32
31
31
31
27
31
23
31
32
31
31
32
31
31
15
31
25
32
31
28
