9
13
18
17
15
30
26
31
24
11
22
29
24
19
1
28
26
15
21
2
31
23
11
13
3
13
19
15
4
16
16
14
5
5
5
25
15
6
26
24
7
2
7
17
4
22
8
27
32
2
19
9
27
10
5
20
11
32
11
21
31
12
7
22
13
8
13
23
23
13
6
24
29
15
25
16
16
10
26
17
17
17
32
27
1
18
30
28
19
9
10
29
20
20
1
32
30
20
4
32
31
15
2
11
32
16
32
32
20
20
5
18
14
26
26
20
19
8
21
7
15
32
7
31
2
30
31
1
32
31
31
31
31
10
31
22
31
24
32
32
32
31
31
32
32
31
32
26
31
8
31
32
31
32
17
31
24
28
31
6
