19
10
21
14
14
19
7
30
18
9
26
13
9
27
1
30
13
28
2
2
2
31
19
3
12
3
32
20
4
13
24
26
5
14
5
15
6
6
6
0
16
7
25
17
8
8
8
18
9
9
9
19
20
10
5
29
20
2
11
21
5
22
12
29
7
23
13
23
31
5
14
24
4
25
31
25
16
30
1
26
17
10
17
27
11
28
31
28
28
16
29
20
29
12
15
30
30
30
21
22
2
31
12
23
12
3
32
11
24
1
11
9
18
14
5
26
21
26
6
26
9
31
32
31
32
32
31
31
32
32
32
31
26
31
26
31
32
31
31
31
31
32
31
32
32
31
31
29
31
2
31
21
31
7
31
3
31
31
32
32
