31
17
15
12
8
16
20
28
10
15
19
14
9
15
1
29
21
26
13
2
11
0
32
3
3
3
13
13
4
25
16
14
5
20
5
23
16
6
24
16
26
7
17
23
18
8
26
32
18
9
32
19
1
10
20
25
31
11
11
21
12
8
12
22
23
13
23
31
14
5
2
24
32
15
31
25
9
5
4
26
16
17
15
27
31
7
18
28
10
8
9
16
29
17
20
30
21
13
13
17
4
31
20
10
9
3
32
12
22
16
25
25
5
14
25
19
16
9
16
5
25
31
32
31
32
32
32
32
32
31
31
31
29
31
30
32
32
23
31
13
31
32
31
22
31
11
31
31
32
32
31
31
32
32
32
32
32
32
26
31
