17
28
17
27
0
20
18
9
12
12
29
9
29
1
10
1
10
32
11
2
11
26
22
12
3
23
13
19
13
4
2
14
5
5
5
15
6
6
6
16
7
7
7
25
26
8
18
31
4
9
5
19
31
10
31
20
32
11
26
21
22
12
30
22
7
13
23
13
23
14
2
24
15
10
15
25
16
3
16
26
17
6
17
27
10
10
18
28
19
11
29
29
29
1
20
30
17
32
21
31
32
31
22
12
32
23
32
15
13
4
2
25
17
22
24
14
6
27
6
26
24
31
31
32
32
32
31
31
31
31
31
31
31
31
31
32
32
31
32
32
31
31
29
31
30
30
31
30
23
31
2
31
31
32
31
31
16
31
16
31
