17
17
27
31
8
18
28
18
13
19
29
19
29
1
20
1
21
16
11
2
31
22
12
32
3
12
24
13
4
2
4
20
5
5
2
15
5
6
16
2
17
7
32
3
8
18
8
32
5
9
5
19
26
1
10
20
2
11
21
30
26
12
22
28
9
13
23
5
13
5
24
15
15
5
25
15
16
26
30
26
8
17
27
31
32
18
28
18
11
19
29
8
8
1
20
30
9
15
11
22
31
22
4
18
32
23
14
20
24
21
24
22
5
23
26
2
5
27
26
25
32
32
32
26
31
28
31
32
32
32
31
31
32
31
31
31
31
31
28
31
25
27
31
28
29
31
23
31
32
31
24
31
15
5
31
4
31
31
31
26
