13
6
27
31
31
30
28
16
19
28
20
24
14
11
1
9
22
25
14
2
11
17
30
3
3
3
12
22
4
0
23
18
5
15
5
19
15
6
16
17
20
5
7
2
3
8
2
19
18
9
23
9
32
31
10
20
30
11
21
7
24
12
10
22
8
32
32
23
14
10
32
24
0
12
25
15
16
7
26
3
6
10
17
27
8
18
28
11
19
17
13
29
20
9
6
30
17
21
14
31
15
31
12
32
13
3
32
21
11
3
4
5
5
15
5
27
15
0
1
9
10
31
32
29
31
8
30
31
6
32
31
31
31
31
10
31
26
31
4
31
31
32
31
31
31
31
32
32
32
31
31
32
32
31
31
32
31
14
31
17
