10
14
17
10
23
30
11
30
13
17
19
25
10
12
1
30
20
12
26
2
19
23
12
3
21
3
13
28
4
28
32
14
5
25
5
15
20
6
1
16
26
7
17
31
8
18
8
27
31
9
32
19
10
8
10
20
11
11
11
21
26
12
22
27
13
31
13
23
29
32
11
24
15
25
30
25
16
32
2
26
17
27
17
27
10
12
18
28
32
10
19
29
17
30
20
3
30
0
21
18
31
20
12
9
21
32
13
13
9
23
14
11
14
18
5
22
20
17
6
0
8
31
32
31
27
31
29
31
31
32
32
31
31
31
32
32
31
31
29
31
21
31
32
31
31
31
29
31
0
30
31
16
32
32
15
31
27
31
31
4
