13
21
31
31
31
31
6
28
14
30
10
29
19
1
31
1
13
20
2
2
2
23
12
3
3
3
3
4
4
4
0
14
5
5
17
15
6
6
16
6
7
7
7
17
8
8
8
8
18
9
30
19
10
10
29
10
11
11
21
11
22
12
22
22
10
23
30
23
14
24
3
24
8
15
25
12
5
7
26
5
16
17
31
27
8
18
11
28
19
15
16
29
20
1
10
8
30
18
0
31
31
31
4
23
12
32
22
20
21
23
4
11
5
18
1
17
7
24
20
10
32
31
26
31
29
31
27
31
31
32
29
32
10
31
18
31
11
31
28
31
19
31
29
31
9
31
22
31
31
31
11
31
8
8
31
28
15
31
25
20
