32
15
32
19
30
18
0
9
22
10
16
32
26
18
1
25
17
17
31
2
11
29
14
15
3
12
31
0
4
1
14
27
5
29
5
32
6
0
25
16
7
7
7
17
8
8
21
18
19
9
32
27
19
10
22
20
31
11
21
8
26
12
5
22
13
2
13
23
27
32
14
24
4
15
25
32
2
11
16
26
16
27
4
27
17
18
12
28
15
15
19
29
20
10
1
12
30
15
2
2
14
31
19
3
17
32
12
32
24
9
4
17
25
14
5
21
6
0
13
16
0
32
31
31
21
31
23
31
30
31
31
32
31
31
31
31
20
31
7
31
26
31
31
12
31
26
31
13
31
31
26
31
32
31
31
0
26
32
14
5
