9
9
10
8
9
9
28
7
15
20
8
20
16
15
1
0
23
30
18
2
11
11
12
3
3
3
27
32
4
13
0
14
5
5
17
15
30
6
25
16
27
7
17
32
17
8
31
18
9
9
19
2
0
10
21
20
11
11
11
7
29
12
5
22
13
13
32
30
31
14
24
32
6
15
25
14
3
16
3
26
15
5
4
27
18
4
11
28
12
4
1
29
10
19
5
30
21
30
22
22
18
31
11
23
3
32
0
32
0
4
0
10
5
26
21
19
6
7
14
14
1
31
32
31
31
31
31
18
31
30
31
32
31
32
31
31
31
31
30
31
5
31
30
31
31
32
31
31
32
32
31
32
32
32
32
32
31
28
31
9
