29
31
27
23
32
11
18
28
0
8
16
27
24
12
1
23
10
19
10
2
21
11
19
12
3
12
13
13
4
13
4
15
25
5
20
20
15
6
16
23
19
7
28
31
17
8
3
18
8
9
19
1
19
10
10
20
20
11
32
21
11
29
31
22
13
23
13
31
23
14
24
6
15
8
25
6
16
3
9
26
16
17
27
6
27
18
6
28
19
18
29
8
29
20
1
30
30
30
11
13
22
31
23
22
3
22
32
1
23
18
24
22
14
26
4
3
15
8
20
5
23
31
32
17
32
32
31
32
32
31
31
32
32
31
31
19
31
20
31
21
32
31
31
22
31
0
31
4
32
31
31
7
30
31
29
31
32
31
11
31
