32
16
17
16
14
12
18
26
19
20
31
12
9
1
17
1
10
30
2
2
2
13
12
3
3
12
3
3
4
13
17
20
5
23
15
5
6
16
6
16
24
7
18
17
18
8
27
22
19
9
3
19
31
10
0
20
30
11
8
11
0
12
22
10
23
13
3
23
13
31
14
24
15
32
25
16
30
26
16
26
10
17
17
27
18
8
30
28
19
30
29
20
29
1
30
1
30
1
2
31
22
31
32
14
32
3
32
24
22
6
15
24
17
14
19
0
24
22
4
16
17
31
32
31
0
31
29
31
31
32
32
31
31
32
31
31
30
31
31
31
31
30
31
30
10
31
1
5
31
14
32
32
31
32
31
31
32
1
31
13
