27
6
28
27
13
28
26
16
32
26
10
13
20
20
1
0
16
23
32
2
28
25
23
12
3
12
17
30
4
26
15
14
5
15
5
15
6
2
6
16
16
7
28
17
8
29
8
27
31
9
23
19
4
10
5
20
2
11
21
32
12
27
12
22
13
13
23
9
14
14
24
5
32
15
3
25
32
16
0
26
29
4
7
27
13
18
0
28
16
7
6
29
20
17
7
21
30
4
13
14
31
22
19
17
12
32
13
32
14
21
18
17
10
13
17
7
21
2
22
16
17
32
31
31
25
31
8
31
21
32
31
31
11
31
29
31
31
32
31
32
32
31
31
31
15
31
27
31
29
32
32
31
31
31
31
31
31
32
31
31
