17
9
23
23
15
16
30
19
27
10
15
19
26
11
1
21
10
10
2
2
2
20
12
3
23
3
25
13
4
13
14
1
5
5
15
5
6
16
6
17
32
7
22
17
1
8
4
18
9
27
9
19
31
10
20
1
31
11
31
21
11
22
12
5
13
13
31
23
14
27
24
0
15
31
15
25
14
16
26
31
17
7
17
27
6
10
28
19
28
2
29
19
29
0
0
21
30
17
21
17
2
31
12
1
23
3
32
11
4
13
23
1
17
5
22
0
6
17
11
0
24
31
32
31
31
31
31
31
31
31
31
31
32
31
31
31
31
28
31
21
31
26
31
10
31
4
31
31
31
31
24
31
15
31
14
32
32
31
31
31
