6
0
17
12
19
18
9
22
19
11
8
20
0
1
11
1
21
26
21
2
21
16
31
3
3
3
0
13
4
32
19
0
5
5
5
15
6
6
4
16
7
16
7
2
18
17
8
30
9
9
30
19
9
10
32
2
20
11
22
30
12
3
32
22
13
12
23
13
8
14
7
24
31
31
10
25
26
16
9
26
16
3
27
27
27
18
15
13
28
14
14
20
29
2
16
30
21
30
12
17
31
31
31
3
1
24
32
24
4
5
21
13
3
17
8
21
19
17
14
1
12
32
31
10
31
17
31
31
32
31
31
12
31
31
32
28
24
31
30
30
31
15
32
31
31
31
31
31
31
32
31
32
26
31
31
31
31
10
31
26
