26
7
17
13
27
27
29
0
20
8
10
9
18
1
1
1
1
31
2
14
2
11
12
18
3
12
12
20
4
18
22
2
22
5
29
23
2
6
16
27
7
7
7
17
26
8
18
27
18
28
9
19
19
29
10
20
31
11
21
0
11
12
22
12
6
13
23
32
14
32
24
15
15
25
15
25
16
16
26
26
16
17
27
27
27
18
28
32
18
19
6
29
10
14
7
30
21
2
2
3
31
11
2
23
3
32
10
14
22
5
21
1
22
23
7
23
4
8
3
27
7
31
32
31
31
31
31
28
32
29
32
28
20
31
23
28
31
19
31
9
31
9
24
31
5
31
32
31
32
32
31
32
31
25
32
22
16
32
15
30
