52
63
29
62
13
16
1
1
2
2
3
46
4
22
5
61
6
49
7
8
20
9
1
10
23
11
12
4
13
26
14
28
15
4
17
17
31
18
19
57
20
21
43
22
23
10
36
25
10
25
26
27
41
28
60
30
43
30
45
23
46
33
47
35
49
36
37
28
51
52
59
29
28
41
56
55
56
44
64
28
46
59
28
61
61
61
49
63
64
27
64
53
42
50
11
12
34
64
40
63
58
63
61
63
63
63
63
63
64
64
63
64
63
63
63
63
62
64
64
64
64
63
61
60
64
43
61
63
61
63
3
61
62
49
63
63
28
64
