55
7
52
38
19
19
1
1
2
2
3
12
4
4
47
5
6
6
7
8
19
9
53
10
32
11
12
23
8
13
26
15
8
27
17
11
17
19
31
20
20
32
21
6
4
17
35
25
37
26
39
7
39
22
29
42
24
31
17
44
33
33
46
47
48
51
53
29
50
50
60
52
40
32
54
55
55
44
56
44
46
58
48
48
48
45
6
50
8
63
64
53
35
33
26
56
12
57
57
64
61
63
61
63
61
63
63
63
63
63
63
63
63
63
63
63
63
64
64
63
62
62
61
62
62
61
62
61
61
62
33
46
63
48
63
49
29
50
