28
13
49
7
32
9
1
1
2
63
3
58
4
4
5
26
6
2
7
8
3
9
22
10
22
11
12
6
5
25
8
15
27
16
30
63
12
19
5
19
32
21
35
16
23
24
36
59
25
26
4
26
21
42
25
30
46
30
45
44
33
25
14
20
35
36
49
54
38
28
38
52
53
32
54
43
59
56
61
44
58
46
4
60
60
61
62
50
63
37
52
9
10
44
54
12
32
36
64
27
63
39
63
61
63
63
63
63
63
63
63
63
63
64
63
63
63
63
63
63
63
63
63
42
58
22
62
62
44
33
59
64
7
64
36
49
54
59
