7
51
14
8
36
56
1
1
2
43
3
58
4
38
5
45
6
62
7
64
8
9
4
51
11
23
12
12
13
13
14
15
9
16
17
17
43
31
19
20
33
21
22
34
63
17
16
25
25
38
26
25
28
41
28
5
23
43
32
32
45
46
14
35
48
6
37
15
51
23
51
14
53
24
54
55
42
56
43
45
58
45
60
31
60
26
62
62
64
64
52
4
51
54
50
12
31
30
64
14
63
61
63
61
63
63
63
63
64
63
63
63
63
63
63
63
63
59
38
62
62
15
62
14
61
29
17
54
32
62
62
57
35
62
63
64
62
63
