51
5
40
12
41
11
1
1
2
2
3
13
4
4
5
5
1
7
18
8
4
9
9
37
11
10
12
6
13
25
14
15
27
16
10
17
30
7
19
33
39
33
21
34
62
23
24
63
25
63
27
15
18
28
41
42
15
21
32
26
33
46
48
47
35
29
12
11
18
51
32
40
63
41
20
13
56
2
58
45
63
4
62
61
61
1
62
50
63
64
40
28
46
11
10
43
42
64
34
63
15
61
63
61
63
63
63
63
63
63
62
63
63
62
64
63
63
63
63
64
64
59
63
63
61
63
54
64
64
54
46
48
13
63
63
40
59
6
