63
51
26
57
12
9
28
1
2
60
3
13
4
3
5
18
6
64
7
48
8
9
29
10
1
11
12
46
13
55
14
42
61
16
17
29
18
18
19
0
20
32
40
22
23
11
35
24
38
63
26
39
40
29
29
42
18
53
32
44
45
33
52
53
34
54
48
61
58
63
51
26
57
58
26
22
42
2
60
45
20
61
30
62
19
6
64
24
48
64
37
38
22
48
54
53
56
58
64
61
63
61
61
63
61
63
63
63
64
63
63
63
63
63
64
64
64
63
63
63
0
63
50
63
63
61
59
57
63
61
63
63
0
34
62
28
28
2
