38
53
31
40
14
10
1
1
2
2
3
3
4
4
5
62
6
1
7
8
47
9
3
10
30
11
56
64
13
25
14
3
15
16
38
17
14
31
19
32
20
63
34
22
19
23
36
25
38
26
40
24
40
7
42
30
18
44
32
44
45
34
46
22
49
36
49
53
38
38
53
52
40
55
54
43
58
41
39
27
43
46
43
47
62
6
64
50
64
47
19
3
48
46
48
56
64
51
59
63
61
39
63
64
64
63
63
63
64
63
63
63
64
64
63
63
63
59
63
62
60
40
63
59
63
54
60
62
58
64
48
46
62
62
36
2
64
22
