# Results obtained using DQN. CPU time: 194.35639762878418
0.04022535  38.00000000  0.04022535  40.00000000  1557.56161840  0.00000000
0.00023713  38.00000000  0.00023713  40.00000000  1080.68275921  0.00000000
0.00049108  37.00000000  0.00024696  40.00000000  1096.06254649  0.00000000
0.00101509  38.00000000  0.00101509  40.00000000  1050.72959555  0.00000000
0.00365289  38.00000000  0.00365289  40.00000000  1025.06987198  0.00000000
0.00024396  36.00000000  0.00024223  40.00000000  904.04604320  0.00000000
0.00838153  38.00000000  0.00838153  40.00000000  1649.86151094  0.00000000
0.00565286  32.00000000  0.00169140  40.00000000  1079.73860689  0.00000000
0.05306306  38.00000000  0.05306306  40.00000000  1271.64984562  0.00000000
0.01346975  38.00000000  0.01346975  40.00000000  1689.27271022  0.00000000
0.00311468  38.00000000  0.00311468  40.00000000  1673.30265447  0.00000000
0.01277809  38.00000000  0.01277809  40.00000000  1366.28430269  0.00000000
0.00035418  38.00000000  0.00035418  40.00000000  980.47876179  0.00003037
0.00117862  38.00000000  0.00117862  40.00000000  1124.67230940  0.00011134
0.00689523  38.00000000  0.00689523  40.00000000  1719.94705957  0.00019232
0.00092220  28.00000000  0.00038847  40.00000000  1016.18733266  0.00027329
0.00413002  38.00000000  0.00413002  40.00000000  1898.43457746  0.00035427
0.00013177  38.00000000  0.00013177  40.00000000  979.09013653  0.00043525
0.00156630  32.00000000  0.00137580  40.00000000  1195.72753309  0.00051622
0.00058017  38.00000000  0.00058017  40.00000000  1871.74131491  0.00059720
0.01656421  38.00000000  0.01656421  40.00000000  1584.33828475  0.00067818
0.00210062  31.00000000  0.00138914  40.00000000  1788.46873519  0.00075915
0.00024847  35.00000000  0.00005335  40.00000000  1129.45651009  0.00084013
0.00341533  38.00000000  0.00341533  40.00000000  1020.31056535  0.00092110
0.00026651  38.00000000  0.00026651  40.00000000  1040.35964322  0.00100208
0.00011230  31.00000000  0.00004037  40.00000000  987.94378849  0.00108306
0.00676254  38.00000000  0.00676254  40.00000000  1672.48067203  0.00116403
0.00301322  33.00000000  0.00206751  40.00000000  1608.46409530  0.00124501
0.00384594  38.00000000  0.00384594  40.00000000  1097.62738303  0.00132598
0.08079617  38.00000000  0.08079617  40.00000000  1218.22787616  0.00140696
0.00153857  38.00000000  0.00153857  40.00000000  1284.80816832  0.00148794
0.00025577  38.00000000  0.00025577  40.00000000  925.85631623  0.00156891
0.00001121  35.00000000  0.00000454  40.00000000  881.25870554  0.00164989
0.00065031  37.00000000  0.00029681  40.00000000  1311.16231069  0.00173086
0.00076266  38.00000000  0.00076266  40.00000000  1710.16695226  0.00181184
0.00078078  30.00000000  0.00025528  40.00000000  1069.17415793  0.00189282
0.00101057  38.00000000  0.00101057  40.00000000  1251.35552828  0.00197379
0.00411343  34.00000000  0.00090335  40.00000000  1013.25711165  0.00205477
0.00178860  32.00000000  0.00023615  40.00000000  1409.65942444  0.00213575
0.00060276  33.00000000  0.00021014  40.00000000  1001.46983774  0.00221672
0.00334568  29.00000000  0.00125211  40.00000000  1491.91374813  0.00229770
0.02882435  36.00000000  0.01143585  40.00000000  2329.24479610  0.00237867
0.19182249  35.00000000  0.14027306  40.00000000  2037.25712946  0.00245965
0.00189672  38.00000000  0.00189672  40.00000000  990.83841729  0.00254063
0.00033367  38.00000000  0.00033367  40.00000000  896.86330294  0.00262160
0.00950730  37.00000000  0.00861327  40.00000000  931.47608639  0.00270258
0.01598709  38.00000000  0.01598709  40.00000000  1630.88280167  0.00278355
0.00086217  36.00000000  0.00038238  40.00000000  1203.59207792  0.00286453
0.00393130  27.00000000  0.00328598  40.00000000  1118.24058942  0.00294551
0.00101209  34.00000000  0.00045554  40.00000000  1402.42235458  0.00302648
0.00746706  37.00000000  0.00466069  40.00000000  1288.67949838  0.00310746
0.00313396  36.00000000  0.00208461  40.00000000  1050.61756832  0.00318844
0.00120949  38.00000000  0.00120949  40.00000000  1097.77457746  0.00326941
0.00852824  38.00000000  0.00852824  40.00000000  1032.68028844  0.00335039
0.00089011  38.00000000  0.00089011  40.00000000  1062.02053880  0.00343136
0.00035246  34.00000000  0.00010504  40.00000000  1221.67449667  0.00351234
0.08592971  38.00000000  0.08592971  40.00000000  2947.83636223  0.00359332
0.02267732  38.00000000  0.02267732  40.00000000  1573.86637827  0.00367429
0.00239423  38.00000000  0.00239423  40.00000000  1174.88648865  0.00375527
0.02518489  36.00000000  0.01793561  40.00000000  1146.73024790  0.00383624
0.01088343  38.00000000  0.01088343  40.00000000  1104.58457627  0.00391722
0.00203866  34.00000000  0.00104301  40.00000000  947.64132630  0.00399820
0.01286187  32.00000000  0.00936018  40.00000000  1701.53116826  0.00407917
0.00046649  38.00000000  0.00046649  40.00000000  1516.06860311  0.00416015
0.28143311  38.00000000  0.28143311  40.00000000  2639.83539637  0.00424113
0.00311330  38.00000000  0.00311330  40.00000000  1252.25253813  0.00432210
0.00200888  38.00000000  0.00200888  40.00000000  1101.27125071  0.00440308
0.00225509  38.00000000  0.00225509  40.00000000  1015.47992215  0.00448405
0.00458787  38.00000000  0.00458787  40.00000000  1254.06407473  0.00456503
0.00284477  29.00000000  0.00193585  40.00000000  1310.98239170  0.00464601
0.01070149  33.00000000  0.00515113  40.00000000  1527.53076341  0.00472698
0.00062666  38.00000000  0.00062666  40.00000000  1270.69512465  0.00480796
0.00193617  34.00000000  0.00018603  40.00000000  1261.37160653  0.00488893
0.00004032  31.00000000  0.00000330  40.00000000  896.23603928  0.00496991
0.00030280  29.00000000  0.00009102  40.00000000  1171.75756975  0.00505089
0.00701688  33.00000000  0.00464489  40.00000000  1117.27990572  0.00513186
0.01074962  37.00000000  0.01063626  40.00000000  1940.28837292  0.00521284
0.00366020  38.00000000  0.00366020  40.00000000  1234.50409090  0.00529382
0.00468275  36.00000000  0.00422054  40.00000000  1681.30209960  0.00537479
0.00104761  38.00000000  0.00104761  40.00000000  1012.20213483  0.00545577
0.00021988  38.00000000  0.00021988  40.00000000  993.08513070  0.00553674
0.08421508  38.00000000  0.08421508  40.00000000  1558.89211954  0.00561772
0.00013685  37.00000000  0.00013075  40.00000000  1262.48715816  0.00569870
0.00020344  31.00000000  0.00008552  40.00000000  1061.10845493  0.00577967
0.00229352  38.00000000  0.00229352  40.00000000  1230.26826155  0.00586065
0.00302137  34.00000000  0.00262152  40.00000000  1074.74342682  0.00594162
0.00032622  33.00000000  0.00004599  40.00000000  1359.85753735  0.00602260
0.00079082  32.00000000  0.00002834  40.00000000  1562.28896682  0.00610358
0.00162213  38.00000000  0.00162213  40.00000000  1573.13453205  0.00618455
0.00819350  36.00000000  0.00730519  40.00000000  2003.28457319  0.00626553
0.02036100  38.00000000  0.02036100  40.00000000  1127.22407765  0.00634650
0.00194106  38.00000000  0.00194106  40.00000000  1015.10468075  0.00642748
0.00070567  32.00000000  0.00027828  40.00000000  976.55062385  0.00650846
0.01975925  34.00000000  0.00542598  40.00000000  1702.28070535  0.00658943
0.00021681  38.00000000  0.00021681  40.00000000  928.30696189  0.00667041
0.00105121  37.00000000  0.00098339  40.00000000  1064.92190562  0.00675139
0.01296184  35.00000000  0.01183489  40.00000000  1533.68508028  0.00683236
0.00025908  38.00000000  0.00025908  40.00000000  1047.66174138  0.00691334
0.00209788  38.00000000  0.00209788  40.00000000  1158.71025160  0.00699431
0.00529857  38.00000000  0.00529857  40.00000000  884.57064330  0.00707529
0.00136758  38.00000000  0.00136758  40.00000000  942.75573450  0.00715627
0.01685984  38.00000000  0.01685984  40.00000000  1379.71326420  0.00723724
0.00066616  27.00000000  0.00062414  40.00000000  1618.09550025  0.00731822
0.00666635  36.00000000  0.00279719  40.00000000  1358.01753080  0.00739919
0.00088870  38.00000000  0.00088870  40.00000000  1322.76036715  0.00748017
0.00090473  37.00000000  0.00080181  40.00000000  1252.18030794  0.00756115
0.00161939  35.00000000  0.00120816  40.00000000  1083.13068541  0.00764212
0.03557754  38.00000000  0.03557754  40.00000000  950.02506606  0.00772310
0.00402754  37.00000000  0.00388733  40.00000000  1317.20968976  0.00780408
0.00439738  37.00000000  0.00437173  40.00000000  1027.03883369  0.00788505
0.00432415  35.00000000  0.00310457  40.00000000  1268.49526795  0.00796603
0.00045841  38.00000000  0.00045841  40.00000000  1101.84603782  0.00804700
0.00643748  38.00000000  0.00643748  40.00000000  1123.72738925  0.00812798
0.01539018  38.00000000  0.01539018  40.00000000  1696.44565712  0.00820896
0.00085196  35.00000000  0.00026825  40.00000000  1625.21952867  0.00828993
0.00554057  34.00000000  0.00404007  40.00000000  1141.73039574  0.00837091
0.00231224  33.00000000  0.00137475  40.00000000  1324.32744544  0.00845188
0.00075917  31.00000000  0.00036497  40.00000000  1019.76332757  0.00853286
0.00073701  37.00000000  0.00057410  40.00000000  1630.51820778  0.00861384
0.00002270  38.00000000  0.00002270  40.00000000  864.04534181  0.00869481
0.00479692  35.00000000  0.00386074  40.00000000  905.82430855  0.00877579
0.05409680  38.00000000  0.05409680  40.00000000  1213.53166047  0.00885677
0.01136196  38.00000000  0.01136196  40.00000000  1474.47922332  0.00893774
0.00547728  31.00000000  0.00222459  40.00000000  1043.29079975  0.00901872
0.00155522  25.00000000  0.00146472  40.00000000  909.83479746  0.00909969
0.00368133  33.00000000  0.00232057  40.00000000  2551.37858712  0.00918067
0.00075384  33.00000000  0.00052856  40.00000000  1093.67388762  0.00926165
0.00031533  38.00000000  0.00031533  40.00000000  1027.51080395  0.00934262
0.00371645  38.00000000  0.00371645  40.00000000  1936.12866662  0.00942360
0.02915584  29.00000000  0.01344927  40.00000000  1673.11075463  0.00950457
0.00039507  35.00000000  0.00038113  40.00000000  997.38916561  0.00958555
0.01242510  38.00000000  0.01242510  40.00000000  1647.36218111  0.00966653
0.01645463  38.00000000  0.01645463  40.00000000  1903.02829031  0.00974750
0.00069121  29.00000000  0.00001080  40.00000000  1149.74917285  0.00982848
0.00109382  29.00000000  0.00022211  40.00000000  1212.28070411  0.00990946
0.00662113  38.00000000  0.00662113  40.00000000  1089.38392642  0.00999043
0.00052639  38.00000000  0.00052639  40.00000000  889.16850920  0.01007141
0.01244635  38.00000000  0.01244635  40.00000000  1134.60098334  0.01015238
0.00093982  32.00000000  0.00057641  40.00000000  1766.36271176  0.01023336
0.00172261  34.00000000  0.00106920  40.00000000  1224.62503640  0.01031434
0.00035464  34.00000000  0.00033172  40.00000000  1605.99447151  0.01039531
0.00180819  32.00000000  0.00038579  40.00000000  1251.52835319  0.01047629
0.00766020  38.00000000  0.00766020  40.00000000  1065.88514792  0.01055726
0.00266688  38.00000000  0.00266688  40.00000000  1512.88643271  0.01063824
0.00073221  28.00000000  0.00019406  40.00000000  902.48734464  0.01071922
0.04640766  38.00000000  0.04640766  40.00000000  1621.91711962  0.01080019
0.01918720  38.00000000  0.01918720  40.00000000  1065.72112522  0.01088117
0.00118913  35.00000000  0.00004171  40.00000000  1697.15978556  0.01096214
0.00036151  36.00000000  0.00010970  40.00000000  876.63533244  0.01104312
0.00010609  38.00000000  0.00010609  40.00000000  1255.22769128  0.01112410
0.00680579  38.00000000  0.00680579  40.00000000  1056.75800775  0.01120507
0.00390857  28.00000000  0.00366578  40.00000000  1113.19169296  0.01128605
0.02734671  37.00000000  0.02613089  40.00000000  1380.36568635  0.01136703
0.00730006  35.00000000  0.00319689  40.00000000  1383.75710817  0.01144800
0.00181813  33.00000000  0.00027589  40.00000000  1378.50548332  0.01152898
0.00302081  33.00000000  0.00063427  40.00000000  1076.69547421  0.01160995
0.00360673  37.00000000  0.00357978  40.00000000  1092.57267585  0.01169093
0.00145118  38.00000000  0.00145118  40.00000000  984.18518288  0.01177191
0.00312739  37.00000000  0.00299502  40.00000000  1593.21588975  0.01185288
0.00058330  21.00000000  0.00014139  40.00000000  1182.35003327  0.01193386
0.00339049  36.00000000  0.00320048  40.00000000  1081.70714980  0.01201483
0.05489531  38.00000000  0.05489531  40.00000000  2473.40562627  0.01209581
0.00174711  37.00000000  0.00122155  40.00000000  1127.51608849  0.01217679
0.00143649  38.00000000  0.00143649  40.00000000  1011.47127711  0.01225776
0.00567533  36.00000000  0.00306446  40.00000000  1310.08570115  0.01233874
0.00195164  38.00000000  0.00195164  40.00000000  983.25575363  0.01241972
0.00010487  38.00000000  0.00010487  40.00000000  1009.03906080  0.01250069
0.00025777  28.00000000  0.00004404  40.00000000  1009.98555834  0.01258167
0.00061353  37.00000000  0.00038630  40.00000000  903.32493717  0.01266264
0.00254551  38.00000000  0.00254551  40.00000000  1113.14598050  0.01274362
0.00082893  38.00000000  0.00082893  40.00000000  1247.06333745  0.01282460
0.00106056  37.00000000  0.00092929  40.00000000  920.29506925  0.01290557
0.00475706  38.00000000  0.00475706  40.00000000  1391.66561916  0.01298655
0.07600299  38.00000000  0.07600299  40.00000000  1661.78372610  0.01306752
0.00104775  38.00000000  0.00104775  40.00000000  1321.28060877  0.01314850
0.00018079  38.00000000  0.00018079  40.00000000  1079.67962189  0.01322948
0.00083332  27.00000000  0.00017123  40.00000000  1248.00496176  0.01331045
0.00037897  33.00000000  0.00036270  40.00000000  1085.87435008  0.01339143
0.00089924  36.00000000  0.00088783  40.00000000  1205.13554176  0.01347241
0.00007656  32.00000000  0.00003344  40.00000000  1232.10556467  0.01355338
0.00042070  35.00000000  0.00042011  40.00000000  1249.66733869  0.01363436
0.00079933  37.00000000  0.00041080  40.00000000  1367.08242962  0.01371533
0.00039505  38.00000000  0.00039505  40.00000000  917.23868190  0.01379631
0.00255498  38.00000000  0.00255498  40.00000000  1012.57980108  0.01387729
0.01056307  38.00000000  0.01056307  40.00000000  1533.83930245  0.01395826
0.00152209  38.00000000  0.00152209  40.00000000  1207.80461175  0.01403924
0.01241900  38.00000000  0.01241900  40.00000000  1568.89325107  0.01412021
0.00241278  38.00000000  0.00241278  40.00000000  1139.18653488  0.01420119
0.00130991  38.00000000  0.00130991  40.00000000  972.19534512  0.01428217
0.00008231  36.00000000  0.00002086  40.00000000  1214.07927030  0.01436314
0.00006995  30.00000000  0.00001330  40.00000000  1437.67868366  0.01444412
0.00536942  38.00000000  0.00536942  40.00000000  1368.54504278  0.01452509
0.00041721  37.00000000  0.00016388  40.00000000  1412.66019488  0.01460607
0.00272066  35.00000000  0.00261729  40.00000000  1154.85615869  0.01468705
0.00168563  38.00000000  0.00168563  40.00000000  937.17906229  0.01476802
0.00193740  36.00000000  0.00129390  40.00000000  1442.08599895  0.01484900
0.00039142  35.00000000  0.00025861  40.00000000  990.86950098  0.01492998
0.00188017  25.00000000  0.00116048  40.00000000  1309.89208029  0.01501095
0.00297831  36.00000000  0.00202807  40.00000000  1124.70606025  0.01509193
0.00092860  31.00000000  0.00057976  40.00000000  1023.64569333  0.01517290
0.00351548  38.00000000  0.00351548  40.00000000  1088.82853235  0.01525388
0.00105868  35.00000000  0.00062875  40.00000000  1142.61450387  0.01533486
0.00018768  25.00000000  0.00008807  40.00000000  1404.68550176  0.01541583
0.00043332  24.00000000  0.00003016  40.00000000  980.76716028  0.01549681
0.00690644  38.00000000  0.00690644  40.00000000  1273.11014504  0.01557778
0.00185512  38.00000000  0.00185512  40.00000000  1255.42235649  0.01565876
0.00052022  30.00000000  0.00000150  40.00000000  971.40249359  0.01573974
0.00472409  37.00000000  0.00472198  40.00000000  1734.90986506  0.01582071
0.00634376  38.00000000  0.00634376  40.00000000  1107.19321377  0.01590169
0.00326894  36.00000000  0.00310980  40.00000000  1022.34529481  0.01598267
0.01010471  38.00000000  0.01010471  40.00000000  1595.91523190  0.01606364
0.00362326  24.00000000  0.00007059  40.00000000  932.74620528  0.01614462
0.03751195  35.00000000  0.01636003  40.00000000  1467.61610045  0.01622559
0.00190495  26.00000000  0.00183634  40.00000000  1104.71224625  0.01630657
0.03011947  38.00000000  0.03011947  40.00000000  1224.20999817  0.01638755
0.00047783  33.00000000  0.00027483  40.00000000  1762.30748566  0.01646852
0.00009579  36.00000000  0.00002524  40.00000000  930.90019215  0.01654950
0.01523786  36.00000000  0.01060415  40.00000000  1804.78017751  0.01663047
0.01362833  38.00000000  0.01362833  40.00000000  1654.49285265  0.01671145
0.00812278  38.00000000  0.00812278  40.00000000  1110.33348276  0.01679243
0.00105911  31.00000000  0.00078011  40.00000000  928.16403298  0.01687340
0.00198684  38.00000000  0.00198684  40.00000000  1784.25538846  0.01695438
0.00053518  37.00000000  0.00051947  40.00000000  1016.95353447  0.01703536
0.00161849  38.00000000  0.00161849  40.00000000  1389.50022114  0.01711633
0.00588706  34.00000000  0.00147195  40.00000000  1991.58482360  0.01719731
0.00090948  34.00000000  0.00078158  40.00000000  960.86594879  0.01727828
0.00324704  34.00000000  0.00113525  40.00000000  1202.23164006  0.01735926
0.01416382  36.00000000  0.01068526  40.00000000  1371.30716390  0.01744024
0.00049392  35.00000000  0.00047862  40.00000000  1221.01146521  0.01752121
0.00445071  27.00000000  0.00150727  40.00000000  1594.12016179  0.01760219
0.00288361  38.00000000  0.00288361  40.00000000  1041.24245548  0.01768316
0.00138699  33.00000000  0.00014276  40.00000000  1322.90297829  0.01776414
0.00407542  29.00000000  0.00067777  40.00000000  1883.37885258  0.01784512
0.00018571  29.00000000  0.00005449  40.00000000  943.94166000  0.01792609
0.00040428  38.00000000  0.00040428  40.00000000  1104.70046280  0.01800707
0.01047837  38.00000000  0.01047837  40.00000000  2704.29670575  0.01808805
0.00701011  38.00000000  0.00701011  40.00000000  2264.21744937  0.01816902
0.00178911  38.00000000  0.00178911  40.00000000  1033.59452349  0.01825000
0.01329560  37.00000000  0.01125974  40.00000000  2194.87268458  0.01833097
0.00027058  38.00000000  0.00027058  40.00000000  913.31920957  0.01841195
0.00187226  38.00000000  0.00187226  40.00000000  1841.67241157  0.01849293
0.01841466  32.00000000  0.00153056  40.00000000  2051.32987745  0.01857390
0.00085504  38.00000000  0.00085504  40.00000000  999.24867773  0.01865488
0.00095499  26.00000000  0.00087196  40.00000000  1385.07863145  0.01873585
0.00002523  24.00000000  0.00001320  40.00000000  1088.34534613  0.01881683
0.00207774  33.00000000  0.00169816  40.00000000  1082.00355195  0.01889781
0.00204974  35.00000000  0.00124981  40.00000000  1083.12570368  0.01897878
0.01019684  38.00000000  0.01019684  40.00000000  1343.20040703  0.01905976
0.00099750  38.00000000  0.00099750  40.00000000  2277.68061001  0.01914073
0.00394659  36.00000000  0.00394105  40.00000000  1176.08029515  0.01922171
0.00347144  36.00000000  0.00242604  40.00000000  1609.68177926  0.01930269
0.00005053  27.00000000  0.00001974  40.00000000  1129.82792033  0.01938366
0.00201908  38.00000000  0.00201908  40.00000000  1144.93652549  0.01946464
0.00343526  31.00000000  0.00166586  40.00000000  1018.47693072  0.01954562
0.00163453  34.00000000  0.00020524  40.00000000  1486.38328775  0.01962659
0.00068094  35.00000000  0.00006854  40.00000000  1411.71733182  0.01970757
0.00322186  38.00000000  0.00322186  40.00000000  975.98813801  0.01978854
0.00876203  35.00000000  0.00531988  40.00000000  1151.12296056  0.01986952
0.05499843  38.00000000  0.05499843  40.00000000  1977.81549147  0.01995050
0.00077940  38.00000000  0.00077940  40.00000000  1228.28061618  0.02003147
0.00222235  38.00000000  0.00222235  40.00000000  1090.00554663  0.02011245
0.00107618  37.00000000  0.00096619  40.00000000  1167.71399986  0.02019342
0.02410023  38.00000000  0.02410023  40.00000000  1373.41268110  0.02027440
0.00116381  38.00000000  0.00116381  40.00000000  1115.02500132  0.02035538
0.00163233  34.00000000  0.00069016  40.00000000  1498.21870542  0.02043635
0.00037188  38.00000000  0.00037188  40.00000000  1597.30680856  0.02051733
0.00081368  34.00000000  0.00078229  40.00000000  1576.21308073  0.02059831
0.00098415  22.00000000  0.00039520  40.00000000  1548.25727501  0.02067928
0.00024433  35.00000000  0.00021073  40.00000000  1491.74889247  0.02076026
0.00318023  32.00000000  0.00142559  40.00000000  1080.16712421  0.02084123
0.00086895  29.00000000  0.00036455  40.00000000  1189.28014734  0.02092221
0.00460080  37.00000000  0.00361441  40.00000000  1197.21535148  0.02100319
0.00025830  35.00000000  0.00024542  40.00000000  964.50869666  0.02108416
0.03670122  35.00000000  0.02628192  40.00000000  2102.59536508  0.02116514
0.00107988  37.00000000  0.00106388  40.00000000  1223.65330917  0.02124611
0.00780738  32.00000000  0.00008108  40.00000000  1121.37045094  0.02132709
0.00107330  38.00000000  0.00107330  40.00000000  1197.18594853  0.02140807
0.00811509  38.00000000  0.00811509  40.00000000  1373.89606469  0.02148904
0.00378712  38.00000000  0.00378712  40.00000000  1250.35188190  0.02157002
0.00130041  37.00000000  0.00124212  40.00000000  1535.49185631  0.02165100
0.00087017  20.00000000  0.00001941  40.00000000  1487.17090313  0.02173197
0.00021983  32.00000000  0.00004688  40.00000000  1470.18661002  0.02181295
0.00067484  38.00000000  0.00067484  40.00000000  1181.98912896  0.02189392
0.00050563  29.00000000  0.00018362  40.00000000  1314.02889294  0.02197490
0.00289171  38.00000000  0.00289171  40.00000000  1145.06382209  0.02205588
0.00177988  36.00000000  0.00149491  40.00000000  1006.38527259  0.02213685
0.05986977  37.00000000  0.05862491  40.00000000  1692.57917346  0.02221783
0.00349809  38.00000000  0.00349809  40.00000000  1213.00184480  0.02229880
0.00526373  38.00000000  0.00526373  40.00000000  989.80170800  0.02237978
0.00234331  38.00000000  0.00234331  40.00000000  1224.43514933  0.02246076
0.00301695  38.00000000  0.00301695  40.00000000  1260.73639586  0.02254173
0.03921024  31.00000000  0.00620309  40.00000000  2211.47743844  0.02262271
0.00076835  37.00000000  0.00060180  40.00000000  1278.51296189  0.02270369
0.00759622  37.00000000  0.00677476  40.00000000  1722.12650041  0.02278466
0.00009793  38.00000000  0.00009793  40.00000000  907.22896733  0.02286564
0.01668443  38.00000000  0.01668443  40.00000000  1018.42858885  0.02294661
0.01618673  34.00000000  0.00414929  40.00000000  1464.46734204  0.02302759
0.01368458  33.00000000  0.01162595  40.00000000  1657.51209947  0.02310857
0.01795902  34.00000000  0.00028001  40.00000000  2363.49001268  0.02318954
0.00329547  35.00000000  0.00069920  40.00000000  1556.10705328  0.02327052
0.00322453  38.00000000  0.00322453  40.00000000  1311.17236288  0.02335149
0.00014475  33.00000000  0.00003540  40.00000000  859.83615798  0.02343247
0.01822085  38.00000000  0.01822085  40.00000000  1431.00850658  0.02351345
0.00027586  33.00000000  0.00003822  40.00000000  931.62392070  0.02359442
0.00025465  38.00000000  0.00025465  40.00000000  1327.88023477  0.02367540
0.00031790  30.00000000  0.00007148  40.00000000  1810.11037990  0.02375637
0.00113892  38.00000000  0.00113892  40.00000000  956.49022107  0.02383735
0.01593520  23.00000000  0.00028054  40.00000000  1272.22123327  0.02391833
0.00089539  33.00000000  0.00055135  40.00000000  1035.94072748  0.02399930
0.00031590  38.00000000  0.00031590  40.00000000  989.02913515  0.02408028
0.00727601  38.00000000  0.00727601  40.00000000  1111.62045179  0.02416126
0.00383377  37.00000000  0.00302523  40.00000000  1372.87516732  0.02424223
0.00142432  26.00000000  0.00036817  40.00000000  1337.10104891  0.02432321
0.00067082  33.00000000  0.00059891  40.00000000  1378.23772579  0.02440418
0.01502825  38.00000000  0.01502825  40.00000000  920.85518187  0.02448516
0.00481549  33.00000000  0.00282803  40.00000000  2221.76591917  0.02456614
0.00039917  22.00000000  0.00004666  40.00000000  1771.25817350  0.02464711
0.00099914  38.00000000  0.00099914  40.00000000  1068.62731985  0.02472809
0.00100766  38.00000000  0.00100766  40.00000000  1090.54644454  0.02480906
0.01495784  38.00000000  0.01495784  40.00000000  1809.19406997  0.02489004
0.00986689  28.00000000  0.00579655  40.00000000  1284.93774271  0.02497102
0.00259468  38.00000000  0.00259468  40.00000000  1410.79528970  0.02505199
0.02230427  32.00000000  0.01483611  40.00000000  1800.94387757  0.02513297
0.04206580  38.00000000  0.04206580  40.00000000  1140.55754969  0.02521395
0.00775395  38.00000000  0.00775395  40.00000000  2023.93308110  0.02529492
0.00038958  33.00000000  0.00037186  40.00000000  989.85844532  0.02537590
0.07785414  38.00000000  0.07785414  40.00000000  1398.15917024  0.02545687
0.00643031  37.00000000  0.00530903  40.00000000  1280.41310804  0.02553785
0.03471874  36.00000000  0.03431090  40.00000000  1858.37695921  0.02561883
0.00866474  38.00000000  0.00866474  40.00000000  1276.08958091  0.02569980
0.01141214  38.00000000  0.01141214  40.00000000  986.42032575  0.02578078
0.00180321  32.00000000  0.00083284  40.00000000  987.92081065  0.02586175
0.01370249  38.00000000  0.01370249  40.00000000  1380.49783053  0.02594273
0.00022780  32.00000000  0.00010039  40.00000000  1163.85965044  0.02602371
0.00309408  37.00000000  0.00305977  40.00000000  1842.97743751  0.02610468
0.00154612  36.00000000  0.00123722  40.00000000  1070.58750380  0.02618566
0.05885328  38.00000000  0.05885328  40.00000000  1498.91119643  0.02626664
0.00006343  30.00000000  0.00000466  40.00000000  879.31801664  0.02634761
0.02381745  38.00000000  0.02381745  40.00000000  1537.41174136  0.02642859
0.00162505  35.00000000  0.00028687  40.00000000  1127.87041178  0.02650956
0.00315878  30.00000000  0.00242315  40.00000000  1108.70696416  0.02659054
0.00962344  33.00000000  0.00650351  40.00000000  1445.61633925  0.02667152
0.00068108  32.00000000  0.00014753  40.00000000  1457.74267584  0.02675249
0.00847870  38.00000000  0.00847870  40.00000000  986.25842296  0.02683347
0.00266901  34.00000000  0.00203524  40.00000000  989.40280531  0.02691444
0.01178071  33.00000000  0.00437220  40.00000000  1186.87895400  0.02699542
0.00036234  28.00000000  0.00004449  40.00000000  1383.53161072  0.02707640
0.00149196  37.00000000  0.00145196  40.00000000  1005.58493403  0.02715737
0.00131125  32.00000000  0.00111913  40.00000000  1219.44141527  0.02723835
0.00089555  38.00000000  0.00089555  40.00000000  1089.50620460  0.02731932
0.00537179  38.00000000  0.00537179  40.00000000  920.92728158  0.02740030
0.00166206  29.00000000  0.00003489  40.00000000  1533.05711643  0.02748128
0.02667483  38.00000000  0.02667483  40.00000000  991.08808724  0.02756225
0.01945086  33.00000000  0.01549903  40.00000000  1689.90992863  0.02764323
0.00951398  37.00000000  0.00942358  40.00000000  1088.48237470  0.02772421
0.00554549  38.00000000  0.00554549  40.00000000  1343.00557689  0.02780518
0.00305820  38.00000000  0.00305820  40.00000000  1005.77626744  0.02788616
0.00226738  37.00000000  0.00213937  40.00000000  2209.25000377  0.02796713
0.00287747  37.00000000  0.00276393  40.00000000  1406.48459023  0.02804811
0.00245696  38.00000000  0.00245696  40.00000000  1279.82313962  0.02812909
0.00288096  38.00000000  0.00288096  40.00000000  1080.47612998  0.02821006
0.00095879  24.00000000  0.00049255  40.00000000  1082.01692876  0.02829104
0.00020238  36.00000000  0.00010230  40.00000000  1145.27049082  0.02837201
0.00511120  35.00000000  0.00454470  40.00000000  1431.79713008  0.02845299
0.00016735  38.00000000  0.00016735  40.00000000  1157.16371360  0.02853397
0.00090866  26.00000000  0.00062227  40.00000000  1824.40648152  0.02861494
0.00501999  38.00000000  0.00501999  40.00000000  1033.38534593  0.02869592
0.00024988  34.00000000  0.00004999  40.00000000  909.16758968  0.02877690
0.00027918  38.00000000  0.00027918  40.00000000  1345.79058369  0.02885787
0.00957962  33.00000000  0.00382183  40.00000000  1555.41203685  0.02893885
0.02116287  34.00000000  0.01613469  40.00000000  1756.59901659  0.02901982
0.00694894  27.00000000  0.00606372  40.00000000  1258.68212337  0.02910080
0.00248664  37.00000000  0.00248576  40.00000000  1237.49930261  0.02918178
0.00228702  38.00000000  0.00228702  40.00000000  1232.93183740  0.02926275
0.00937360  38.00000000  0.00937360  40.00000000  980.76622015  0.02934373
0.00046065  38.00000000  0.00046065  40.00000000  1356.62421290  0.02942470
0.00652066  38.00000000  0.00652066  40.00000000  1094.06053979  0.02950568
0.01480535  36.00000000  0.01147883  40.00000000  1289.51363270  0.02958666
0.00042892  37.00000000  0.00030673  40.00000000  974.85238977  0.02966763
0.00084299  30.00000000  0.00026138  40.00000000  1283.21611822  0.02974861
0.00485562  36.00000000  0.00450655  40.00000000  1154.88653723  0.02982959
0.01783435  37.00000000  0.01768674  40.00000000  1373.77144198  0.02991056
0.01360077  38.00000000  0.01360077  40.00000000  1503.36990716  0.02999154
0.00792234  30.00000000  0.00631703  40.00000000  1493.38368374  0.03007251
0.00196832  38.00000000  0.00196832  40.00000000  970.37630733  0.03015349
0.00814975  36.00000000  0.00652358  40.00000000  1025.28549717  0.03023447
0.00727503  38.00000000  0.00727503  40.00000000  1533.84110432  0.03031544
0.00889452  38.00000000  0.00889452  40.00000000  1448.31420828  0.03039642
0.02384966  36.00000000  0.00970316  40.00000000  2182.21628847  0.03047739
0.00027853  36.00000000  0.00020253  40.00000000  1283.74740707  0.03055837
0.00046883  32.00000000  0.00044438  40.00000000  867.93906391  0.03063935
0.00301449  38.00000000  0.00301449  40.00000000  1544.48896549  0.03072032
0.00075154  36.00000000  0.00026222  40.00000000  889.85564770  0.03080130
0.00103372  38.00000000  0.00103372  40.00000000  996.08190041  0.03088228
0.00447286  34.00000000  0.00246434  40.00000000  1522.85028160  0.03096325
0.00032742  34.00000000  0.00018494  40.00000000  995.15417040  0.03104423
0.00184563  38.00000000  0.00184563  40.00000000  900.44967076  0.03112520
0.00951431  29.00000000  0.00598360  40.00000000  2059.05594164  0.03120618
0.00525044  38.00000000  0.00525044  40.00000000  1215.34188675  0.03128716
0.03835110  33.00000000  0.02522935  40.00000000  2011.08143277  0.03136813
0.01108007  38.00000000  0.01108007  40.00000000  1164.62679923  0.03144911
0.00129664  36.00000000  0.00116049  40.00000000  1010.80443471  0.03153008
0.00430393  38.00000000  0.00430393  40.00000000  1077.91457493  0.03161106
0.00147558  32.00000000  0.00049293  40.00000000  1776.13548846  0.03169204
0.01243188  37.00000000  0.01237428  40.00000000  1367.65745327  0.03177301
0.01274922  38.00000000  0.01274922  40.00000000  1371.73997150  0.03185399
0.00174837  38.00000000  0.00174837  40.00000000  1275.71573041  0.03193496
0.00218657  38.00000000  0.00218657  40.00000000  1093.07988894  0.03201594
0.02239617  35.00000000  0.00934623  40.00000000  2278.91458599  0.03209692
0.00085358  32.00000000  0.00061169  40.00000000  867.11738434  0.03217789
0.00334726  31.00000000  0.00075604  40.00000000  1576.60201304  0.03225887
0.00139410  36.00000000  0.00119718  40.00000000  1198.51662478  0.03233985
0.00068159  37.00000000  0.00067174  40.00000000  1154.52190595  0.03242082
0.01307163  38.00000000  0.01307163  40.00000000  1630.52155571  0.03250180
0.00068895  38.00000000  0.00068895  40.00000000  1592.01791135  0.03258277
0.00061986  38.00000000  0.00061986  40.00000000  1198.94371997  0.03266375
0.00052865  38.00000000  0.00052865  40.00000000  1191.06553775  0.03274473
0.00170233  35.00000000  0.00114246  40.00000000  984.58863162  0.03282570
0.00056125  38.00000000  0.00056125  40.00000000  1577.54954106  0.03290668
0.00019909  27.00000000  0.00005345  40.00000000  1046.14550987  0.03298765
0.02548661  29.00000000  0.00556060  40.00000000  1592.27508749  0.03306863
0.00706661  29.00000000  0.00658391  40.00000000  1034.69927141  0.03314961
0.00456887  36.00000000  0.00441143  40.00000000  1029.22709346  0.03323058
0.00610990  38.00000000  0.00610990  40.00000000  1166.79444516  0.03331156
0.01026746  38.00000000  0.01026746  40.00000000  1715.54210124  0.03339254
0.00813758  37.00000000  0.00471011  40.00000000  1848.59309040  0.03347351
0.00158848  26.00000000  0.00053111  40.00000000  1193.50374899  0.03355449
0.00190881  31.00000000  0.00067060  40.00000000  990.23769405  0.03363546
0.00434793  38.00000000  0.00434793  40.00000000  1002.43248589  0.03371644
0.06524875  37.00000000  0.04561180  40.00000000  1252.15752459  0.03379742
0.15591497  38.00000000  0.15591497  40.00000000  1986.39584090  0.03387839
0.00628131  38.00000000  0.00628131  40.00000000  1370.32671206  0.03395937
0.00717482  38.00000000  0.00717482  40.00000000  1249.38850910  0.03404034
0.02714183  38.00000000  0.02714183  40.00000000  1323.34787504  0.03412132
0.00552857  38.00000000  0.00552857  40.00000000  1062.37794996  0.03420230
0.01282470  38.00000000  0.01282470  40.00000000  1257.66995314  0.03428327
0.00280674  38.00000000  0.00280674  40.00000000  949.53853017  0.03436425
0.00414500  28.00000000  0.00028889  40.00000000  941.68913432  0.03444523
0.00035332  36.00000000  0.00026180  40.00000000  1368.62421888  0.03452620
0.00311285  36.00000000  0.00292244  40.00000000  2246.32988671  0.03460718
0.00024990  38.00000000  0.00024990  40.00000000  933.94433022  0.03468815
0.00235458  34.00000000  0.00133301  40.00000000  1536.97123959  0.03476913
0.00090789  38.00000000  0.00090789  40.00000000  1248.74099934  0.03485011
0.00056220  38.00000000  0.00056220  40.00000000  1173.52251975  0.03493108
0.00226826  35.00000000  0.00164740  40.00000000  1644.40357375  0.03501206
0.01574173  31.00000000  0.01147735  40.00000000  1221.97679667  0.03509303
0.00391016  33.00000000  0.00214172  40.00000000  1203.70705355  0.03517401
0.01824707  35.00000000  0.01449669  40.00000000  1132.04566180  0.03525499
0.00071391  38.00000000  0.00071391  40.00000000  911.68590315  0.03533596
0.00475982  33.00000000  0.00095399  40.00000000  1623.82260425  0.03541694
0.00167689  33.00000000  0.00024324  40.00000000  1213.01814199  0.03549792
0.00105571  38.00000000  0.00105571  40.00000000  1112.05247491  0.03557889
0.00293138  38.00000000  0.00293138  40.00000000  1997.14036694  0.03565987
0.00016396  38.00000000  0.00016396  40.00000000  1107.16746373  0.03574084
0.00036806  33.00000000  0.00006105  40.00000000  982.00618239  0.03582182
0.02455361  38.00000000  0.02455361  40.00000000  1595.68174049  0.03590280
0.00224693  38.00000000  0.00224693  40.00000000  1171.01105647  0.03598377
0.00063553  38.00000000  0.00063553  40.00000000  949.01983471  0.03606475
0.00267464  27.00000000  0.00163367  40.00000000  1541.60653249  0.03614572
0.00337020  30.00000000  0.00231967  40.00000000  1353.33366173  0.03622670
0.00761339  33.00000000  0.00273092  40.00000000  1736.33753360  0.03630768
0.13692263  38.00000000  0.13692263  40.00000000  1584.19811447  0.03638865
0.01016643  38.00000000  0.01016643  40.00000000  1053.28345498  0.03646963
0.00061407  37.00000000  0.00024190  40.00000000  962.72448098  0.03655060
0.01782732  38.00000000  0.01782732  40.00000000  1402.15425391  0.03663158
0.00483472  38.00000000  0.00483472  40.00000000  1003.35765865  0.03671256
0.00192025  38.00000000  0.00192025  40.00000000  1144.13166068  0.03679353
0.00050964  38.00000000  0.00050964  40.00000000  948.75834415  0.03687451
0.01993695  35.00000000  0.01625619  40.00000000  1853.28344303  0.03695549
0.02404614  38.00000000  0.02404614  40.00000000  1824.03399753  0.03703646
0.00052381  35.00000000  0.00034780  40.00000000  1038.60550248  0.03711744
0.00504905  38.00000000  0.00504905  40.00000000  1313.08228803  0.03719841
0.00029299  35.00000000  0.00003951  40.00000000  1063.78035794  0.03727939
0.00541220  28.00000000  0.00484231  40.00000000  1813.59110390  0.03736037
0.00099048  38.00000000  0.00099048  40.00000000  994.36519771  0.03744134
0.00055124  38.00000000  0.00055124  40.00000000  907.11335567  0.03752232
0.00159546  34.00000000  0.00155255  40.00000000  951.93171218  0.03760329
0.00858042  37.00000000  0.00653532  40.00000000  979.35400445  0.03768427
0.00376128  38.00000000  0.00376128  40.00000000  1637.87192855  0.03776525
0.00499902  38.00000000  0.00499902  40.00000000  1614.56978942  0.03784622
0.00046884  38.00000000  0.00046884  40.00000000  1622.93871299  0.03792720
0.00362651  37.00000000  0.00337407  40.00000000  1287.53335251  0.03800818
0.00413896  36.00000000  0.00207563  40.00000000  1551.35256419  0.03808915
0.00142587  24.00000000  0.00044426  40.00000000  1533.18151078  0.03817013
0.03031704  38.00000000  0.03031704  40.00000000  1174.14840579  0.03825110
0.00118782  38.00000000  0.00118782  40.00000000  1058.07626350  0.03833208
0.02184997  38.00000000  0.02184997  40.00000000  1317.68089232  0.03841306
0.00278635  38.00000000  0.00278635  40.00000000  1242.36895778  0.03849403
0.00239296  38.00000000  0.00239296  40.00000000  1462.54994690  0.03857501
0.01574269  38.00000000  0.01574269  40.00000000  1325.96448516  0.03865598
0.00097117  33.00000000  0.00069872  40.00000000  1095.73775243  0.03873696
0.00590980  38.00000000  0.00590980  40.00000000  1267.55766179  0.03881794
0.01183355  36.00000000  0.01041005  40.00000000  1410.86934198  0.03889891
0.00042891  38.00000000  0.00042891  40.00000000  1457.78054051  0.03897989
0.00077169  30.00000000  0.00030209  40.00000000  914.78240875  0.03906087
0.00659886  38.00000000  0.00659886  40.00000000  1379.27601738  0.03914184
0.00406369  34.00000000  0.00342522  40.00000000  2138.92736251  0.03922282
0.00176734  36.00000000  0.00132004  40.00000000  930.16904282  0.03930379
0.00895652  35.00000000  0.00773750  40.00000000  1081.86419791  0.03938477
0.00126876  38.00000000  0.00126876  40.00000000  990.65971500  0.03946575
0.09200675  28.00000000  0.01725672  40.00000000  1749.24567177  0.03954672
0.00217335  32.00000000  0.00208200  40.00000000  1160.87895218  0.03962770
0.00054350  24.00000000  0.00042446  40.00000000  1044.97840068  0.03970867
0.00204331  37.00000000  0.00198102  40.00000000  1588.92749692  0.03978965
0.00979565  32.00000000  0.00290003  40.00000000  1071.00512585  0.03987063
0.00103537  37.00000000  0.00093187  40.00000000  994.96860852  0.03995160
0.01319728  21.00000000  0.00793782  40.00000000  1338.26401733  0.04003258
0.00090576  38.00000000  0.00090576  40.00000000  1420.84255264  0.04011355
0.00070635  38.00000000  0.00070635  40.00000000  1042.66150867  0.04019453
0.00011945  27.00000000  0.00000049  40.00000000  1007.56171678  0.04027551
0.00048868  33.00000000  0.00012396  40.00000000  1013.30921175  0.04035648
0.00079832  25.00000000  0.00018194  40.00000000  960.97512236  0.04043746
0.00276794  35.00000000  0.00193137  40.00000000  940.44425792  0.04051844
0.00101485  23.00000000  0.00056938  40.00000000  1439.52745318  0.04059941
0.00056904  38.00000000  0.00056904  40.00000000  1225.63342982  0.04068039
0.00097811  38.00000000  0.00097811  40.00000000  1298.71537754  0.04076136
0.01043316  37.00000000  0.00982476  40.00000000  1330.04321317  0.04084234
0.00586149  37.00000000  0.00504886  40.00000000  1318.82211802  0.04092332
0.00521368  25.00000000  0.00126385  40.00000000  1373.48014103  0.04100429
0.09246483  37.00000000  0.07488791  40.00000000  2277.24563111  0.04108527
0.00312958  38.00000000  0.00312958  40.00000000  978.00093595  0.04116624
0.00037382  25.00000000  0.00002796  40.00000000  1366.11769640  0.04124722
0.00046337  38.00000000  0.00046337  40.00000000  1050.61831671  0.04132820
0.00397646  28.00000000  0.00059645  40.00000000  2363.48439700  0.04140917
0.00062839  36.00000000  0.00060164  40.00000000  1713.00827093  0.04149015
0.00076842  38.00000000  0.00076842  40.00000000  1596.37317505  0.04157113
0.00022937  30.00000000  0.00000106  40.00000000  982.22977101  0.04165210
0.00384012  38.00000000  0.00384012  40.00000000  999.47346252  0.04173308
0.00009367  30.00000000  0.00005026  40.00000000  1229.64518561  0.04181405
0.00128382  38.00000000  0.00128382  40.00000000  933.92300111  0.04189503
0.00607117  35.00000000  0.00201326  40.00000000  1059.67277813  0.04197601
0.00475775  29.00000000  0.00021935  40.00000000  1108.52336308  0.04205698
0.01318926  38.00000000  0.01318926  40.00000000  1393.46020025  0.04213796
0.04683369  36.00000000  0.03537242  40.00000000  1084.65820687  0.04221893
0.00030271  38.00000000  0.00030271  40.00000000  1684.58979994  0.04229991
0.00065980  38.00000000  0.00065980  40.00000000  1151.36098910  0.04238089
0.00241179  38.00000000  0.00241179  40.00000000  1242.21343326  0.04246186
0.01178590  32.00000000  0.00397700  40.00000000  1451.69434434  0.04254284
0.00602811  27.00000000  0.00331641  40.00000000  1635.84871047  0.04262382
0.01029235  30.00000000  0.00508046  40.00000000  1358.83689904  0.04270479
0.00372615  38.00000000  0.00372615  40.00000000  1305.84976675  0.04278577
0.14337346  38.00000000  0.14337346  40.00000000  1814.30204849  0.04286674
0.00221652  38.00000000  0.00221652  40.00000000  1058.12992950  0.04294772
0.00320526  35.00000000  0.00207000  40.00000000  1401.59755402  0.04302870
0.00210319  38.00000000  0.00210319  40.00000000  1036.36981389  0.04310967
0.00180332  35.00000000  0.00080787  40.00000000  952.92354835  0.04319065
0.00007408  36.00000000  0.00006480  40.00000000  1172.12959474  0.04327162
0.00199004  37.00000000  0.00143593  40.00000000  1333.02050038  0.04335260
0.00048484  32.00000000  0.00003605  40.00000000  1388.35099246  0.04343358
0.00114375  37.00000000  0.00109669  40.00000000  982.24002795  0.04351455
0.00701955  38.00000000  0.00701955  40.00000000  1203.83722651  0.04359553
0.00389912  33.00000000  0.00101812  40.00000000  914.68247478  0.04367651
0.00899345  32.00000000  0.00414484  40.00000000  2016.61513892  0.04375748
0.00127010  31.00000000  0.00052607  40.00000000  1297.97177220  0.04383846
0.00079450  38.00000000  0.00079450  40.00000000  963.99473251  0.04391943
0.02115985  31.00000000  0.01760011  40.00000000  1828.92729232  0.04400041
0.00734825  38.00000000  0.00734825  40.00000000  1161.88869031  0.04408139
0.01187479  38.00000000  0.01187479  40.00000000  1357.93990871  0.04416236
0.03066452  38.00000000  0.03066452  40.00000000  1129.55503892  0.04424334
0.00011865  28.00000000  0.00007692  40.00000000  1154.39118678  0.04432431
0.01254291  36.00000000  0.00855360  40.00000000  1974.86249426  0.04440529
0.00360868  38.00000000  0.00360868  40.00000000  1236.36906032  0.04448627
0.02636580  38.00000000  0.02636580  40.00000000  2384.23841564  0.04456724
0.00173293  34.00000000  0.00145929  40.00000000  1457.28029091  0.04464822
0.01272667  38.00000000  0.01272667  40.00000000  1298.31720146  0.04472919
0.00347272  38.00000000  0.00347272  40.00000000  1060.01984179  0.04481017
0.00623985  38.00000000  0.00623985  40.00000000  1344.62053164  0.04489115
0.00440428  38.00000000  0.00440428  40.00000000  1435.41130303  0.04497212
0.14029076  38.00000000  0.14029076  40.00000000  1628.81729057  0.04505310
0.00144059  37.00000000  0.00118581  40.00000000  1449.08969324  0.04513408
0.00414722  38.00000000  0.00414722  40.00000000  932.67091951  0.04521505
0.00172925  36.00000000  0.00149104  40.00000000  1547.09285791  0.04529603
0.00561504  38.00000000  0.00561504  40.00000000  917.30563458  0.04537700
0.01087418  38.00000000  0.01087418  40.00000000  2095.90054357  0.04545798
0.00341152  36.00000000  0.00303148  40.00000000  1178.10470084  0.04553896
0.00125790  30.00000000  0.00081419  40.00000000  1380.22443693  0.04561993
0.00198254  38.00000000  0.00198254  40.00000000  957.89279262  0.04570091
0.01651461  38.00000000  0.01651461  40.00000000  1159.87414274  0.04578188
0.00160787  37.00000000  0.00151842  40.00000000  1015.64811963  0.04586286
0.01614408  38.00000000  0.01614408  40.00000000  1615.06310351  0.04594384
0.00435705  32.00000000  0.00127585  40.00000000  1132.65456247  0.04602481
0.01838490  34.00000000  0.01722323  40.00000000  2190.42061119  0.04610579
0.00253070  38.00000000  0.00253070  40.00000000  1486.71409276  0.04618677
0.00437738  38.00000000  0.00437738  40.00000000  859.53615745  0.04626774
0.01059322  38.00000000  0.01059322  40.00000000  1841.00453672  0.04634872
0.00094824  38.00000000  0.00094824  40.00000000  1000.13876905  0.04642969
0.00964059  36.00000000  0.00817357  40.00000000  2274.56463298  0.04651067
0.00230289  36.00000000  0.00164002  40.00000000  1073.10662439  0.04659165
0.00425288  38.00000000  0.00425288  40.00000000  998.85581409  0.04667262
0.00219431  38.00000000  0.00219431  40.00000000  881.41450960  0.04675360
0.00434230  32.00000000  0.00206437  40.00000000  1120.20705274  0.04683457
0.00181741  38.00000000  0.00181741  40.00000000  1104.59665423  0.04691555
0.00048886  38.00000000  0.00048886  40.00000000  999.40708096  0.04699653
0.00658728  37.00000000  0.00637277  40.00000000  2094.24639539  0.04707750
0.00558666  33.00000000  0.00506359  40.00000000  985.74330431  0.04715848
0.00157201  28.00000000  0.00024406  40.00000000  1133.75434606  0.04723946
0.00027917  26.00000000  0.00007625  40.00000000  1096.03337987  0.04732043
0.00183152  38.00000000  0.00183152  40.00000000  953.00327434  0.04740141
0.00550890  29.00000000  0.00319531  40.00000000  1339.46352288  0.04748238
0.02854137  38.00000000  0.02854137  40.00000000  1715.61124375  0.04756336
0.01592045  32.00000000  0.01075614  40.00000000  1475.15739201  0.04764434
0.00051112  32.00000000  0.00010784  40.00000000  1208.09830293  0.04772531
0.00366603  29.00000000  0.00100393  40.00000000  1492.60994391  0.04780629
0.00134030  34.00000000  0.00109603  40.00000000  1437.83181043  0.04788726
0.00057498  37.00000000  0.00051623  40.00000000  1142.04413682  0.04796824
0.00190970  25.00000000  0.00158537  40.00000000  1107.61088319  0.04804922
0.00335358  38.00000000  0.00335358  40.00000000  949.62270408  0.04813019
0.00002702  38.00000000  0.00002702  40.00000000  1145.01571798  0.04821117
0.00101965  38.00000000  0.00101965  40.00000000  1672.20418555  0.04829215
0.00730249  33.00000000  0.00187836  40.00000000  1440.21457514  0.04837312
0.00126100  38.00000000  0.00126100  40.00000000  893.60005583  0.04845410
0.00213952  31.00000000  0.00062589  40.00000000  1594.76427467  0.04853507
0.00094339  38.00000000  0.00094339  40.00000000  940.20774671  0.04861605
0.00579155  37.00000000  0.00577351  40.00000000  1260.38348037  0.04869703
0.00470900  34.00000000  0.00423920  40.00000000  1573.84423614  0.04877800
0.00107897  28.00000000  0.00091692  40.00000000  1259.78846848  0.04885898
0.05259632  38.00000000  0.05259632  40.00000000  1737.02426168  0.04893995
0.00169133  38.00000000  0.00169133  40.00000000  1035.47029448  0.04902093
0.00052511  38.00000000  0.00052511  40.00000000  906.48858025  0.04910191
0.00039698  38.00000000  0.00039698  40.00000000  1394.99949635  0.04918288
0.00087795  36.00000000  0.00077542  40.00000000  1144.36696016  0.04926386
0.00013262  22.00000000  0.00006408  40.00000000  961.95982917  0.04934483
0.05678372  38.00000000  0.05678372  40.00000000  1265.71304159  0.04942581
0.00207173  35.00000000  0.00175726  40.00000000  1265.91099701  0.04950679
0.00127909  37.00000000  0.00069708  40.00000000  994.94040436  0.04958776
0.00289250  31.00000000  0.00215636  40.00000000  1302.27236226  0.04966874
0.00049097  37.00000000  0.00044514  40.00000000  1018.97526201  0.04974972
0.00046449  33.00000000  0.00023703  40.00000000  1035.26089752  0.04983069
0.00482548  38.00000000  0.00482548  40.00000000  1313.97103632  0.04991167
0.02876620  37.00000000  0.02876009  40.00000000  1248.39164737  0.04999264
0.00546230  34.00000000  0.00352059  40.00000000  1359.03030895  0.05007362
0.01565838  38.00000000  0.01565838  40.00000000  1027.50273952  0.05015460
0.00094026  38.00000000  0.00094026  40.00000000  1233.05333002  0.05023557
0.03502475  38.00000000  0.03502475  40.00000000  1412.11588141  0.05031655
0.00112221  38.00000000  0.00112221  40.00000000  1044.66620337  0.05039752
0.00025848  35.00000000  0.00016387  40.00000000  865.60505121  0.05047850
0.02886995  36.00000000  0.02520731  40.00000000  1891.65572725  0.05055948
0.00022792  34.00000000  0.00005668  40.00000000  1079.78565025  0.05064045
0.00422881  38.00000000  0.00422881  40.00000000  1508.94989066  0.05072143
0.04089466  38.00000000  0.04089466  40.00000000  2348.43516547  0.05080241
0.00039187  37.00000000  0.00028133  40.00000000  922.20001645  0.05088338
0.00102223  32.00000000  0.00007906  40.00000000  1614.98570333  0.05096436
0.00257084  38.00000000  0.00257084  40.00000000  1194.06956332  0.05104533
0.00105426  30.00000000  0.00051975  40.00000000  1245.28962536  0.05112631
0.00021399  36.00000000  0.00004637  40.00000000  1585.38419689  0.05120729
0.00138624  38.00000000  0.00138624  40.00000000  1071.53848017  0.05128826
0.00081312  38.00000000  0.00081312  40.00000000  1046.91492174  0.05136924
0.00008237  34.00000000  0.00008038  40.00000000  896.58361874  0.05145021
0.00016058  36.00000000  0.00014954  40.00000000  1065.19666192  0.05153119
0.01122888  31.00000000  0.00695373  40.00000000  1681.43459356  0.05161217
0.00009199  37.00000000  0.00008365  40.00000000  1338.48656550  0.05169314
0.01459779  31.00000000  0.00796142  40.00000000  1063.67716766  0.05177412
0.00094791  37.00000000  0.00088072  40.00000000  1998.46385551  0.05185510
0.00093343  25.00000000  0.00007039  40.00000000  1410.57365755  0.05193607
0.02332778  38.00000000  0.02332778  40.00000000  2492.57399321  0.05201705
0.02877896  35.00000000  0.02095351  40.00000000  1157.36623464  0.05209802
0.01321139  33.00000000  0.00762486  40.00000000  1235.94299509  0.05217900
0.00070471  32.00000000  0.00041216  40.00000000  1164.69725270  0.05225998
0.00876493  38.00000000  0.00876493  40.00000000  1226.76797396  0.05234095
0.00979329  30.00000000  0.00054417  40.00000000  1840.30584041  0.05242193
0.00032315  28.00000000  0.00030847  40.00000000  957.13052302  0.05250290
0.00300729  37.00000000  0.00289716  40.00000000  1036.63543616  0.05258388
0.00007119  28.00000000  0.00001413  40.00000000  998.21166247  0.05266486
0.02358053  37.00000000  0.02209278  40.00000000  1729.21197273  0.05274583
0.00133730  38.00000000  0.00133730  40.00000000  1205.55833318  0.05282681
0.00008972  18.00000000  0.00005608  40.00000000  951.10774395  0.05290778
0.00114701  34.00000000  0.00074060  40.00000000  1239.79074060  0.05298876
0.00578570  38.00000000  0.00578570  40.00000000  998.47303533  0.05306974
0.00174515  38.00000000  0.00174515  40.00000000  1816.34770245  0.05315071
0.00104195  37.00000000  0.00100223  40.00000000  1094.83031943  0.05323169
0.00181130  38.00000000  0.00181130  40.00000000  884.33809187  0.05331267
0.02797729  35.00000000  0.01437142  40.00000000  1077.51139191  0.05339364
0.00655294  35.00000000  0.00613144  40.00000000  1907.74763752  0.05347462
0.01297224  38.00000000  0.01297224  40.00000000  1602.39450139  0.05355559
0.00123312  38.00000000  0.00123312  40.00000000  1357.93751978  0.05363657
0.00128320  35.00000000  0.00042726  40.00000000  1154.78350842  0.05371755
0.01246906  38.00000000  0.01246906  40.00000000  1011.75834094  0.05379852
0.00093955  23.00000000  0.00038672  40.00000000  1506.05101683  0.05387950
0.00812163  38.00000000  0.00812163  40.00000000  1147.46738965  0.05396047
0.00088120  36.00000000  0.00062451  40.00000000  1072.16323977  0.05404145
0.00067902  33.00000000  0.00015891  40.00000000  1086.28834015  0.05412243
0.00109617  35.00000000  0.00068294  40.00000000  1177.43645819  0.05420340
0.00013909  35.00000000  0.00000699  40.00000000  1177.75437720  0.05428438
0.00793530  32.00000000  0.00415432  40.00000000  1044.66737354  0.05436536
0.00550159  38.00000000  0.00550159  40.00000000  1306.18917088  0.05444633
0.01519914  33.00000000  0.00852689  40.00000000  1821.49045396  0.05452731
0.00667875  38.00000000  0.00667875  40.00000000  1629.10691022  0.05460828
0.02493765  38.00000000  0.02493765  40.00000000  1185.02807076  0.05468926
0.01627318  34.00000000  0.00978531  40.00000000  1914.08799926  0.05477024
0.00092043  30.00000000  0.00045587  40.00000000  1120.15538082  0.05485121
0.00229271  35.00000000  0.00129030  40.00000000  1227.32013051  0.05493219
0.00151606  30.00000000  0.00047442  40.00000000  975.26809472  0.05501316
0.00078148  34.00000000  0.00010932  40.00000000  1167.22103491  0.05509414
0.00066493  38.00000000  0.00066493  40.00000000  1599.79668957  0.05517512
0.00088748  25.00000000  0.00080785  40.00000000  1362.52697548  0.05525609
0.00028124  38.00000000  0.00028124  40.00000000  1227.28472040  0.05533707
0.01084817  38.00000000  0.01084817  40.00000000  1272.71420372  0.05541805
0.00809431  36.00000000  0.00436087  40.00000000  1922.69740972  0.05549902
0.02985588  38.00000000  0.02985588  40.00000000  1290.00347008  0.05558000
0.02662502  28.00000000  0.00407576  40.00000000  1463.79827744  0.05566097
0.00136925  38.00000000  0.00136925  40.00000000  1056.03636514  0.05574195
0.02543191  38.00000000  0.02543191  40.00000000  1091.59941411  0.05582293
0.00579005  26.00000000  0.00081837  40.00000000  1996.75041580  0.05590390
0.00166031  32.00000000  0.00024880  40.00000000  1084.42653981  0.05598488
0.00028984  38.00000000  0.00028984  40.00000000  942.07070981  0.05606585
0.02682179  38.00000000  0.02682179  40.00000000  1337.21850433  0.05614683
0.00050923  36.00000000  0.00046101  40.00000000  1086.49197959  0.05622781
0.00001629  37.00000000  0.00001565  40.00000000  922.85701945  0.05630878
0.00053424  37.00000000  0.00026877  40.00000000  1080.47785668  0.05638976
0.03239141  34.00000000  0.02282746  40.00000000  1119.66074384  0.05647074
0.00026894  38.00000000  0.00026894  40.00000000  860.28131773  0.05655171
0.00062050  34.00000000  0.00023891  40.00000000  1181.72052336  0.05663269
0.00080604  36.00000000  0.00064241  40.00000000  869.18909865  0.05671366
0.00179444  38.00000000  0.00179444  40.00000000  1232.99529506  0.05679464
0.00004997  35.00000000  0.00002996  40.00000000  954.99118556  0.05687562
0.00113566  38.00000000  0.00113566  40.00000000  1001.46614183  0.05695659
0.00096225  38.00000000  0.00096225  40.00000000  915.18546490  0.05703757
0.00239917  30.00000000  0.00054062  40.00000000  1604.29273709  0.05711854
0.00159576  38.00000000  0.00159576  40.00000000  1002.61019475  0.05719952
0.00293031  38.00000000  0.00293031  40.00000000  1011.33863938  0.05728050
0.00055915  38.00000000  0.00055915  40.00000000  1053.88463100  0.05736147
0.00651979  35.00000000  0.00594656  40.00000000  2259.11801917  0.05744245
0.03513029  38.00000000  0.03513029  40.00000000  1123.60432950  0.05752342
0.00864605  37.00000000  0.00531988  40.00000000  1822.84004853  0.05760440
0.00071316  32.00000000  0.00066682  40.00000000  1032.99629155  0.05768538
0.00020968  38.00000000  0.00020968  40.00000000  1017.70705788  0.05776635
0.01051055  38.00000000  0.01051055  40.00000000  1072.29446357  0.05784733
0.00211694  38.00000000  0.00211694  40.00000000  1277.43826722  0.05792831
0.00469509  38.00000000  0.00469509  40.00000000  1274.85541509  0.05800928
0.00008979  38.00000000  0.00008979  40.00000000  1077.06939086  0.05809026
0.02289072  38.00000000  0.02289072  40.00000000  952.35752262  0.05817123
0.00094255  38.00000000  0.00094255  40.00000000  2280.52563766  0.05825221
0.00053164  38.00000000  0.00053164  40.00000000  1394.95275611  0.05833319
0.00061725  38.00000000  0.00061725  40.00000000  1189.23959513  0.05841416
0.07814404  38.00000000  0.07814404  40.00000000  2753.02918644  0.05849514
0.00089444  29.00000000  0.00034046  40.00000000  2029.57691567  0.05857611
0.08550092  38.00000000  0.08550092  40.00000000  2287.00899566  0.05865709
0.01681426  38.00000000  0.01681426  40.00000000  1121.55737710  0.05873807
0.00053178  34.00000000  0.00025097  40.00000000  1001.82516876  0.05881904
0.00281859  37.00000000  0.00200114  40.00000000  1491.50346897  0.05890002
0.00076143  36.00000000  0.00051828  40.00000000  1640.00982808  0.05898100
0.00102595  38.00000000  0.00102595  40.00000000  1557.86366838  0.05906197
0.00309186  34.00000000  0.00128015  40.00000000  1140.69160410  0.05914295
0.00015921  38.00000000  0.00015921  40.00000000  1097.36032155  0.05922392
0.00235660  37.00000000  0.00230128  40.00000000  995.68539575  0.05930490
0.00756280  38.00000000  0.00756280  40.00000000  1117.72664022  0.05938588
0.00038658  38.00000000  0.00038658  40.00000000  1686.29936348  0.05946685
0.01368836  23.00000000  0.00618109  40.00000000  1373.86080225  0.05954783
0.00505396  38.00000000  0.00505396  40.00000000  1861.65848936  0.05962880
0.00223219  38.00000000  0.00223219  40.00000000  1190.34258195  0.05970978
0.00263864  27.00000000  0.00181204  40.00000000  1131.14647024  0.05979076
0.00005979  38.00000000  0.00005979  40.00000000  1152.08631809  0.05987173
0.00028997  38.00000000  0.00028997  40.00000000  1209.90668074  0.05995271
0.00062430  38.00000000  0.00062430  40.00000000  857.34212032  0.06003369
0.00227782  37.00000000  0.00171516  40.00000000  1347.01749821  0.06011466
0.00525433  38.00000000  0.00525433  40.00000000  873.18091609  0.06019564
0.03343258  32.00000000  0.01529431  40.00000000  1334.51482002  0.06027661
0.00490737  34.00000000  0.00211229  40.00000000  1082.07473184  0.06035759
0.00808965  37.00000000  0.00793711  40.00000000  1056.43269387  0.06043857
0.01082089  38.00000000  0.01082089  40.00000000  1057.28367626  0.06051954
0.05755200  38.00000000  0.05755200  40.00000000  1650.95918059  0.06060052
0.00087211  28.00000000  0.00080081  40.00000000  946.16160613  0.06068149
0.00013775  38.00000000  0.00013775  40.00000000  1117.69596029  0.06076247
0.00017806  38.00000000  0.00017806  40.00000000  887.03320680  0.06084345
0.00143290  38.00000000  0.00143290  40.00000000  904.27438611  0.06092442
0.00100538  38.00000000  0.00100538  40.00000000  1219.05586523  0.06100540
0.00548798  38.00000000  0.00548798  40.00000000  1686.22990837  0.06108638
0.10732063  37.00000000  0.09203960  40.00000000  1205.57074238  0.06116735
0.00027911  38.00000000  0.00027911  40.00000000  1444.72664320  0.06124833
0.00024487  34.00000000  0.00004963  40.00000000  1130.36914612  0.06132930
0.00423622  34.00000000  0.00204958  40.00000000  909.44111598  0.06141028
0.00250788  38.00000000  0.00250788  40.00000000  969.08809986  0.06149126
0.01409688  38.00000000  0.01409688  40.00000000  1464.72118985  0.06157223
0.00137964  35.00000000  0.00136735  40.00000000  1702.03415178  0.06165321
0.00062395  36.00000000  0.00038451  40.00000000  1012.56810388  0.06173418
0.00652109  34.00000000  0.00312032  40.00000000  1186.17199301  0.06181516
0.01454458  27.00000000  0.00639666  40.00000000  2412.24085525  0.06189614
0.00618993  33.00000000  0.00548304  40.00000000  1550.87524918  0.06197711
0.00340187  36.00000000  0.00338169  40.00000000  1022.02977902  0.06205809
0.02834266  36.00000000  0.01803105  40.00000000  1790.44538306  0.06213906
0.00021024  33.00000000  0.00011623  40.00000000  961.94697925  0.06222004
0.00083900  38.00000000  0.00083900  40.00000000  1078.99019259  0.06230102
0.00738826  38.00000000  0.00738826  40.00000000  1307.29939781  0.06238199
0.00029088  30.00000000  0.00013558  40.00000000  958.41652614  0.06246297
0.00195604  34.00000000  0.00016029  40.00000000  1660.81302606  0.06254395
0.00144099  36.00000000  0.00080274  40.00000000  1596.13799793  0.06262492
0.00242557  38.00000000  0.00242557  40.00000000  1566.71592075  0.06270590
0.00008466  36.00000000  0.00003360  40.00000000  919.42010201  0.06278687
0.00075249  31.00000000  0.00038954  40.00000000  1236.42943869  0.06286785
0.00218240  38.00000000  0.00218240  40.00000000  1321.06451134  0.06294883
0.00129594  38.00000000  0.00129594  40.00000000  1311.69166894  0.06302980
0.00163581  30.00000000  0.00003442  40.00000000  1131.74478155  0.06311078
0.00034116  38.00000000  0.00034116  40.00000000  1080.02040787  0.06319175
0.00134295  38.00000000  0.00134295  40.00000000  1275.30638684  0.06327273
0.02785662  38.00000000  0.02785662  40.00000000  2443.33561843  0.06335371
0.01728682  34.00000000  0.01186245  40.00000000  1091.60032368  0.06343468
0.00018443  31.00000000  0.00008815  40.00000000  1008.03090986  0.06351566
0.00122376  38.00000000  0.00122376  40.00000000  914.01453295  0.06359664
0.00048223  38.00000000  0.00048223  40.00000000  945.08580573  0.06367761
0.00143707  37.00000000  0.00122136  40.00000000  1023.59971333  0.06375859
0.00735050  38.00000000  0.00735050  40.00000000  1048.65045856  0.06383956
0.01086655  34.00000000  0.00220899  40.00000000  1561.39677233  0.06392054
0.00439947  38.00000000  0.00439947  40.00000000  1124.04828339  0.06400152
0.00399158  35.00000000  0.00227646  40.00000000  1466.89550889  0.06408249
0.02778507  33.00000000  0.00989355  40.00000000  1871.50547264  0.06416347
0.00457572  38.00000000  0.00457572  40.00000000  1132.38961062  0.06424444
0.00237496  33.00000000  0.00065575  40.00000000  1017.31567556  0.06432542
0.00136347  27.00000000  0.00047601  40.00000000  1145.24238674  0.06440640
0.00305471  36.00000000  0.00169178  40.00000000  1233.69813275  0.06448737
0.00165744  38.00000000  0.00165744  40.00000000  887.69034509  0.06456835
0.00540829  32.00000000  0.00176184  40.00000000  1072.79106862  0.06464933
0.00083464  25.00000000  0.00001945  40.00000000  1036.98741787  0.06473030
0.00058810  38.00000000  0.00058810  40.00000000  1001.76914639  0.06481128
0.00036351  37.00000000  0.00035898  40.00000000  951.35851989  0.06489225
0.01437028  38.00000000  0.01437028  40.00000000  1526.09810856  0.06497323
0.00020905  38.00000000  0.00020905  40.00000000  1003.92677812  0.06505421
0.00228827  34.00000000  0.00179322  40.00000000  1264.32566616  0.06513518
0.00035851  38.00000000  0.00035851  40.00000000  1088.59479681  0.06521616
0.03779014  38.00000000  0.03779014  40.00000000  2268.64068881  0.06529713
0.00123501  38.00000000  0.00123501  40.00000000  1329.53286218  0.06537811
0.00397896  33.00000000  0.00319148  40.00000000  1106.86030559  0.06545909
0.00508742  34.00000000  0.00250208  40.00000000  2069.33683766  0.06554006
0.00016008  32.00000000  0.00006771  40.00000000  912.65015147  0.06562104
0.06242491  32.00000000  0.03774739  40.00000000  1417.70325223  0.06570201
0.00539445  38.00000000  0.00539445  40.00000000  1779.14963860  0.06578299
0.00052463  38.00000000  0.00052463  40.00000000  868.42560281  0.06586397
0.00861166  37.00000000  0.00498329  40.00000000  1597.35470690  0.06594494
0.00147919  35.00000000  0.00143845  40.00000000  1046.52948654  0.06602592
0.00270055  27.00000000  0.00070061  40.00000000  930.68161253  0.06610690
0.00113129  38.00000000  0.00113129  40.00000000  987.94353754  0.06618787
0.00208272  28.00000000  0.00145556  40.00000000  1681.41286951  0.06626885
0.00064721  36.00000000  0.00060455  40.00000000  1700.37462562  0.06634982
0.00178630  31.00000000  0.00169188  40.00000000  1684.93131337  0.06643080
0.00260708  35.00000000  0.00109921  40.00000000  1535.76676568  0.06651178
0.00164567  37.00000000  0.00098768  40.00000000  951.13439579  0.06659275
0.00548557  38.00000000  0.00548557  40.00000000  2369.46212354  0.06667373
0.03112026  38.00000000  0.03112026  40.00000000  1181.22056048  0.06675470
0.00746596  33.00000000  0.00397046  40.00000000  1437.94119163  0.06683568
0.01978238  38.00000000  0.01978238  40.00000000  2068.45921273  0.06691666
0.00274681  38.00000000  0.00274681  40.00000000  1109.70727667  0.06699763
0.04025119  38.00000000  0.04025119  40.00000000  2172.49428279  0.06707861
0.00196912  38.00000000  0.00196912  40.00000000  1457.43160739  0.06715959
0.00074274  38.00000000  0.00074274  40.00000000  946.78452102  0.06724056
0.00888503  36.00000000  0.00459932  40.00000000  1188.22926739  0.06732154
0.00590986  34.00000000  0.00204866  40.00000000  1905.55869554  0.06740251
0.00573018  38.00000000  0.00573018  40.00000000  2329.03157786  0.06748349
0.00589995  38.00000000  0.00589995  40.00000000  1074.71896715  0.06756447
0.00006015  34.00000000  0.00000195  40.00000000  960.71993313  0.06764544
0.03515000  38.00000000  0.03515000  40.00000000  1453.93398466  0.06772642
0.00050546  32.00000000  0.00020573  40.00000000  1022.33029554  0.06780739
0.02016310  38.00000000  0.02016310  40.00000000  1099.18701464  0.06788837
0.04064244  38.00000000  0.04064244  40.00000000  2187.34787765  0.06796935
0.00931090  35.00000000  0.00597407  40.00000000  2157.76420010  0.06805032
0.00572488  35.00000000  0.00250146  40.00000000  1405.84490581  0.06813130
0.04891913  38.00000000  0.04891913  40.00000000  2011.51509329  0.06821228
0.00061636  35.00000000  0.00061158  40.00000000  1196.07411910  0.06829325
0.01886082  36.00000000  0.01180984  40.00000000  1852.08843852  0.06837423
0.01444461  38.00000000  0.01444461  40.00000000  1289.82330611  0.06845520
0.01277885  38.00000000  0.01277885  40.00000000  1398.27644298  0.06853618
0.00097392  38.00000000  0.00097392  40.00000000  1329.20744443  0.06861716
0.00463891  37.00000000  0.00343404  40.00000000  993.96680247  0.06869813
0.00664289  36.00000000  0.00408812  40.00000000  933.68111985  0.06877911
0.09001846  38.00000000  0.09001846  40.00000000  2874.94494202  0.06886008
0.00307557  34.00000000  0.00218831  40.00000000  1088.92296740  0.06894106
0.00091402  38.00000000  0.00091402  40.00000000  1469.25927806  0.06902204
0.00347844  38.00000000  0.00347844  40.00000000  1324.69987520  0.06910301
0.00116333  28.00000000  0.00004111  40.00000000  1253.65256234  0.06918399
0.00129832  30.00000000  0.00060039  40.00000000  999.44099279  0.06926497
0.00081518  34.00000000  0.00025936  40.00000000  1298.31157443  0.06934594
0.00244323  37.00000000  0.00240499  40.00000000  1332.71932293  0.06942692
0.01160284  38.00000000  0.01160284  40.00000000  1201.62792113  0.06950789
0.01302806  38.00000000  0.01302806  40.00000000  1318.82938795  0.06958887
0.00300441  35.00000000  0.00261998  40.00000000  994.06179614  0.06966985
0.00257294  38.00000000  0.00257294  40.00000000  1740.47594819  0.06975082
0.00373088  38.00000000  0.00373088  40.00000000  893.49288069  0.06983180
0.00021941  37.00000000  0.00020660  40.00000000  998.84735399  0.06991277
0.00825924  38.00000000  0.00825924  40.00000000  1020.93955161  0.06999375
0.00104420  38.00000000  0.00104420  40.00000000  1115.39279861  0.07007473
0.00118155  25.00000000  0.00034536  40.00000000  1404.35583986  0.07015570
0.00452811  38.00000000  0.00452811  40.00000000  1341.33884280  0.07023668
0.00068226  38.00000000  0.00068226  40.00000000  870.38203092  0.07031765
0.03106860  35.00000000  0.00844093  40.00000000  2120.68183741  0.07039863
0.00548752  34.00000000  0.00219905  40.00000000  1397.15616335  0.07047961
0.00049424  28.00000000  0.00006955  40.00000000  1364.44206082  0.07056058
0.00113252  35.00000000  0.00100037  40.00000000  1663.96095042  0.07064156
0.00085319  36.00000000  0.00039806  40.00000000  1021.69996513  0.07072254
0.00077719  38.00000000  0.00077719  40.00000000  1037.95829439  0.07080351
0.00467730  33.00000000  0.00415516  40.00000000  1248.84165345  0.07088449
0.00616944  36.00000000  0.00573855  40.00000000  1931.57680719  0.07096546
0.00367080  33.00000000  0.00299638  40.00000000  1108.40114097  0.07104644
0.00699924  38.00000000  0.00699924  40.00000000  1789.90840939  0.07112742
0.00878291  37.00000000  0.00804636  40.00000000  1073.26202417  0.07120839
0.00706402  38.00000000  0.00706402  40.00000000  952.74796177  0.07128937
0.01845981  38.00000000  0.01845981  40.00000000  1771.43392357  0.07137034
0.00249976  32.00000000  0.00220180  40.00000000  1087.36052218  0.07145132
0.00181529  32.00000000  0.00089186  40.00000000  1851.71321469  0.07153230
0.00239948  30.00000000  0.00224275  40.00000000  1191.91114150  0.07161327
0.00133662  38.00000000  0.00133662  40.00000000  1044.56936980  0.07169425
0.01984902  35.00000000  0.01105535  40.00000000  1098.16589656  0.07177523
0.00200737  33.00000000  0.00013482  40.00000000  1991.35806634  0.07185620
0.02695050  37.00000000  0.02622876  40.00000000  1759.71498518  0.07193718
0.04600733  34.00000000  0.02087970  40.00000000  1721.26492208  0.07201815
0.00275891  26.00000000  0.00057127  40.00000000  1741.78572379  0.07209913
0.00154792  33.00000000  0.00033138  40.00000000  1752.28968974  0.07218011
0.02242349  35.00000000  0.00327388  40.00000000  1330.36461790  0.07226108
0.00017813  38.00000000  0.00017813  40.00000000  966.83699504  0.07234206
0.00896982  37.00000000  0.00896316  40.00000000  1788.81098195  0.07242303
0.00356615  38.00000000  0.00356615  40.00000000  1510.00203866  0.07250401
0.00009980  38.00000000  0.00009980  40.00000000  1284.45397360  0.07258499
0.00982479  38.00000000  0.00982479  40.00000000  1265.04528436  0.07266596
0.04268262  36.00000000  0.03950473  40.00000000  1396.68536104  0.07274694
0.00319374  38.00000000  0.00319374  40.00000000  974.43220036  0.07282792
0.04796780  38.00000000  0.04796780  40.00000000  2116.48545366  0.07290889
0.00319085  38.00000000  0.00319085  40.00000000  1424.87596047  0.07298987
0.00240154  38.00000000  0.00240154  40.00000000  920.76041962  0.07307084
0.02213452  36.00000000  0.02179205  40.00000000  1833.88609088  0.07315182
0.00552998  38.00000000  0.00552998  40.00000000  1292.98832339  0.07323280
0.00116719  30.00000000  0.00070298  40.00000000  932.78206369  0.07331377
0.00386278  38.00000000  0.00386278  40.00000000  1201.75682658  0.07339475
0.00207550  38.00000000  0.00207550  40.00000000  1025.73243085  0.07347572
0.00569808  38.00000000  0.00569808  40.00000000  1329.89107995  0.07355670
0.00153445  37.00000000  0.00083004  40.00000000  1721.07511255  0.07363768
0.01431794  33.00000000  0.01122995  40.00000000  1432.08389793  0.07371865
0.00592449  32.00000000  0.00050734  40.00000000  2088.30835558  0.07379963
0.01191340  36.00000000  0.01146862  40.00000000  984.97632329  0.07388060
0.00424741  32.00000000  0.00044352  40.00000000  1590.17950484  0.07396158
0.00397215  35.00000000  0.00254541  40.00000000  1163.79269305  0.07404256
0.00947073  38.00000000  0.00947073  40.00000000  1941.97816869  0.07412353
0.00720395  38.00000000  0.00720395  40.00000000  2094.29077904  0.07420451
0.04846993  38.00000000  0.04846993  40.00000000  1595.34849216  0.07428549
0.00057813  31.00000000  0.00034246  40.00000000  2049.13405684  0.07436646
0.00457520  36.00000000  0.00266469  40.00000000  1208.90111139  0.07444744
0.00079914  38.00000000  0.00079914  40.00000000  1067.91061897  0.07452841
0.00343000  35.00000000  0.00193021  40.00000000  1809.11934307  0.07460939
0.00033399  37.00000000  0.00020846  40.00000000  986.18453111  0.07469037
0.00863904  38.00000000  0.00863904  40.00000000  1150.48308078  0.07477134
0.00090184  31.00000000  0.00041656  40.00000000  1356.72439377  0.07485232
0.00208278  32.00000000  0.00085067  40.00000000  1632.51337391  0.07493329
0.00756520  38.00000000  0.00756520  40.00000000  1069.42990358  0.07501427
0.00068586  37.00000000  0.00063113  40.00000000  1183.10522180  0.07509525
0.00017231  38.00000000  0.00017231  40.00000000  1312.82983400  0.07517622
0.00238755  38.00000000  0.00238755  40.00000000  1706.45154406  0.07525720
0.00069643  38.00000000  0.00069643  40.00000000  1081.01858579  0.07533818
0.00092946  38.00000000  0.00092946  40.00000000  1024.54894724  0.07541915
0.05144446  32.00000000  0.03159844  40.00000000  2370.62923271  0.07550013
0.00937519  34.00000000  0.00616770  40.00000000  2185.50839305  0.07558110
0.01216873  38.00000000  0.01216873  40.00000000  1374.63452922  0.07566208
0.00458697  38.00000000  0.00458697  40.00000000  1557.40894992  0.07574306
0.00096942  35.00000000  0.00041589  40.00000000  1151.86002509  0.07582403
0.00553099  38.00000000  0.00553099  40.00000000  1063.33069973  0.07590501
0.00258287  38.00000000  0.00258287  40.00000000  1595.60360537  0.07598598
0.00700895  28.00000000  0.00225955  40.00000000  1105.37448875  0.07606696
0.00469619  36.00000000  0.00211421  40.00000000  1146.88872464  0.07614794
0.00190888  35.00000000  0.00137424  40.00000000  901.13013177  0.07622891
0.00282384  37.00000000  0.00141777  40.00000000  1070.45480032  0.07630989
0.00295024  31.00000000  0.00257683  40.00000000  1379.32728933  0.07639087
0.00428583  38.00000000  0.00428583  40.00000000  909.29671809  0.07647184
0.00227423  38.00000000  0.00227423  40.00000000  913.36224119  0.07655282
0.02441315  36.00000000  0.02342469  40.00000000  2197.41535181  0.07663379
0.00286081  36.00000000  0.00200743  40.00000000  1401.85025035  0.07671477
0.00029111  38.00000000  0.00029111  40.00000000  1008.70544241  0.07679575
0.00509203  38.00000000  0.00509203  40.00000000  1355.19619318  0.07687672
0.00059748  35.00000000  0.00036616  40.00000000  1263.37688640  0.07695770
0.00138876  24.00000000  0.00114811  40.00000000  1281.20452118  0.07703867
0.00019574  37.00000000  0.00018845  40.00000000  926.18328478  0.07711965
0.00176950  36.00000000  0.00074710  40.00000000  1047.50988092  0.07720063
0.00048092  31.00000000  0.00012954  40.00000000  1571.32489495  0.07728160
0.00010825  29.00000000  0.00004464  40.00000000  1009.63462082  0.07736258
0.01336853  38.00000000  0.01336853  40.00000000  1530.56022403  0.07744356
0.00468633  38.00000000  0.00468633  40.00000000  1557.36874767  0.07752453
0.03308099  38.00000000  0.03308099  40.00000000  1270.63050058  0.07760551
0.00438844  38.00000000  0.00438844  40.00000000  1309.69654733  0.07768648
0.00173553  38.00000000  0.00173553  40.00000000  1058.95652594  0.07776746
0.01521892  38.00000000  0.01521892  40.00000000  1493.15637167  0.07784844
0.00352805  34.00000000  0.00328415  40.00000000  1428.47696229  0.07792941
0.00194412  38.00000000  0.00194412  40.00000000  1452.18673808  0.07801039
0.00015509  37.00000000  0.00013275  40.00000000  862.40890263  0.07809136
0.00417407  38.00000000  0.00417407  40.00000000  937.34882915  0.07817234
0.00089731  38.00000000  0.00089731  40.00000000  835.08632409  0.07825332
0.00091081  38.00000000  0.00091081  40.00000000  957.68411157  0.07833429
0.00041639  26.00000000  0.00029574  40.00000000  1022.87025102  0.07841527
0.01528184  36.00000000  0.00846866  40.00000000  1306.49082787  0.07849624
0.00094886  37.00000000  0.00092324  40.00000000  1515.52886653  0.07857722
0.00023556  38.00000000  0.00023556  40.00000000  1533.83378399  0.07865820
0.00039621  38.00000000  0.00039621  40.00000000  864.47687374  0.07873917
0.00338502  32.00000000  0.00077555  40.00000000  1122.85606296  0.07882015
0.00444519  37.00000000  0.00272070  40.00000000  1859.07275375  0.07890113
0.00574077  33.00000000  0.00034473  40.00000000  1137.28330338  0.07898210
0.00843068  38.00000000  0.00843068  40.00000000  962.99379784  0.07906308
0.00023245  35.00000000  0.00016194  40.00000000  930.51521706  0.07914405
0.00055139  38.00000000  0.00055139  40.00000000  956.00501818  0.07922503
0.00707688  38.00000000  0.00707688  40.00000000  882.96230125  0.07930601
0.00071799  38.00000000  0.00071799  40.00000000  1372.95816474  0.07938698
0.00019389  34.00000000  0.00012612  40.00000000  912.20224365  0.07946796
0.00718521  36.00000000  0.00624125  40.00000000  1431.35442533  0.07954893
0.00018062  37.00000000  0.00015134  40.00000000  917.89229783  0.07962991
0.00199136  38.00000000  0.00199136  40.00000000  1027.19267832  0.07971089
0.00126027  34.00000000  0.00123097  40.00000000  1081.62538505  0.07979186
0.00046754  33.00000000  0.00023400  40.00000000  1006.02033602  0.07987284
0.00953602  38.00000000  0.00953602  40.00000000  1164.07290914  0.07995382
0.00192809  37.00000000  0.00191650  40.00000000  1066.90826748  0.08003479
0.00009396  33.00000000  0.00005954  40.00000000  1018.70651564  0.08011577
0.01188258  34.00000000  0.00551641  40.00000000  1779.09872352  0.08019674
0.00007054  38.00000000  0.00007054  40.00000000  1278.44111521  0.08027772
0.00151870  38.00000000  0.00151870  40.00000000  1290.46589122  0.08035870
0.00184252  38.00000000  0.00184252  40.00000000  962.56328083  0.08043967
0.00040691  32.00000000  0.00016056  40.00000000  999.45380649  0.08052065
0.00325327  36.00000000  0.00160694  40.00000000  2310.75324098  0.08060162
0.00583061  38.00000000  0.00583061  40.00000000  1163.21741470  0.08068260
0.01629198  38.00000000  0.01629198  40.00000000  1361.11539628  0.08076358
0.00705115  33.00000000  0.00086184  40.00000000  1199.75174235  0.08084455
0.00191394  35.00000000  0.00104848  40.00000000  1006.99591311  0.08092553
0.01670901  30.00000000  0.00763183  40.00000000  2109.86705320  0.08100651
0.00100855  31.00000000  0.00008004  40.00000000  1313.61691230  0.08108748
0.00003938  38.00000000  0.00003938  40.00000000  1285.24247256  0.08116846
0.00184225  38.00000000  0.00184225  40.00000000  1641.95426797  0.08124943
0.00393602  38.00000000  0.00393602  40.00000000  1724.75052518  0.08133041
0.01851810  38.00000000  0.01851810  40.00000000  1076.66592792  0.08141139
0.00087612  38.00000000  0.00087612  40.00000000  962.69323903  0.08149236
0.02173600  27.00000000  0.00794530  40.00000000  1749.56305665  0.08157334
0.00003644  24.00000000  0.00000255  40.00000000  909.16010989  0.08165431
0.00158018  38.00000000  0.00158018  40.00000000  1006.43202382  0.08173529
0.01212747  31.00000000  0.00056833  40.00000000  1840.20380997  0.08181627
0.01490096  38.00000000  0.01490096  40.00000000  1089.44905736  0.08189724
0.00273174  38.00000000  0.00273174  40.00000000  1733.78155274  0.08197822
0.00059657  38.00000000  0.00059657  40.00000000  1348.87377711  0.08205920
0.00816249  33.00000000  0.00389950  40.00000000  1144.47627884  0.08214017
0.00152826  34.00000000  0.00135987  40.00000000  1560.01534401  0.08222115
0.00137432  34.00000000  0.00126835  40.00000000  1708.86718519  0.08230212
0.00810563  38.00000000  0.00810563  40.00000000  1050.43923153  0.08238310
0.00270326  30.00000000  0.00054389  40.00000000  1242.20801467  0.08246408
0.01186794  34.00000000  0.00410388  40.00000000  2049.86730462  0.08254505
0.01616517  38.00000000  0.01616517  40.00000000  1846.40247898  0.08262603
0.00243414  38.00000000  0.00243414  40.00000000  1490.22490773  0.08270700
0.00030106  29.00000000  0.00006297  40.00000000  1016.85392110  0.08278798
0.00398953  37.00000000  0.00388022  40.00000000  1133.63388868  0.08286896
0.00410832  35.00000000  0.00257284  40.00000000  1191.67776715  0.08294993
0.03080769  38.00000000  0.03080769  40.00000000  1512.43396392  0.08303091
0.00239659  38.00000000  0.00239659  40.00000000  1018.54110228  0.08311188
0.00050920  31.00000000  0.00010145  40.00000000  1155.70792830  0.08319286
0.00161958  29.00000000  0.00038976  40.00000000  1239.52147416  0.08327384
0.00097947  37.00000000  0.00097071  40.00000000  1634.32758122  0.08335481
0.00456563  36.00000000  0.00417268  40.00000000  2131.43119887  0.08343579
0.00039413  38.00000000  0.00039413  40.00000000  965.97712410  0.08351677
0.00310590  38.00000000  0.00310590  40.00000000  1161.48279106  0.08359774
0.02829525  38.00000000  0.02829525  40.00000000  1187.43046619  0.08367872
0.00209838  38.00000000  0.00209838  40.00000000  902.91001071  0.08375969
0.00068450  38.00000000  0.00068450  40.00000000  991.81984536  0.08384067
0.01579147  38.00000000  0.01579147  40.00000000  1405.20640966  0.08392165
0.00072630  38.00000000  0.00072630  40.00000000  1193.09280867  0.08400262
0.02191216  38.00000000  0.02191216  40.00000000  2236.31134256  0.08408360
0.02768907  36.00000000  0.02451552  40.00000000  1020.85889234  0.08416457
0.01699114  38.00000000  0.01699114  40.00000000  1242.40381315  0.08424555
0.00882431  38.00000000  0.00882431  40.00000000  1555.70766977  0.08432653
0.00157050  38.00000000  0.00157050  40.00000000  1044.98324975  0.08440750
0.00085830  31.00000000  0.00001837  40.00000000  1386.37398378  0.08448848
0.00031592  38.00000000  0.00031592  40.00000000  1227.04004960  0.08456946
0.00018048  33.00000000  0.00009567  40.00000000  1747.74215137  0.08465043
0.02541332  38.00000000  0.02541332  40.00000000  1053.92278235  0.08473141
0.00882255  37.00000000  0.00876497  40.00000000  1812.78349160  0.08481238
0.00050614  35.00000000  0.00037387  40.00000000  949.75194253  0.08489336
0.01861646  37.00000000  0.01821750  40.00000000  1147.62296696  0.08497434
0.01048622  38.00000000  0.01048622  40.00000000  1061.18668552  0.08505531
0.00185429  34.00000000  0.00068933  40.00000000  1004.67780913  0.08513629
0.00113401  38.00000000  0.00113401  40.00000000  1155.01292369  0.08521726
0.00171300  38.00000000  0.00171300  40.00000000  1076.22692003  0.08529824
0.19193882  38.00000000  0.19193882  40.00000000  1251.54016146  0.08537922
0.01418627  38.00000000  0.01418627  40.00000000  2034.40692752  0.08546019
0.01241242  38.00000000  0.01241242  40.00000000  1255.08419114  0.08554117
0.00181513  38.00000000  0.00181513  40.00000000  1516.31269940  0.08562215
0.00691049  36.00000000  0.00441085  40.00000000  1192.63535931  0.08570312
0.01267471  38.00000000  0.01267471  40.00000000  1039.54615826  0.08578410
0.00253680  32.00000000  0.00243924  40.00000000  2051.68738047  0.08586507
0.00438584  36.00000000  0.00358239  40.00000000  1364.77983719  0.08594605
0.05888394  38.00000000  0.05888394  40.00000000  2372.51166657  0.08602703
0.00220171  32.00000000  0.00017990  40.00000000  1045.65572723  0.08610800
0.00185263  35.00000000  0.00075834  40.00000000  1879.44861837  0.08618898
0.00154738  38.00000000  0.00154738  40.00000000  1487.76313697  0.08626995
0.00470137  33.00000000  0.00131496  40.00000000  1542.94758360  0.08635093
0.00622772  33.00000000  0.00111343  40.00000000  1637.41031129  0.08643191
0.03878992  37.00000000  0.03809709  40.00000000  2241.17325383  0.08651288
0.00040489  38.00000000  0.00040489  40.00000000  1099.44425686  0.08659386
0.01627904  29.00000000  0.00652403  40.00000000  1314.81277811  0.08667483
0.01236821  35.00000000  0.00201342  40.00000000  871.81992869  0.08675581
0.00925312  34.00000000  0.00533248  40.00000000  1606.75080326  0.08683679
0.01150280  38.00000000  0.01150280  40.00000000  1214.11787168  0.08691776
0.00073172  38.00000000  0.00073172  40.00000000  1263.49882911  0.08699874
0.00004143  38.00000000  0.00004143  40.00000000  1044.79285439  0.08707972
0.00829656  38.00000000  0.00829656  40.00000000  1061.44572674  0.08716069
0.06763846  38.00000000  0.06763846  40.00000000  2161.18446281  0.08724167
0.00256116  38.00000000  0.00256116  40.00000000  1178.10620925  0.08732264
0.02138849  38.00000000  0.02138849  40.00000000  1080.92334667  0.08740362
0.00102201  38.00000000  0.00102201  40.00000000  980.46210441  0.08748460
0.00185436  38.00000000  0.00185436  40.00000000  897.94551557  0.08756557
0.00089152  38.00000000  0.00089152  40.00000000  1343.37127096  0.08764655
0.01263909  38.00000000  0.01263909  40.00000000  2107.14204749  0.08772752
0.03854732  37.00000000  0.03629994  40.00000000  1159.53765079  0.08780850
0.00339466  35.00000000  0.00252029  40.00000000  1109.79483164  0.08788948
0.00657310  32.00000000  0.00354940  40.00000000  1473.10758724  0.08797045
0.00031321  38.00000000  0.00031321  40.00000000  1078.31304107  0.08805143
0.00048650  26.00000000  0.00000716  40.00000000  1266.84211144  0.08813241
