# Results obtained using DQN. CPU time: 163.43926644325256
0.01474957  70.00000000  0.00731520  80.00000000  3175.39322258  0.00000000
0.00135911  77.00000000  0.00112850  80.00000000  1321.50735720  0.00000000
0.00550515  78.00000000  0.00550515  80.00000000  2828.38166173  0.00000000
0.00204575  78.00000000  0.00204575  80.00000000  2918.79726740  0.00000000
0.00344879  78.00000000  0.00344879  80.00000000  1985.09783805  0.00000000
0.00008637  78.00000000  0.00008637  80.00000000  1755.93588034  0.00000000
0.01334241  64.00000000  0.00044540  80.00000000  2028.81239313  0.37399141
0.01656209  78.00000000  0.01656209  80.00000000  2342.76958523  0.91797890
0.14871716  64.00000000  0.04740338  80.00000000  3993.70438089  0.99000000
0.15813932  64.00000000  0.04246021  80.00000000  3996.44653422  0.99000000
0.14871716  64.00000000  0.04740338  80.00000000  3993.70438089  0.99000000
0.15912850  66.00000000  0.00470535  80.00000000  3844.58799203  0.99000000
0.14739879  64.00000000  0.00486242  80.00000000  3992.38075816  0.99000000
0.14871716  64.00000000  0.04740338  80.00000000  3993.70438089  0.99000000
0.14871731  64.00000000  0.04772916  80.00000000  3993.73820346  0.99000000
0.14871716  64.00000000  0.04740338  80.00000000  3993.70438089  0.99000000
0.41644546  66.00000000  0.00446880  80.00000000  4005.26403068  0.99000000
0.17487513  64.00000000  0.05576669  80.00000000  4004.97859267  0.99000000
0.14871716  64.00000000  0.04740338  80.00000000  3993.70438089  0.99000000
0.15495016  64.00000000  0.04429023  80.00000000  3996.49360297  0.99000000
0.14871747  64.00000000  0.04740340  80.00000000  3993.70444281  0.99000000
0.13128488  62.00000000  0.02109295  80.00000000  3991.59831945  0.99000000
0.14874534  64.00000000  0.04740174  80.00000000  3993.71506764  0.99000000
0.14871716  64.00000000  0.04740338  80.00000000  3993.70438089  0.99000000
0.14871716  64.00000000  0.04740338  80.00000000  3993.70438089  0.99000000
0.22379718  75.00000000  0.18216431  80.00000000  3996.05258440  0.99000000
0.01781014  65.00000000  0.00590946  80.00000000  3017.63461892  0.99000000
0.09449065  63.00000000  0.03037495  80.00000000  3984.51079285  0.99000000
0.14871716  64.00000000  0.04740338  80.00000000  3993.70438089  0.99000000
0.03337479  64.00000000  0.00651769  80.00000000  3525.01411548  0.99000000
0.17682475  64.00000000  0.13579167  80.00000000  3743.01471411  0.99000000
0.04113632  60.00000000  0.01180077  80.00000000  3677.31802327  0.99000000
0.13950955  65.00000000  0.00097607  80.00000000  3986.95191822  0.99000000
0.20682627  77.00000000  0.20023405  80.00000000  3834.06902918  0.99000000
0.14871716  64.00000000  0.04740338  80.00000000  3993.70438089  0.99000000
0.14871716  64.00000000  0.04740338  80.00000000  3993.70438089  0.99000000
0.14871716  64.00000000  0.04740338  80.00000000  3993.70438089  0.99000000
0.14871716  64.00000000  0.04740338  80.00000000  3993.70438089  0.99000000
0.14809791  64.00000000  0.04848235  80.00000000  3993.69314877  0.99000000
0.14871716  64.00000000  0.04740338  80.00000000  3993.70438089  0.99000000
0.12148228  63.00000000  0.09572728  80.00000000  3992.59967251  0.99000000
0.13952233  64.00000000  0.05167753  80.00000000  3992.52054002  0.99000000
0.29905312  65.00000000  0.02187820  80.00000000  3999.91605616  0.99000000
0.14871716  64.00000000  0.05182855  80.00000000  3993.74327392  0.99000000
0.03026324  78.00000000  0.03026324  80.00000000  3330.57698580  0.99000000
0.12934973  64.00000000  0.03276055  80.00000000  3828.58564747  0.99000000
0.14871716  64.00000000  0.04740338  80.00000000  3993.70438089  0.99000000
0.14871716  64.00000000  0.04740338  80.00000000  3993.70438089  0.99000000
0.14871716  64.00000000  0.04591797  80.00000000  3993.65473512  0.99000000
0.14871716  64.00000000  0.04740338  80.00000000  3993.70438089  0.99000000
0.15077101  64.00000000  0.04797557  80.00000000  3994.72258004  0.99000000
0.14871716  64.00000000  0.04740338  80.00000000  3993.70438089  0.99000000
0.14871716  64.00000000  0.04740338  80.00000000  3993.70438089  0.99000000
0.12036083  65.00000000  0.00136322  80.00000000  3978.40513922  0.99000000
0.14871716  64.00000000  0.04740338  80.00000000  3993.70438089  0.99000000
0.14871716  64.00000000  0.04740338  80.00000000  3993.70438089  0.99000000
0.14871716  64.00000000  0.04740338  80.00000000  3993.70438089  0.99000000
0.39181758  65.00000000  0.00148807  80.00000000  4006.38117960  0.99000000
0.14871716  64.00000000  0.04740338  80.00000000  3993.70438089  0.99000000
0.14871716  64.00000000  0.04740338  80.00000000  3993.70438089  0.99000000
0.14871716  64.00000000  0.04740338  80.00000000  3993.70438089  0.99000000
0.14871716  64.00000000  0.04740338  80.00000000  3993.70438089  0.99000000
0.20647893  72.00000000  0.08384876  80.00000000  3995.12169932  0.99000000
0.14871716  64.00000000  0.04740338  80.00000000  3993.70438089  0.99000000
0.11844550  61.00000000  0.04522712  80.00000000  3990.36997969  0.99000000
0.14871716  64.00000000  0.04740338  80.00000000  3993.70438089  0.99000000
0.20138752  64.00000000  0.03036873  80.00000000  3995.50549358  0.99000000
0.14871716  64.00000000  0.04740338  80.00000000  3993.70438089  0.99000000
0.13128488  62.00000000  0.02109295  80.00000000  3991.59831945  0.99000000
0.14871716  64.00000000  0.04740338  80.00000000  3993.70438089  0.99000000
0.14871716  64.00000000  0.04740338  80.00000000  3993.70438089  0.99000000
0.14871716  64.00000000  0.04740338  80.00000000  3993.70438089  0.99000000
0.12925193  63.00000000  0.02945156  80.00000000  3992.26146151  0.99000000
0.13790607  64.00000000  0.10372868  80.00000000  3988.13709385  0.99000000
0.14871716  64.00000000  0.04740338  80.00000000  3993.70438089  0.99000000
0.14871716  64.00000000  0.04740338  80.00000000  3993.70438089  0.99000000
0.14871716  64.00000000  0.04740338  80.00000000  3993.70438089  0.99000000
0.14871716  64.00000000  0.04740338  80.00000000  3993.70438089  0.99000000
0.03348162  74.00000000  0.02385278  80.00000000  2469.57947998  0.99000000
0.16288800  65.00000000  0.02573765  80.00000000  3990.13892378  0.99000000
0.15077126  64.00000000  0.04797422  80.00000000  3994.72234383  0.99000000
0.14871716  64.00000000  0.04740338  80.00000000  3993.70438089  0.99000000
0.14871716  64.00000000  0.04740338  80.00000000  3993.70438089  0.99000000
0.14871716  64.00000000  0.04740338  80.00000000  3993.70438089  0.99000000
0.09096693  64.00000000  0.00273026  80.00000000  3844.31203900  0.99000000
0.14871716  64.00000000  0.04912471  80.00000000  3993.68207489  0.99000000
0.17125219  64.00000000  0.00151478  80.00000000  3992.09243792  0.99000000
0.14233584  78.00000000  0.14233584  80.00000000  3987.80428774  0.99000000
0.14871716  64.00000000  0.01758526  80.00000000  3993.37479887  0.99000000
0.09096693  64.00000000  0.00273025  80.00000000  3844.31203874  0.99000000
0.14871716  64.00000000  0.04740338  80.00000000  3993.70438089  0.99000000
0.14794366  64.00000000  0.04823748  80.00000000  3993.67658281  0.99000000
0.07569508  78.00000000  0.07569508  80.00000000  3849.73735503  0.99000000
0.14871716  64.00000000  0.04740338  80.00000000  3993.70438089  0.99000000
0.18141086  76.00000000  0.16711590  80.00000000  3994.70415840  0.99000000
0.14871716  64.00000000  0.04594936  80.00000000  3993.67460973  0.99000000
0.14871716  64.00000000  0.04740338  80.00000000  3993.70438089  0.99000000
0.14259752  63.00000000  0.01147931  80.00000000  3992.10036426  0.99000000
0.14871716  64.00000000  0.04664889  80.00000000  3993.69522297  0.99000000
0.14871716  64.00000000  0.01309043  80.00000000  3993.00204518  0.99000000
0.14871716  64.00000000  0.04740338  80.00000000  3993.70438089  0.99000000
0.09699062  63.00000000  0.05533909  80.00000000  3986.70479867  0.99000000
0.14871716  64.00000000  0.04740338  80.00000000  3993.70438089  0.99000000
0.14871716  64.00000000  0.04740338  80.00000000  3993.70438089  0.99000000
0.14871716  64.00000000  0.04740338  80.00000000  3993.70438089  0.99000000
0.14871647  64.00000000  0.04740326  80.00000000  3993.70439440  0.99000000
0.17141010  64.00000000  0.02056949  80.00000000  3992.57669740  0.99000000
0.14871716  64.00000000  0.04740338  80.00000000  3993.70438089  0.99000000
0.14871716  64.00000000  0.04740338  80.00000000  3993.70438089  0.99000000
0.14113819  64.00000000  0.00336143  80.00000000  3991.46097325  0.99000000
0.14871716  64.00000000  0.04740338  80.00000000  3993.70438089  0.99000000
0.14871716  64.00000000  0.04740338  80.00000000  3993.70438089  0.99000000
0.14871716  64.00000000  0.04740338  80.00000000  3993.70438089  0.99000000
0.12723539  76.00000000  0.11564887  80.00000000  3991.37848496  0.99000000
0.11018630  66.00000000  0.00243092  80.00000000  3978.20663141  0.99000000
0.14871716  64.00000000  0.04740338  80.00000000  3993.70438089  0.99000000
0.12510344  63.00000000  0.01682518  80.00000000  3955.18940489  0.99000000
0.14871716  64.00000000  0.04740338  80.00000000  3993.70438089  0.99000000
0.14871716  64.00000000  0.04740338  80.00000000  3993.70438089  0.99000000
0.27194283  65.00000000  0.01462327  80.00000000  3999.69033195  0.99000000
0.14871716  64.00000000  0.04740338  80.00000000  3993.70438089  0.99000000
0.14871716  64.00000000  0.04740338  80.00000000  3993.70438089  0.99000000
0.14871716  64.00000000  0.04740338  80.00000000  3993.70438089  0.99000000
0.14886791  64.00000000  0.08780855  80.00000000  3994.71301840  0.99000000
0.11062558  78.00000000  0.11062558  80.00000000  3931.40167127  0.99000000
0.14871716  64.00000000  0.04740338  80.00000000  3993.70438089  0.99000000
0.14871716  64.00000000  0.04740338  80.00000000  3993.70438089  0.99000000
0.14871716  64.00000000  0.04740338  80.00000000  3993.70438089  0.99000000
0.14871716  64.00000000  0.04740338  80.00000000  3993.70438089  0.99000000
0.14871716  64.00000000  0.04740338  80.00000000  3993.70384248  0.99000000
0.14871716  64.00000000  0.04740338  80.00000000  3993.70438089  0.99000000
0.23443084  78.00000000  0.23443084  80.00000000  3991.66425522  0.99000000
0.14871716  64.00000000  0.04740338  80.00000000  3993.70438089  0.99000000
0.26067863  67.00000000  0.01610211  80.00000000  2886.54348750  0.99000000
0.14871716  64.00000000  0.04740338  80.00000000  3993.70438089  0.99000000
0.14871716  64.00000000  0.04740338  80.00000000  3993.70438089  0.99000000
0.14871716  64.00000000  0.04740338  80.00000000  3993.70438089  0.99000000
0.14679450  64.00000000  0.04744658  80.00000000  3992.90250153  0.99000000
0.14871716  64.00000000  0.04740338  80.00000000  3993.70438089  0.99000000
0.14844957  64.00000000  0.04754758  80.00000000  3993.69508946  0.99000000
0.14871716  64.00000000  0.04740338  80.00000000  3993.70438089  0.99000000
0.18832058  78.00000000  0.18832058  80.00000000  3994.62495828  0.99000000
0.28518897  75.00000000  0.24372701  80.00000000  3998.30168787  0.99000000
0.14871716  64.00000000  0.04740338  80.00000000  3993.70438089  0.99000000
0.14871716  64.00000000  0.04740338  80.00000000  3993.70438089  0.99000000
0.14871716  64.00000000  0.04740338  80.00000000  3993.70438089  0.99000000
0.12972020  62.00000000  0.09591940  80.00000000  3991.75502336  0.99000000
0.14871716  64.00000000  0.04740338  80.00000000  3993.70438089  0.99000000
0.14871716  64.00000000  0.04740338  80.00000000  3993.70438089  0.99000000
0.12182361  63.00000000  0.02242129  80.00000000  3739.15592435  0.99000000
0.14871716  64.00000000  0.04740338  80.00000000  3993.70438089  0.99000000
0.14871716  64.00000000  0.04740338  80.00000000  3993.70438089  0.99000000
0.13961838  64.00000000  0.03018565  80.00000000  3995.38878793  0.99000000
0.14871716  64.00000000  0.04740338  80.00000000  3993.70438089  0.99000000
0.14871716  64.00000000  0.04740338  80.00000000  3993.70438089  0.99000000
0.26098274  66.00000000  0.01770856  80.00000000  3973.68558056  0.99000000
0.14871716  64.00000000  0.04885869  80.00000000  3993.68690128  0.99000000
0.11940952  61.00000000  0.02733812  80.00000000  3991.23795417  0.99000000
0.13914193  64.00000000  0.04874073  80.00000000  3992.40640079  0.99000000
0.14871716  64.00000000  0.04740338  80.00000000  3993.70438089  0.99000000
0.10440673  71.00000000  0.05940812  80.00000000  3836.10306757  0.99000000
0.14871716  64.00000000  0.04740338  80.00000000  3993.70438089  0.99000000
0.14168755  75.00000000  0.10627826  80.00000000  3991.56184977  0.99000000
0.05920001  71.00000000  0.04032992  80.00000000  3991.75649863  0.99000000
0.14871716  64.00000000  0.04740338  80.00000000  3993.70438089  0.99000000
0.14871716  64.00000000  0.04740338  80.00000000  3993.70438089  0.99000000
0.14871716  64.00000000  0.04740338  80.00000000  3993.70438089  0.99000000
0.14871775  64.00000000  0.04740418  80.00000000  3993.70437278  0.99000000
0.16833921  64.00000000  0.02683931  80.00000000  3990.23533250  0.99000000
0.14871716  64.00000000  0.04740338  80.00000000  3993.70438089  0.99000000
0.14871716  64.00000000  0.04740338  80.00000000  3993.70438089  0.99000000
0.14871716  64.00000000  0.04740338  80.00000000  3993.70438089  0.99000000
0.14871716  64.00000000  0.04740338  80.00000000  3993.70438089  0.99000000
0.14865943  64.00000000  0.03418169  80.00000000  3993.52318705  0.99000000
0.11636744  64.00000000  0.00979567  80.00000000  4000.46887988  0.99000000
0.14871716  64.00000000  0.04740338  80.00000000  3993.70438089  0.99000000
0.14871716  64.00000000  0.06119494  80.00000000  3993.67244170  0.99000000
0.14871716  64.00000000  0.04740414  80.00000000  3993.72135192  0.99000000
0.21741850  64.00000000  0.03109351  80.00000000  4000.54601218  0.99000000
0.14871716  64.00000000  0.04740338  80.00000000  3993.70437833  0.99000000
0.14871716  64.00000000  0.04740338  80.00000000  3993.70438089  0.99000000
0.21753980  64.00000000  0.03144630  80.00000000  4000.54028148  0.99000000
0.27194283  65.00000000  0.01462327  80.00000000  3999.69033195  0.99000000
0.00410839  53.00000000  0.00073960  80.00000000  2248.64598990  0.99000000
0.14871716  64.00000000  0.04740338  80.00000000  3993.70438089  0.99000000
0.14871716  64.00000000  0.05091831  80.00000000  3993.74041760  0.99000000
0.14871716  64.00000000  0.04740338  80.00000000  3993.70438089  0.99000000
0.14871716  64.00000000  0.04740338  80.00000000  3993.70438089  0.99000000
0.14885603  64.00000000  0.11498924  80.00000000  3994.55614612  0.99000000
0.14871716  64.00000000  0.04740338  80.00000000  3993.70438089  0.99000000
0.14065338  71.00000000  0.06168696  80.00000000  3901.90130851  0.99000000
0.14871716  64.00000000  0.04740338  80.00000000  3993.70438089  0.99000000
0.00784410  69.00000000  0.00514161  80.00000000  2627.80412981  0.99000000
0.14869414  64.00000000  0.12129519  80.00000000  3994.44327269  0.99000000
0.13616475  75.00000000  0.11299824  80.00000000  3992.44203650  0.99000000
0.14871716  64.00000000  0.04740338  80.00000000  3993.70438089  0.99000000
0.14871716  64.00000000  0.04740338  80.00000000  3993.70438089  0.99000000
0.20363826  65.00000000  0.00197296  80.00000000  3995.85711516  0.99000000
0.14871709  64.00000000  0.04740341  80.00000000  3993.70437873  0.99000000
0.14871716  64.00000000  0.04740338  80.00000000  3993.70438089  0.99000000
0.14871716  64.00000000  0.04740338  80.00000000  3993.70438089  0.99000000
0.20138752  64.00000000  0.03036873  80.00000000  3995.50549358  0.99000000
0.34286891  63.00000000  0.00701138  80.00000000  4008.90886498  0.99000000
0.17522959  64.00000000  0.05691792  80.00000000  4005.85522395  0.99000000
0.14871716  64.00000000  0.04740338  80.00000000  3993.70438089  0.99000000
0.11846523  74.00000000  0.07791296  80.00000000  3990.43797242  0.99000000
0.21999519  64.00000000  0.03054266  80.00000000  4002.48050473  0.99000000
0.14881805  64.00000000  0.09604944  80.00000000  3994.70263022  0.99000000
0.14828559  64.00000000  0.03091258  80.00000000  3993.45660432  0.99000000
0.14871716  64.00000000  0.04740338  80.00000000  3993.70438089  0.99000000
0.14871716  64.00000000  0.04740338  80.00000000  3993.70438089  0.99000000
0.14871716  64.00000000  0.04740338  80.00000000  3993.70438089  0.99000000
0.09381235  61.00000000  0.07293636  80.00000000  3994.67731712  0.99000000
0.14871716  64.00000000  0.05440342  80.00000000  3993.73568302  0.99000000
0.14871716  64.00000000  0.04740338  80.00000000  3993.70438089  0.99000000
0.14871716  64.00000000  0.04740338  80.00000000  3993.70438089  0.99000000
0.14871716  64.00000000  0.04740338  80.00000000  3993.70438089  0.99000000
0.14871716  64.00000000  0.04740338  80.00000000  3993.70438089  0.99000000
0.14871716  64.00000000  0.04740338  80.00000000  3993.70438089  0.99000000
0.14871716  64.00000000  0.04740338  80.00000000  3993.70438089  0.99000000
0.13621483  62.00000000  0.04696410  80.00000000  4006.31529484  0.99000000
0.14871716  64.00000000  0.04740338  80.00000000  3993.70438089  0.99000000
0.14871716  64.00000000  0.04740338  80.00000000  3993.70438089  0.99000000
0.14871716  64.00000000  0.04740338  80.00000000  3993.70438089  0.99000000
0.14871700  64.00000000  0.11106823  80.00000000  3994.13894543  0.99000000
0.14871716  64.00000000  0.04740338  80.00000000  3993.70438089  0.99000000
0.20646598  72.00000000  0.08384576  80.00000000  3995.12097372  0.99000000
0.14871716  64.00000000  0.04740338  80.00000000  3993.70438089  0.99000000
0.14874369  64.00000000  0.04740365  80.00000000  3993.70531032  0.99000000
0.15325332  70.00000000  0.08812582  80.00000000  3992.63915502  0.99000000
0.14871712  64.00000000  0.05971840  80.00000000  3993.58367100  0.99000000
0.14871716  64.00000000  0.04740338  80.00000000  3993.70438089  0.99000000
0.14871716  64.00000000  0.04786723  80.00000000  3993.58378039  0.99000000
0.14871716  64.00000000  0.04740338  80.00000000  3993.70438089  0.99000000
0.14871716  64.00000000  0.04740338  80.00000000  3993.70438089  0.99000000
0.14871716  64.00000000  0.04740338  80.00000000  3993.70438089  0.99000000
0.14871716  64.00000000  0.04740338  80.00000000  3993.70438089  0.99000000
0.14871716  64.00000000  0.04740338  80.00000000  3993.70438089  0.99000000
0.14871716  64.00000000  0.04740338  80.00000000  3993.70438089  0.99000000
0.14871716  64.00000000  0.04740338  80.00000000  3993.70438089  0.99000000
0.14911645  64.00000000  0.01898626  80.00000000  3992.78082783  0.99000000
0.25728047  78.00000000  0.25728047  80.00000000  2186.77823064  0.99000000
0.14871716  64.00000000  0.04587652  80.00000000  3993.67121222  0.99000000
0.16597645  66.00000000  0.00336497  80.00000000  3992.51314541  0.99000000
0.10511136  74.00000000  0.07430948  80.00000000  3989.95470766  0.99000000
0.16019163  65.00000000  0.01876649  80.00000000  3984.82034176  0.99000000
0.14871716  64.00000000  0.04740933  80.00000000  3993.69420439  0.99000000
0.17085437  78.00000000  0.17085437  80.00000000  3990.71637847  0.99000000
0.14871716  64.00000000  0.04740338  80.00000000  3993.70438089  0.99000000
0.12250937  64.00000000  0.01992039  80.00000000  3990.81382942  0.99000000
0.14871716  64.00000000  0.07029146  80.00000000  3993.89927160  0.99000000
0.14883765  64.00000000  0.05373532  80.00000000  3993.19175297  0.99000000
0.14871716  64.00000000  0.04740631  80.00000000  3993.70499491  0.99000000
0.14871716  64.00000000  0.04740299  80.00000000  3993.70441336  0.99000000
0.03004219  62.00000000  0.00227117  80.00000000  2737.90237554  0.99000000
0.14343640  64.00000000  0.04820716  80.00000000  3992.87916668  0.99000000
0.14871716  64.00000000  0.04740338  80.00000000  3993.70438089  0.99000000
0.14871716  64.00000000  0.04740338  80.00000000  3993.70438089  0.99000000
0.14871716  64.00000000  0.04740338  80.00000000  3993.70438089  0.99000000
0.14871716  64.00000000  0.04740338  80.00000000  3993.70438089  0.99000000
0.14871716  64.00000000  0.04660674  80.00000000  3993.70847533  0.99000000
0.11791432  64.00000000  0.00984298  80.00000000  4000.93870172  0.99000000
0.10069949  70.00000000  0.05966070  80.00000000  2093.02983198  0.99000000
0.14871716  64.00000000  0.04740338  80.00000000  3993.70438089  0.99000000
0.27601116  78.00000000  0.27601116  80.00000000  3991.13646837  0.99000000
0.14871716  64.00000000  0.04740338  80.00000000  3993.70438089  0.99000000
0.14871716  64.00000000  0.04740338  80.00000000  3993.70438089  0.99000000
0.14871716  64.00000000  0.04740338  80.00000000  3993.70438089  0.99000000
0.14871797  64.00000000  0.11045633  80.00000000  3994.10243189  0.99000000
0.14871716  64.00000000  0.04740338  80.00000000  3993.70438089  0.99000000
0.01111192  78.00000000  0.01111192  80.00000000  2312.56961532  0.99000000
0.16810337  78.00000000  0.16810337  80.00000000  4002.26914447  0.99000000
0.14871716  64.00000000  0.04740338  80.00000000  3993.70438089  0.99000000
0.14871716  64.00000000  0.04740338  80.00000000  3993.70438089  0.99000000
0.14870563  64.00000000  0.04740598  80.00000000  3993.70389956  0.99000000
0.11051740  62.00000000  0.00656475  80.00000000  3992.33946374  0.99000000
0.14871716  64.00000000  0.04740338  80.00000000  3993.70438089  0.99000000
0.14871716  64.00000000  0.04740338  80.00000000  3993.70438089  0.99000000
0.14871716  64.00000000  0.04747296  80.00000000  3993.70436027  0.99000000
0.15451090  64.00000000  0.04438190  80.00000000  3996.44657247  0.99000000
0.14871716  64.00000000  0.04740338  80.00000000  3993.70438089  0.99000000
0.14871716  64.00000000  0.04740338  80.00000000  3993.70438089  0.99000000
0.14871716  64.00000000  0.04740338  80.00000000  3993.70438089  0.99000000
0.14871716  64.00000000  0.04740338  80.00000000  3993.70438089  0.99000000
0.14871716  64.00000000  0.04740338  80.00000000  3993.70438089  0.99000000
0.01847164  59.00000000  0.00871670  80.00000000  3970.66488861  0.99000000
0.06717081  62.00000000  0.00802059  80.00000000  3982.71697278  0.99000000
0.12598439  70.00000000  0.02186738  80.00000000  3749.41020715  0.99000000
0.14871716  64.00000000  0.04740338  80.00000000  3993.70438089  0.99000000
0.14871716  64.00000000  0.04740338  80.00000000  3993.70438089  0.99000000
0.21486426  63.00000000  0.02158476  80.00000000  4013.88961801  0.99000000
0.14246611  65.00000000  0.00239041  80.00000000  3988.42900786  0.99000000
0.14871716  64.00000000  0.04740338  80.00000000  3993.70438089  0.99000000
0.14871716  64.00000000  0.04740338  80.00000000  3993.70438089  0.99000000
0.14871716  64.00000000  0.04740338  80.00000000  3993.70438089  0.99000000
0.04269076  66.00000000  0.00077045  80.00000000  3525.07240292  0.99000000
0.14728094  70.00000000  0.01948561  80.00000000  3923.12971506  0.99000000
0.14871716  64.00000000  0.04740338  80.00000000  3993.70438089  0.99000000
0.27187580  77.00000000  0.26682269  80.00000000  3278.88625842  0.99000000
0.14871716  64.00000000  0.04740338  80.00000000  3993.70438089  0.99000000
0.14871716  64.00000000  0.04786517  80.00000000  3993.70336937  0.99000000
0.14860497  64.00000000  0.11476042  80.00000000  3994.43095616  0.99000000
0.01101023  71.00000000  0.00590767  80.00000000  3861.28100494  0.99000000
0.14871716  64.00000000  0.04740338  80.00000000  3993.70438089  0.99000000
0.06405990  64.00000000  0.04852666  80.00000000  3975.90021135  0.99000000
0.14767095  64.00000000  0.04623550  80.00000000  3993.20068674  0.99000000
0.14871716  64.00000000  0.04740338  80.00000000  3993.70438089  0.99000000
0.14871716  64.00000000  0.04740338  80.00000000  3993.70438089  0.99000000
0.14871716  64.00000000  0.04740338  80.00000000  3993.70438089  0.99000000
0.14871716  64.00000000  0.04740338  80.00000000  3993.70438089  0.99000000
0.14871716  64.00000000  0.04740338  80.00000000  3993.70438089  0.99000000
0.14871716  64.00000000  0.04740338  80.00000000  3993.70438089  0.99000000
0.14871716  64.00000000  0.04740338  80.00000000  3993.70438089  0.99000000
0.15021578  65.00000000  0.00260544  80.00000000  3992.22644149  0.99000000
0.14871775  64.00000000  0.04740417  80.00000000  3993.70437338  0.99000000
0.14871716  64.00000000  0.04740338  80.00000000  3993.70438089  0.99000000
0.35494203  68.00000000  0.07183400  80.00000000  3868.84210665  0.99000000
0.14871716  64.00000000  0.04740338  80.00000000  3993.70438089  0.99000000
0.08651067  62.00000000  0.00303211  80.00000000  3905.54131054  0.99000000
0.09980294  64.00000000  0.00864968  80.00000000  3982.12095035  0.99000000
0.14871716  64.00000000  0.04740338  80.00000000  3993.70438089  0.99000000
0.14856741  64.00000000  0.07255401  80.00000000  3993.32675202  0.99000000
0.14871775  64.00000000  0.04740417  80.00000000  3993.70437338  0.99000000
0.14871716  64.00000000  0.04740338  80.00000000  3993.70438089  0.99000000
0.14871650  64.00000000  0.04740326  80.00000000  3993.70439679  0.99000000
0.14871716  64.00000000  0.04740338  80.00000000  3993.70438089  0.99000000
0.10592774  64.00000000  0.00327268  80.00000000  3971.33208504  0.99000000
0.14871716  64.00000000  0.04740338  80.00000000  3993.70438089  0.99000000
0.14871716  64.00000000  0.04740338  80.00000000  3993.70438089  0.99000000
0.14871716  64.00000000  0.04752816  80.00000000  3993.70197143  0.99000000
0.14443183  64.00000000  0.01204298  80.00000000  3984.87499729  0.99000000
0.19202173  62.00000000  0.03101850  80.00000000  3477.97368349  0.99000000
0.00192791  78.00000000  0.00192791  80.00000000  3847.58379653  0.99000000
0.14871716  64.00000000  0.04740338  80.00000000  3993.70438089  0.99000000
0.14871714  64.00000000  0.09694465  80.00000000  3993.91497570  0.99000000
0.14874378  64.00000000  0.04740360  80.00000000  3993.70532098  0.99000000
0.14871716  64.00000000  0.04740338  80.00000000  3993.70438089  0.99000000
0.14081102  62.00000000  0.07552920  80.00000000  3991.89557738  0.99000000
0.00870772  76.00000000  0.00846778  80.00000000  3251.89369526  0.99000000
0.19791014  77.00000000  0.19322722  80.00000000  3780.69030692  0.99000000
0.14871716  64.00000000  0.04740338  80.00000000  3993.70438089  0.99000000
0.08950491  71.00000000  0.02757184  80.00000000  2230.40974027  0.99000000
0.03960822  64.00000000  0.01960037  80.00000000  3834.68188049  0.99000000
0.14871716  64.00000000  0.04740338  80.00000000  3993.70438089  0.99000000
0.14871716  64.00000000  0.04740338  80.00000000  3993.70438089  0.99000000
0.14871716  64.00000000  0.04740338  80.00000000  3993.70438089  0.99000000
0.14871716  64.00000000  0.04740338  80.00000000  3993.70438089  0.99000000
0.14871716  64.00000000  0.04740338  80.00000000  3993.70438089  0.99000000
0.14871716  64.00000000  0.04740338  80.00000000  3993.70438089  0.99000000
0.14871716  64.00000000  0.04740338  80.00000000  3993.70438089  0.99000000
0.14871716  64.00000000  0.04740284  80.00000000  3993.70304099  0.99000000
0.14871716  64.00000000  0.04740338  80.00000000  3993.70438089  0.99000000
0.14871716  64.00000000  0.04740338  80.00000000  3993.70438089  0.99000000
0.14871716  64.00000000  0.04740338  80.00000000  3993.70438089  0.99000000
0.14871716  64.00000000  0.04740338  80.00000000  3993.70438089  0.99000000
0.15650011  65.00000000  0.06728157  80.00000000  3993.80181045  0.99000000
0.14871716  64.00000000  0.11217888  80.00000000  3993.97715301  0.99000000
0.14871716  64.00000000  0.04740338  80.00000000  3993.70438089  0.99000000
0.14871716  64.00000000  0.04740338  80.00000000  3993.70438089  0.99000000
0.14871716  64.00000000  0.04740338  80.00000000  3993.70438089  0.99000000
0.14871716  64.00000000  0.04740338  80.00000000  3993.70438089  0.99000000
0.14871716  64.00000000  0.04740338  80.00000000  3993.70438089  0.99000000
0.13954502  64.00000000  0.04862519  80.00000000  3992.39794091  0.99000000
0.15142777  78.00000000  0.15142777  80.00000000  3990.71195347  0.99000000
0.14815706  64.00000000  0.04727067  80.00000000  3993.56526570  0.99000000
0.13272846  62.00000000  0.04078346  80.00000000  3991.86558185  0.99000000
0.17222593  65.00000000  0.00109492  80.00000000  3997.89507369  0.99000000
0.14871716  64.00000000  0.04740338  80.00000000  3993.70438089  0.99000000
0.14871716  64.00000000  0.04740338  80.00000000  3993.70438089  0.99000000
0.09076883  66.00000000  0.03091419  80.00000000  3602.37553014  0.99000000
0.18545572  64.00000000  0.04399478  80.00000000  3071.52433813  0.99000000
0.14883988  64.00000000  0.09542649  80.00000000  3994.58117028  0.99000000
0.03762682  72.00000000  0.02643757  80.00000000  2766.12168287  0.99000000
0.14871716  64.00000000  0.04740338  80.00000000  3993.70438089  0.99000000
0.11207164  75.00000000  0.07680492  80.00000000  3992.19274149  0.99000000
0.14871716  64.00000000  0.04740338  80.00000000  3993.70438089  0.99000000
0.14874655  64.00000000  0.09796103  80.00000000  3994.44941101  0.99000000
0.14871716  64.00000000  0.04740338  80.00000000  3993.70438089  0.99000000
0.13089211  63.00000000  0.05250820  80.00000000  3992.38671830  0.99000000
0.14871716  64.00000000  0.04740338  80.00000000  3993.70438089  0.99000000
0.14871716  64.00000000  0.04740338  80.00000000  3993.70441183  0.99000000
0.09648169  78.00000000  0.09648169  80.00000000  3949.67009918  0.99000000
0.14871716  64.00000000  0.06665384  80.00000000  3993.69489329  0.99000000
0.14871716  64.00000000  0.04740338  80.00000000  3993.70438089  0.99000000
0.02855236  58.00000000  0.00169687  80.00000000  3939.25979431  0.99000000
0.13405321  71.00000000  0.07047566  80.00000000  3984.54387332  0.99000000
0.10327341  64.00000000  0.00778133  80.00000000  3980.25819884  0.99000000
0.03759205  63.00000000  0.00491810  80.00000000  3981.95576550  0.99000000
0.14871716  64.00000000  0.04740338  80.00000000  3993.70438089  0.99000000
0.14871716  64.00000000  0.04740338  80.00000000  3993.70438089  0.99000000
0.14885603  64.00000000  0.11498924  80.00000000  3994.55614612  0.99000000
0.14871716  64.00000000  0.04740338  80.00000000  3993.70438089  0.99000000
0.14871716  64.00000000  0.04740338  80.00000000  3993.70438089  0.99000000
0.14871716  64.00000000  0.04740338  80.00000000  3993.70438089  0.99000000
0.28328799  78.00000000  0.28328799  80.00000000  3994.61999869  0.99000000
0.13914279  64.00000000  0.04874038  80.00000000  3992.40641868  0.99000000
0.14871716  64.00000000  0.04660674  80.00000000  3993.70847533  0.99000000
0.14894261  63.00000000  0.04369606  80.00000000  4012.39991851  0.99000000
0.14871716  64.00000000  0.04740338  80.00000000  3993.70438089  0.99000000
0.10364715  64.00000000  0.00569931  80.00000000  3981.88225735  0.99000000
0.14871716  64.00000000  0.04740338  80.00000000  3993.70441183  0.99000000
0.14871716  64.00000000  0.04740338  80.00000000  3993.70438089  0.99000000
0.14871716  64.00000000  0.07029146  80.00000000  3993.89927160  0.99000000
0.01603964  75.00000000  0.01340503  80.00000000  2950.83323968  0.99000000
0.14428476  64.00000000  0.02416372  80.00000000  3984.79254759  0.99000000
0.04351439  78.00000000  0.04351439  80.00000000  3601.02732028  0.99000000
0.14871716  64.00000000  0.04740338  80.00000000  3993.70438089  0.99000000
0.14871716  64.00000000  0.05555764  80.00000000  3993.63476096  0.99000000
0.14870240  64.00000000  0.07128879  80.00000000  3993.86057331  0.99000000
0.14871716  64.00000000  0.04740338  80.00000000  3993.70438089  0.99000000
0.14871716  64.00000000  0.01084819  80.00000000  3992.62672815  0.99000000
0.14871716  64.00000000  0.04740338  80.00000000  3993.70438089  0.99000000
0.14871716  64.00000000  0.04740338  80.00000000  3993.70438089  0.99000000
0.14871716  64.00000000  0.04740338  80.00000000  3993.70438089  0.99000000
0.11026388  78.00000000  0.11026388  80.00000000  3953.55449574  0.99000000
0.10719435  62.00000000  0.03372083  80.00000000  3975.99577352  0.99000000
0.14871751  64.00000000  0.04740337  80.00000000  3993.70455133  0.99000000
0.17303430  78.00000000  0.17303430  80.00000000  3991.77513865  0.99000000
0.14871716  64.00000000  0.04740338  80.00000000  3993.70438089  0.99000000
0.29754826  76.00000000  0.28173367  80.00000000  3998.52832547  0.99000000
0.11187558  75.00000000  0.07637103  80.00000000  3990.38647108  0.99000000
0.14871716  64.00000000  0.04740338  80.00000000  3993.70438089  0.99000000
0.14871716  64.00000000  0.04740338  80.00000000  3993.70438089  0.99000000
0.14871716  64.00000000  0.04740338  80.00000000  3993.70438089  0.99000000
0.14871716  64.00000000  0.04740338  80.00000000  3993.70438089  0.99000000
0.10398413  64.00000000  0.00444313  80.00000000  3981.08078650  0.99000000
0.11513202  64.00000000  0.00430039  80.00000000  3987.13236831  0.99000000
0.14871716  64.00000000  0.04740338  80.00000000  3993.70438089  0.99000000
0.14871716  64.00000000  0.04740338  80.00000000  3993.70438089  0.99000000
0.02676555  59.00000000  0.00367068  80.00000000  3939.24566607  0.99000000
0.15284384  64.00000000  0.02646509  80.00000000  3992.71657761  0.99000000
0.14871716  64.00000000  0.04740338  80.00000000  3993.70438089  0.99000000
0.14871716  64.00000000  0.04740338  80.00000000  3993.70438089  0.99000000
0.14871716  64.00000000  0.04740338  80.00000000  3993.70438089  0.99000000
0.14871716  64.00000000  0.04740338  80.00000000  3993.70438089  0.99000000
0.20668940  64.00000000  0.11466850  80.00000000  4000.29009274  0.99000000
0.14886791  64.00000000  0.02058427  80.00000000  3993.70805162  0.99000000
0.14871716  64.00000000  0.04740338  80.00000000  3993.70438089  0.99000000
0.14871716  64.00000000  0.04740338  80.00000000  3993.70438089  0.99000000
0.15234972  77.00000000  0.14236170  80.00000000  3976.50687994  0.99000000
0.15381081  64.00000000  0.01346617  80.00000000  3993.17980735  0.99000000
0.13060389  63.00000000  0.11216779  80.00000000  3992.44503364  0.99000000
0.11463671  78.00000000  0.11463671  80.00000000  3970.17723974  0.99000000
0.10398987  64.00000000  0.00444250  80.00000000  3981.08107720  0.99000000
0.13950062  64.00000000  0.05169465  80.00000000  3992.52915889  0.99000000
0.21753660  64.00000000  0.03144745  80.00000000  4000.54018310  0.99000000
0.14871716  64.00000000  0.04740338  80.00000000  3993.70438089  0.99000000
0.14871716  64.00000000  0.04752757  80.00000000  3993.69044982  0.99000000
0.14871716  64.00000000  0.04740338  80.00000000  3993.70438089  0.99000000
0.14685307  64.00000000  0.05852013  80.00000000  3994.00649881  0.99000000
0.14364317  64.00000000  0.05221186  80.00000000  3996.87788798  0.99000000
0.14871716  64.00000000  0.04740338  80.00000000  3993.70438089  0.99000000
0.14871716  64.00000000  0.04740414  80.00000000  3993.72135192  0.99000000
0.15072227  65.00000000  0.00248490  80.00000000  3990.75528210  0.99000000
0.21536526  63.00000000  0.11312014  80.00000000  4003.71557583  0.99000000
0.14871716  64.00000000  0.04740338  80.00000000  3993.70438089  0.99000000
0.14871716  64.00000000  0.04740338  80.00000000  3993.70438089  0.99000000
0.14871716  64.00000000  0.04740338  80.00000000  3993.70438089  0.99000000
0.14871716  64.00000000  0.04740338  80.00000000  3993.70438089  0.99000000
0.03294418  78.00000000  0.03294418  80.00000000  3988.77595498  0.99000000
0.13950062  64.00000000  0.05169465  80.00000000  3992.52915889  0.99000000
0.05800414  67.00000000  0.00270530  80.00000000  3915.44566864  0.99000000
0.14871716  64.00000000  0.04740338  80.00000000  3993.70438089  0.99000000
0.14871826  64.00000000  0.12636836  80.00000000  3994.02741878  0.99000000
0.14871716  64.00000000  0.04740338  80.00000000  3993.70438089  0.99000000
0.14871716  64.00000000  0.04740338  80.00000000  3993.70438089  0.99000000
0.14871716  64.00000000  0.04740338  80.00000000  3993.70438089  0.99000000
0.14871716  64.00000000  0.04740338  80.00000000  3993.70438089  0.99000000
0.14871716  64.00000000  0.04740338  80.00000000  3993.70438089  0.99000000
0.14871716  64.00000000  0.04740338  80.00000000  3993.70384248  0.99000000
0.17147293  64.00000000  0.00854545  80.00000000  3993.38651496  0.99000000
0.14871716  64.00000000  0.04740338  80.00000000  3993.70438089  0.99000000
0.14871723  64.00000000  0.04740338  80.00000000  3993.70440779  0.99000000
0.14871716  64.00000000  0.04740338  80.00000000  3993.70438089  0.99000000
0.14871716  64.00000000  0.04740338  80.00000000  3993.70438244  0.99000000
0.14871716  64.00000000  0.04740338  80.00000000  3993.70438089  0.99000000
0.22623773  65.00000000  0.02346369  80.00000000  3997.37449050  0.99000000
0.14872101  64.00000000  0.04740130  80.00000000  3993.70480067  0.99000000
0.14871716  64.00000000  0.04740338  80.00000000  3993.70438089  0.99000000
0.14871716  64.00000000  0.04740338  80.00000000  3993.70438089  0.99000000
0.23946169  63.00000000  0.05038504  80.00000000  3997.82521189  0.99000000
0.14871716  64.00000000  0.04740338  80.00000000  3993.70438089  0.99000000
0.14871716  64.00000000  0.04769576  80.00000000  3993.70380078  0.99000000
0.14871716  64.00000000  0.04740338  80.00000000  3993.70438089  0.99000000
0.01880281  65.00000000  0.00015309  80.00000000  3805.91381947  0.99000000
0.14871716  64.00000000  0.04740338  80.00000000  3993.70438089  0.99000000
0.14871716  64.00000000  0.04740338  80.00000000  3993.70438089  0.99000000
0.07008303  78.00000000  0.07008303  80.00000000  2367.23264983  0.99000000
0.14871716  64.00000000  0.04581104  80.00000000  3993.66502247  0.99000000
0.14871716  64.00000000  0.04740338  80.00000000  3993.70438089  0.99000000
0.14871716  64.00000000  0.04740338  80.00000000  3993.70440810  0.99000000
0.14871716  64.00000000  0.04740338  80.00000000  3993.70438089  0.99000000
0.14871716  64.00000000  0.04740338  80.00000000  3993.70438089  0.99000000
0.14871716  64.00000000  0.04740338  80.00000000  3993.70438089  0.99000000
0.41425441  66.00000000  0.00454157  80.00000000  4005.19527764  0.99000000
0.14871716  64.00000000  0.04740338  80.00000000  3993.70438089  0.99000000
0.14871716  64.00000000  0.04740338  80.00000000  3993.70438089  0.99000000
0.14871716  64.00000000  0.04740338  80.00000000  3993.70438089  0.99000000
0.14871716  64.00000000  0.04740338  80.00000000  3993.70438089  0.99000000
0.14871716  64.00000000  0.04740338  80.00000000  3993.70438089  0.99000000
0.02188277  77.00000000  0.02143137  80.00000000  3949.93565801  0.99000000
0.00003749  74.00000000  0.00002940  80.00000000  3936.97603870  0.99000000
0.00230488  69.00000000  0.00126799  80.00000000  4172.47392684  0.99000000
0.00106807  78.00000000  0.00106807  80.00000000  3988.64679158  0.99000000
0.20151038  70.00000000  0.02865011  80.00000000  3919.62341090  0.99000000
0.38383428  72.00000000  0.26637800  80.00000000  3955.98394297  0.99000000
0.08086933  75.00000000  0.06213348  80.00000000  3137.09844960  0.99000000
0.01643333  73.00000000  0.00667697  80.00000000  2762.42113897  0.99000000
0.25671002  67.00000000  0.08980493  80.00000000  4071.78539727  0.99000000
0.08967042  78.00000000  0.08967042  80.00000000  3926.75918654  0.99000000
0.00750265  78.00000000  0.00750265  80.00000000  3013.58092242  0.99000000
0.04204203  78.00000000  0.04204203  80.00000000  4171.43117000  0.99000000
0.08092882  65.00000000  0.01290604  80.00000000  3339.03058108  0.99000000
0.19025512  69.00000000  0.00123581  80.00000000  4169.75309555  0.99000000
0.00022579  60.00000000  0.00006839  80.00000000  2731.06645964  0.99000000
0.00024318  76.00000000  0.00024073  80.00000000  2734.15902353  0.99000000
0.15036069  56.00000000  0.07602647  80.00000000  3341.19736982  0.99000000
0.00793577  54.00000000  0.00302940  80.00000000  3004.30963409  0.99000000
0.72975258  62.00000000  0.64503627  80.00000000  4252.00790870  0.99000000
0.71178132  61.00000000  0.04182198  80.00000000  4248.55440304  0.99000000
0.01991954  78.00000000  0.01991954  80.00000000  2803.91245935  0.99000000
0.01015462  78.00000000  0.01015462  80.00000000  4173.13409499  0.99000000
0.39545996  60.00000000  0.11912548  80.00000000  4196.31680840  0.99000000
0.00355759  71.00000000  0.00328092  80.00000000  3455.74358458  0.99000000
0.10627646  58.00000000  0.09786161  80.00000000  4117.11151036  0.99000000
0.43224939  59.00000000  0.07081732  80.00000000  4208.73560934  0.99000000
0.00108420  71.00000000  0.00022939  80.00000000  4174.84788412  0.99000000
0.11656621  63.00000000  0.00257430  80.00000000  4176.28463260  0.99000000
0.03979019  67.00000000  0.03110115  80.00000000  2909.03944203  0.99000000
0.00272646  73.00000000  0.00163208  80.00000000  2733.73234263  0.99000000
0.00040119  61.00000000  0.00006474  80.00000000  2843.54869005  0.99000000
0.00033588  68.00000000  0.00016729  80.00000000  2271.04965551  0.99000000
0.05438718  74.00000000  0.04206464  80.00000000  2710.94214750  0.99000000
0.04534262  56.00000000  0.01199654  80.00000000  4157.80956581  0.99000000
0.01609753  70.00000000  0.00518265  80.00000000  2893.50428347  0.99000000
0.18542969  66.00000000  0.01971513  80.00000000  3596.31124140  0.99000000
0.04043939  63.00000000  0.00078078  80.00000000  3659.26862728  0.99000000
0.12676574  78.00000000  0.12676574  80.00000000  4179.54084097  0.99000000
0.18965261  57.00000000  0.05013089  80.00000000  4185.48137974  0.99000000
0.00037425  70.00000000  0.00003539  80.00000000  3546.48762948  0.99000000
0.43719031  67.00000000  0.00944374  80.00000000  4215.84425384  0.99000000
0.00020893  76.00000000  0.00020831  80.00000000  2914.51438305  0.99000000
0.13040495  62.00000000  0.07464766  80.00000000  4161.88182854  0.99000000
0.16502298  61.00000000  0.07251044  80.00000000  4171.32819972  0.99000000
0.16122642  75.00000000  0.13439837  80.00000000  3133.54827766  0.99000000
0.01596545  78.00000000  0.01596545  80.00000000  4174.92391222  0.99000000
0.64188857  59.00000000  0.00618735  80.00000000  4242.04848885  0.99000000
0.00657147  78.00000000  0.00657147  80.00000000  3812.53809687  0.99000000
0.08371965  52.00000000  0.03274310  80.00000000  4174.67494509  0.99000000
0.00880130  49.00000000  0.00040136  80.00000000  4076.99462082  0.99000000
0.03438766  57.00000000  0.00257975  80.00000000  4015.22603658  0.99000000
0.66821635  63.00000000  0.04701404  80.00000000  3976.70084544  0.99000000
0.13123291  71.00000000  0.09194766  80.00000000  3203.04751615  0.99000000
0.71726164  64.00000000  0.10887290  80.00000000  4238.71097603  0.99000000
0.11664252  66.00000000  0.05790982  80.00000000  4181.03624255  0.99000000
0.04780130  61.00000000  0.03520946  80.00000000  4147.61206502  0.99000000
0.10539188  78.00000000  0.10539188  80.00000000  4059.68145921  0.99000000
0.21026324  68.00000000  0.05266101  80.00000000  4195.34728476  0.99000000
0.18123670  68.00000000  0.07030421  80.00000000  4097.39992778  0.99000000
0.14122588  55.00000000  0.00603021  80.00000000  4188.32029240  0.99000000
0.46234482  71.00000000  0.11834255  80.00000000  4184.96911169  0.99000000
0.25392588  59.00000000  0.03207506  80.00000000  4116.53645199  0.99000000
0.02603162  58.00000000  0.02451614  80.00000000  4194.14684140  0.99000000
0.42807426  72.00000000  0.24781800  80.00000000  3360.06639327  0.99000000
0.65928031  63.00000000  0.01790936  80.00000000  4076.37385315  0.99000000
0.33273091  78.00000000  0.33273091  80.00000000  4027.82946532  0.99000000
0.50292796  66.00000000  0.03736467  80.00000000  4117.28771226  0.99000000
0.82096115  62.00000000  0.11628956  80.00000000  4247.94943371  0.99000000
0.75172170  62.00000000  0.02803260  80.00000000  4253.99898413  0.99000000
0.30314980  68.00000000  0.00147825  80.00000000  4161.22443871  0.99000000
0.73926097  61.00000000  0.12736233  80.00000000  4255.67224588  0.99000000
0.16236070  60.00000000  0.05425347  80.00000000  4117.90767630  0.99000000
0.13417296  62.00000000  0.02448772  80.00000000  4174.36321840  0.99000000
0.01094709  54.00000000  0.00332742  80.00000000  4163.89144898  0.99000000
0.26232430  56.00000000  0.01689996  80.00000000  4188.65423404  0.99000000
0.51329337  67.00000000  0.02187101  80.00000000  4176.89327778  0.99000000
0.31840538  66.00000000  0.09488079  80.00000000  4184.80225049  0.99000000
0.77597868  62.00000000  0.02745280  80.00000000  4233.93456966  0.99000000
0.64916449  61.00000000  0.01015644  80.00000000  4002.83264154  0.99000000
0.18554440  71.00000000  0.07786194  80.00000000  3383.11050885  0.99000000
0.70634766  61.00000000  0.06560522  80.00000000  4229.19216874  0.99000000
0.72785295  65.00000000  0.01589940  80.00000000  4210.24156225  0.99000000
0.43370665  58.00000000  0.03330375  80.00000000  4223.45300699  0.99000000
0.03188436  57.00000000  0.00857956  80.00000000  4089.50684069  0.99000000
0.14167769  56.00000000  0.02722995  80.00000000  4143.65076912  0.99000000
0.58353756  70.00000000  0.14794104  80.00000000  4190.47807636  0.99000000
0.00024374  61.00000000  0.00001576  80.00000000  4162.11438416  0.99000000
0.73794857  62.00000000  0.61113069  80.00000000  4254.21929066  0.99000000
0.27490753  60.00000000  0.13182052  80.00000000  4062.25048714  0.99000000
0.14769813  69.00000000  0.02936384  80.00000000  3811.61250666  0.99000000
0.61514188  64.00000000  0.00351602  80.00000000  4031.47913569  0.99000000
0.26492326  73.00000000  0.10175045  80.00000000  3887.84812194  0.99000000
0.01579388  72.00000000  0.00672735  80.00000000  3161.79390530  0.99000000
0.47386880  78.00000000  0.47386880  80.00000000  3895.44481979  0.99000000
0.26993438  70.00000000  0.20489678  80.00000000  4184.52276412  0.99000000
0.56354848  65.00000000  0.00094706  80.00000000  3753.65905663  0.99000000
0.30772685  58.00000000  0.01963925  80.00000000  4157.19890708  0.99000000
0.03302059  70.00000000  0.03131253  80.00000000  4175.62707418  0.99000000
0.34207668  78.00000000  0.34207668  80.00000000  4179.57360186  0.99000000
0.00896868  69.00000000  0.00265125  80.00000000  4155.52609189  0.99000000
0.16666756  59.00000000  0.01834584  80.00000000  4174.13135582  0.99000000
0.08101981  60.00000000  0.00235057  80.00000000  3727.01048571  0.99000000
0.10196429  75.00000000  0.08702663  80.00000000  4173.73145104  0.99000000
0.17309408  55.00000000  0.00541542  80.00000000  4191.55939073  0.99000000
0.00337505  78.00000000  0.00337505  80.00000000  2593.61965716  0.99000000
0.03886540  69.00000000  0.00767437  80.00000000  3442.63806309  0.99000000
0.10725346  64.00000000  0.00401639  80.00000000  3628.07769620  0.99000000
0.57859208  70.00000000  0.03764695  80.00000000  4192.63858630  0.99000000
0.08449763  68.00000000  0.03849125  80.00000000  3671.08157703  0.99000000
0.00557052  64.00000000  0.00456919  80.00000000  3658.61912420  0.99000000
0.11813401  78.00000000  0.11813401  80.00000000  3625.26460666  0.99000000
0.37544583  59.00000000  0.33110018  80.00000000  3658.05968868  0.99000000
0.63443210  67.00000000  0.01868125  80.00000000  3836.75425222  0.99000000
0.48979356  65.00000000  0.09793692  80.00000000  3916.66518831  0.99000000
0.46891404  65.00000000  0.10449368  80.00000000  4017.33938956  0.99000000
0.74903615  61.00000000  0.06997084  80.00000000  4268.16333040  0.99000000
0.63405117  64.00000000  0.40604789  80.00000000  4213.07378170  0.99000000
0.30599527  68.00000000  0.02204179  80.00000000  4033.72019354  0.99000000
0.34260440  65.00000000  0.02354559  80.00000000  4144.93929438  0.99000000
0.12901930  55.00000000  0.03932773  80.00000000  4089.58724347  0.99000000
0.84534545  62.00000000  0.03863208  80.00000000  4248.17010262  0.99000000
0.14255707  70.00000000  0.06271704  80.00000000  4184.78149575  0.99000000
0.73154344  63.00000000  0.21759591  80.00000000  4292.03906261  0.99000000
0.46041188  69.00000000  0.24270249  80.00000000  4205.79528641  0.99000000
0.32103744  56.00000000  0.03578688  80.00000000  3845.37264614  0.99000000
0.66873100  61.00000000  0.00614497  80.00000000  4099.05336736  0.99000000
0.02110491  59.00000000  0.00125177  80.00000000  3997.33231197  0.99000000
0.18494782  59.00000000  0.00666769  80.00000000  3595.65026251  0.99000000
0.52944256  63.00000000  0.05069197  80.00000000  4095.71727862  0.99000000
0.06561239  57.00000000  0.00444828  80.00000000  3841.36322692  0.99000000
0.57145459  61.00000000  0.16560185  80.00000000  4110.97407777  0.99000000
0.00843915  74.00000000  0.00736435  80.00000000  3861.21814104  0.99000000
0.71529097  61.00000000  0.06800842  80.00000000  4245.16516438  0.99000000
0.18612129  52.00000000  0.12819563  80.00000000  4231.72327458  0.99000000
0.09423637  59.00000000  0.00455798  80.00000000  4124.45064307  0.99000000
0.00037922  71.00000000  0.00019832  80.00000000  3799.22264995  0.99000000
0.07499862  57.00000000  0.05532297  80.00000000  3791.14426123  0.99000000
0.05822742  77.00000000  0.05767514  80.00000000  4082.97143090  0.99000000
0.21249588  78.00000000  0.21249588  80.00000000  4113.98182102  0.99000000
0.00402526  54.00000000  0.00068791  80.00000000  3999.80475145  0.99000000
0.01254557  49.00000000  0.00146920  80.00000000  3768.57611767  0.99000000
0.04560554  74.00000000  0.03718919  80.00000000  3805.65770816  0.99000000
0.00936428  50.00000000  0.00291911  80.00000000  3870.25154939  0.99000000
0.05003400  52.00000000  0.00623010  80.00000000  4158.55918638  0.99000000
0.02560346  52.00000000  0.01450591  80.00000000  3866.10826534  0.99000000
0.09775793  60.00000000  0.03094041  80.00000000  3868.03946243  0.99000000
0.02219180  52.00000000  0.00858893  80.00000000  3781.44066219  0.99000000
0.03405790  67.00000000  0.00553514  80.00000000  3772.31403297  0.99000000
0.10926612  78.00000000  0.10926612  80.00000000  4095.76787644  0.99000000
0.18708861  78.00000000  0.18708861  80.00000000  3779.17250512  0.99000000
0.14248600  78.00000000  0.14248600  80.00000000  3946.31040002  0.99000000
0.00730143  78.00000000  0.00730143  80.00000000  4171.19931347  0.99000000
0.02076303  61.00000000  0.00829269  80.00000000  4133.61651856  0.99000000
0.00157064  51.00000000  0.00148855  80.00000000  4047.30485020  0.99000000
0.27234526  77.00000000  0.26807034  80.00000000  4173.23112541  0.99000000
0.04980111  78.00000000  0.04980111  80.00000000  3554.30232613  0.99000000
0.04909233  78.00000000  0.04909233  80.00000000  4150.24509279  0.99000000
0.05116314  73.00000000  0.04003596  80.00000000  4166.01242652  0.99000000
0.13853759  72.00000000  0.03437387  80.00000000  4097.05411841  0.99000000
0.02270432  67.00000000  0.00148229  80.00000000  3350.42251847  0.99000000
0.01229541  78.00000000  0.01229541  80.00000000  4144.77770373  0.99000000
0.24651368  63.00000000  0.03761567  80.00000000  4089.07410574  0.99000000
0.10028746  66.00000000  0.09338604  80.00000000  3722.78020651  0.99000000
0.00633649  58.00000000  0.00330981  80.00000000  3018.87110861  0.99000000
0.21246499  78.00000000  0.21246499  80.00000000  4166.68418906  0.99000000
0.10504072  78.00000000  0.10504072  80.00000000  3997.21262466  0.99000000
0.06790577  78.00000000  0.06790577  80.00000000  4043.00068082  0.99000000
0.04562905  78.00000000  0.04562905  80.00000000  3675.96237853  0.99000000
0.19214933  78.00000000  0.19214933  80.00000000  4086.55511795  0.99000000
0.00612907  78.00000000  0.00612907  80.00000000  3371.46989060  0.99000000
0.09262767  74.00000000  0.07428196  80.00000000  3965.55442105  0.99000000
0.03752248  78.00000000  0.03752248  80.00000000  4043.90363669  0.99000000
0.45777001  76.00000000  0.41937422  80.00000000  3366.59122738  0.99000000
0.02193156  49.00000000  0.00197982  80.00000000  4083.32899323  0.99000000
0.02168566  50.00000000  0.01267820  80.00000000  4094.47670523  0.99000000
0.02153304  75.00000000  0.01754420  80.00000000  4060.78668202  0.99000000
0.08973982  78.00000000  0.08973982  80.00000000  4073.50873676  0.99000000
0.04227171  76.00000000  0.03771089  80.00000000  4049.08231093  0.99000000
0.03207737  76.00000000  0.03030959  80.00000000  4001.76264321  0.99000000
0.04845791  78.00000000  0.04845791  80.00000000  4035.31398471  0.99000000
0.02612041  68.00000000  0.01183102  80.00000000  4047.33990568  0.99000000
0.00632170  78.00000000  0.00632170  80.00000000  2732.37181858  0.99000000
0.02175130  75.00000000  0.01168747  80.00000000  3793.30088082  0.99000000
0.28158633  78.00000000  0.28158633  80.00000000  3968.11114987  0.99000000
0.03803134  65.00000000  0.03619836  80.00000000  4072.78866901  0.99000000
0.03933628  78.00000000  0.03933628  80.00000000  4096.91664006  0.99000000
0.06006657  78.00000000  0.06006657  80.00000000  4132.13097559  0.99000000
0.10032185  78.00000000  0.10032185  80.00000000  3193.85126255  0.99000000
0.00973843  56.00000000  0.00542064  80.00000000  3638.35413715  0.99000000
0.03951509  51.00000000  0.01431491  80.00000000  3147.05739590  0.99000000
0.00707418  61.00000000  0.00243723  80.00000000  4178.26737225  0.99000000
0.11730837  70.00000000  0.00055375  80.00000000  2828.04826570  0.99000000
0.10980285  78.00000000  0.10980285  80.00000000  3815.42713238  0.99000000
0.03586311  77.00000000  0.03545213  80.00000000  3274.65486841  0.99000000
0.05357872  65.00000000  0.02399879  80.00000000  4175.54697859  0.99000000
0.00881775  66.00000000  0.00576893  80.00000000  4039.68273195  0.99000000
0.19400719  78.00000000  0.19400719  80.00000000  4151.90235724  0.99000000
0.06443905  70.00000000  0.01782082  80.00000000  4159.48702009  0.99000000
0.02485102  73.00000000  0.00430602  80.00000000  4153.45323050  0.99000000
0.06111182  78.00000000  0.06111182  80.00000000  4143.25009723  0.99000000
0.02197658  51.00000000  0.01196790  80.00000000  4140.93434437  0.99000000
0.04988772  57.00000000  0.04126414  80.00000000  4130.24927117  0.99000000
0.14619918  75.00000000  0.12370198  80.00000000  3992.28293995  0.99000000
0.07385139  61.00000000  0.04520227  80.00000000  2281.20363201  0.99000000
0.34076447  68.00000000  0.04184687  80.00000000  4201.73277423  0.99000000
0.16679142  78.00000000  0.16679142  80.00000000  4073.82872370  0.99000000
0.01654669  65.00000000  0.00473818  80.00000000  3781.72439174  0.99000000
0.00219214  77.00000000  0.00219176  80.00000000  4109.98529163  0.99000000
0.05345752  69.00000000  0.00913937  80.00000000  4139.66464687  0.99000000
0.07559852  62.00000000  0.04103404  80.00000000  4034.88981629  0.99000000
0.53259393  78.00000000  0.53259393  80.00000000  4098.40953477  0.99000000
0.00892107  56.00000000  0.00186373  80.00000000  4138.93413021  0.99000000
0.09539820  78.00000000  0.09539820  80.00000000  4024.89155111  0.99000000
0.14312835  57.00000000  0.01831924  80.00000000  4127.53219737  0.99000000
0.03296714  67.00000000  0.01228930  80.00000000  2261.58181061  0.99000000
0.01990596  78.00000000  0.01990596  80.00000000  4162.99328307  0.99000000
0.04181261  78.00000000  0.04181261  80.00000000  4175.89772049  0.99000000
0.01225482  78.00000000  0.01225482  80.00000000  4159.58661538  0.99000000
0.01028441  67.00000000  0.00576198  80.00000000  4145.23709767  0.99000000
0.09595085  72.00000000  0.00865274  80.00000000  4172.31344351  0.99000000
0.12216193  52.00000000  0.00961262  80.00000000  4198.16768183  0.99000000
0.06682645  62.00000000  0.03318535  80.00000000  4137.52451329  0.99000000
0.50236283  78.00000000  0.50236283  80.00000000  4014.81041796  0.99000000
0.08450626  72.00000000  0.04713296  80.00000000  3984.49449086  0.99000000
0.01874753  74.00000000  0.00968313  80.00000000  4124.19482670  0.99000000
0.18770485  76.00000000  0.18759651  80.00000000  4124.55244883  0.99000000
0.02901730  52.00000000  0.00751932  80.00000000  4148.19071999  0.99000000
0.04911237  73.00000000  0.03272775  80.00000000  4163.05878239  0.99000000
0.00204272  78.00000000  0.00204272  80.00000000  3930.20571301  0.99000000
0.36719388  78.00000000  0.36719388  80.00000000  4197.72894337  0.99000000
0.01857926  68.00000000  0.01400486  80.00000000  4173.38254833  0.99000000
0.03275917  72.00000000  0.01729365  80.00000000  4155.79820866  0.99000000
0.13149178  77.00000000  0.12673840  80.00000000  4141.46891481  0.99000000
0.12099273  62.00000000  0.00929181  80.00000000  4128.90618206  0.99000000
0.02630143  56.00000000  0.00393552  80.00000000  4049.77661038  0.99000000
0.02951645  51.00000000  0.00155617  80.00000000  4140.70976304  0.99000000
0.28908596  78.00000000  0.28908596  80.00000000  4080.26462241  0.99000000
0.00034512  64.00000000  0.00006045  80.00000000  4130.73301702  0.99000000
0.00637661  78.00000000  0.00637661  80.00000000  3931.44644708  0.99000000
0.00580205  62.00000000  0.00486499  80.00000000  4145.00375012  0.99000000
0.08427957  78.00000000  0.08427957  80.00000000  4132.73162874  0.99000000
0.05027019  78.00000000  0.05027019  80.00000000  4122.28867275  0.99000000
0.04233015  56.00000000  0.00254766  80.00000000  4136.41244073  0.99000000
0.02366653  78.00000000  0.02366653  80.00000000  4042.40910905  0.99000000
0.16879245  54.00000000  0.03307400  80.00000000  4150.59014161  0.99000000
0.02731830  71.00000000  0.02193760  80.00000000  4138.52795477  0.99000000
0.10781631  75.00000000  0.10181346  80.00000000  4150.34559792  0.99000000
0.13129552  59.00000000  0.04700639  80.00000000  4043.90777823  0.99000000
0.05472825  78.00000000  0.05472825  80.00000000  4029.32937670  0.99000000
0.02836515  75.00000000  0.02814043  80.00000000  4119.95744123  0.99000000
0.05086529  66.00000000  0.02387666  80.00000000  4032.45695600  0.99000000
0.03456543  61.00000000  0.00783972  80.00000000  3914.86550129  0.99000000
0.05892242  71.00000000  0.01899364  80.00000000  3775.01852423  0.99000000
0.17450136  56.00000000  0.11750504  80.00000000  4105.50751598  0.99000000
0.23349813  56.00000000  0.02479904  80.00000000  4107.33783622  0.99000000
0.05594943  78.00000000  0.05594943  80.00000000  4143.63752743  0.99000000
0.11695893  70.00000000  0.02591643  80.00000000  4112.14304701  0.99000000
0.04313317  57.00000000  0.01848808  80.00000000  4119.56745082  0.99000000
0.11053696  77.00000000  0.11015259  80.00000000  4049.15558705  0.99000000
0.01626750  71.00000000  0.00416924  80.00000000  2674.67171031  0.99000000
0.01165626  78.00000000  0.01165626  80.00000000  4047.08347335  0.99000000
0.00653045  78.00000000  0.00653045  80.00000000  4100.19353714  0.99000000
0.27349946  65.00000000  0.06597695  80.00000000  3964.12387955  0.99000000
0.17734148  78.00000000  0.17734148  80.00000000  4093.25686190  0.99000000
0.02149300  51.00000000  0.01341097  80.00000000  4164.79812294  0.99000000
0.13066087  74.00000000  0.08416613  80.00000000  4122.57558278  0.99000000
0.02853538  77.00000000  0.02677666  80.00000000  3597.54884797  0.99000000
0.02588638  70.00000000  0.00759501  80.00000000  3841.07644759  0.99000000
0.00430786  78.00000000  0.00430786  80.00000000  4148.49190778  0.99000000
0.02843496  51.00000000  0.00275870  80.00000000  4128.21968948  0.99000000
0.04556170  76.00000000  0.03813388  80.00000000  4127.27882139  0.99000000
0.00342371  52.00000000  0.00074210  80.00000000  4126.02634033  0.99000000
0.02405671  77.00000000  0.02397964  80.00000000  4146.41447884  0.99000000
0.05697933  68.00000000  0.03101919  80.00000000  4155.52468060  0.99000000
0.08961920  52.00000000  0.00093738  80.00000000  4040.60113506  0.99000000
0.06194385  61.00000000  0.01302868  80.00000000  4243.33890272  0.99000000
0.09758660  55.00000000  0.03983436  80.00000000  3991.06448406  0.99000000
0.19899382  53.00000000  0.00890707  80.00000000  4217.35348747  0.99000000
0.22491601  73.00000000  0.10968657  80.00000000  3693.61944995  0.99000000
0.00183492  46.00000000  0.00067974  80.00000000  4136.50015680  0.99000000
0.16000367  67.00000000  0.01442601  80.00000000  4163.94478098  0.99000000
0.09564763  73.00000000  0.04382176  80.00000000  4062.85936442  0.99000000
0.23102106  75.00000000  0.11162957  80.00000000  4135.65097017  0.99000000
0.55937111  59.00000000  0.16128837  80.00000000  4211.48699967  0.99000000
0.17180900  67.00000000  0.00588976  80.00000000  3984.32128125  0.99000000
0.26548138  61.00000000  0.12236007  80.00000000  4011.29898757  0.99000000
0.25322814  58.00000000  0.00019519  80.00000000  4185.96410519  0.99000000
0.24275774  59.00000000  0.02470221  80.00000000  4101.82316178  0.99000000
0.10753184  54.00000000  0.10365732  80.00000000  4197.63086137  0.99000000
0.06523877  60.00000000  0.05588121  80.00000000  3423.32068096  0.99000000
0.13867842  51.00000000  0.05729225  80.00000000  3976.91706490  0.99000000
0.10719326  78.00000000  0.10719326  80.00000000  4172.26895679  0.99000000
0.02344321  57.00000000  0.00781376  80.00000000  4185.86519956  0.99000000
0.14834647  78.00000000  0.14834647  80.00000000  4153.03800713  0.99000000
0.37263227  67.00000000  0.02767224  80.00000000  4184.17985168  0.99000000
0.06281411  78.00000000  0.06281411  80.00000000  4119.46076342  0.99000000
0.15519203  69.00000000  0.03039009  80.00000000  4078.54725566  0.99000000
0.17851200  66.00000000  0.13757023  80.00000000  4071.93315451  0.99000000
0.21079065  64.00000000  0.10138627  80.00000000  3874.71507919  0.99000000
0.04032548  78.00000000  0.04032548  80.00000000  3580.50840604  0.99000000
0.20467229  78.00000000  0.20467229  80.00000000  4140.84677958  0.99000000
