1 1 1 3 3 3 3 3 11 11 11 11 11 11 11 11 1 0 0 0 0 0 0 0 2 12 10 10 10 10 10 10 1 10 10 5 5 5 2 2 2 2 2 2 2 2 2 2 2 2 2 4 4 4 4 2 2 2 2 2
3 3 3 3 11 11 11 11 11 11 11 11 11 11 1 0 0 0 0 0 0 0 0 10 10 10 10 10 10 10 10 1 1 5 1 2 2 2 2 2 2 2 2 2 2 2 2 2 2 2 2 2 2 2 2 2 4 4 4 2
3 3 1 1 1 3 3 3 11 11 11 11 11 11 11 1 1 0 0 0 0 0 12 12 12 10 10 10 10 10 10 4 4 4 1 1 4 1 1 2 2 2 2 2 2 2 2 2 2 2 2 2 2 2 2 2 2 12 4 4
3 1 1 1 3 3 3 3 3 11 11 11 11 11 11 1 1 1 1 0 0 0 0 0 0 0 10 10 10 10 10 10 10 10 10 5 1 1 5 4 1 1 2 2 2 2 2 2 2 2 2 2 4 2 2 2 2 2 2 2
3 3 3 1 1 1 3 3 3 11 11 11 11 11 11 1 1 0 0 0 0 0 0 0 12 12 10 10 10 10 10 10 10 1 1 5 5 5 1 2 2 2 2 2 2 2 2 2 2 2 2 2 2 2 2 2 2 2 2 2
3 3 1 1 1 3 3 3 3 11 11 11 11 11 11 1 1 11 0 0 0 0 0 0 0 0 0 0 0 0 10 10 10 10 10 10 10 5 4 5 1 1 1 1 1 1 4 4 4 1 2 2 2 4 4 4 4 2 2 2
3 3 3 3 11 11 11 11 11 11 11 11 11 11 1 11 11 0 0 0 0 0 0 0 0 0 10 10 10 10 10 4 1 1 1 1 1 1 1 1 1 1 4 4 4 4 4 4 4 4 4 4 2 1 4 4 4 2 12 2
3 1 1 1 3 3 3 3 11 11 11 11 11 11 11 1 1 11 1 1 0 0 0 0 0 0 0 10 10 10 10 10 10 10 10 1 1 5 1 1 1 2 2 2 2 2 2 2 2 2 2 2 2 2 2 2 2 2 2 2
3 3 3 3 11 11 11 11 11 11 11 11 11 11 1 11 0 0 0 0 0 0 0 0 10 10 10 10 10 10 10 5 5 5 5 2 2 2 2 2 2 2 2 2 2 2 2 2 4 4 2 2 2 4 4 2 2 4 4 2
3 5 1 1 1 3 3 3 11 11 11 11 11 11 11 1 1 0 0 0 0 12 12 12 12 12 10 10 10 10 10 4 4 1 1 5 5 2 2 2 2 2 2 2 2 2 2 2 2 2 2 2 2 2 2 12 4 4 4 4
