6 7 7 7 7 7 5 5 5 5 6 7 7 1 1 1 7 7 8 2 2 3 3 3 2 3 4 4 3 3 3 3 3 3 3 0 0 0 0 0
0 0 0 0 5 7 7 6 7 7 7 7 7 1 1 1 0 0 8 2 8 2 3 3 3 3 3 3 3 3 3 3 3 3 0 0 0 0 0 0
5 4 4 6 6 6 6 6 6 6 6 7 7 1 1 1 8 8 2 8 8 1 3 3 3 3 3 3 3 3 3 3 3 3 0 0 0 0 0 0
4 7 7 6 6 6 6 6 6 6 6 0 0 1 1 1 0 8 2 2 8 1 1 3 3 3 3 3 3 3 3 3 3 3 0 0 0 0 0 0
5 5 5 5 5 5 5 5 7 8 7 7 7 7 1 8 8 8 8 8 8 2 3 3 3 3 3 3 3 3 3 3 3 3 0 0 0 0 0 0
4 4 4 4 7 7 7 6 7 7 7 7 7 1 1 1 1 8 2 8 8 2 3 3 3 3 3 3 3 3 3 3 3 3 0 0 0 0 0 0
4 4 4 4 7 7 7 6 7 6 7 7 7 1 1 1 8 8 2 8 8 2 1 1 3 3 3 3 3 3 3 3 3 3 0 0 0 0 0 0
3 3 6 5 5 5 6 6 7 7 7 7 7 1 7 7 0 8 2 8 8 0 3 3 3 3 3 3 3 3 3 3 3 3 0 0 0 0 0 0
5 5 5 5 8 8 7 7 7 7 7 7 7 7 1 8 0 8 8 8 8 0 3 3 3 3 3 3 3 3 3 3 3 3 0 0 0 0 0 0
4 4 4 4 6 6 6 6 6 6 6 7 7 1 1 1 8 8 2 8 8 2 3 3 3 3 3 3 3 3 3 3 3 3 0 0 0 0 0 0
