17
19
7
7
27
8
30
8
16
1
13
1
1
10
11
10
2
11
2
3
3
3
32
4
4
5
14
4
15
14
6
16
17
16
7
7
16
8
17
8
18
9
9
10
20
19
10
11
11
12
20
8
13
23
22
22
23
14
23
23
25
24
25
16
25
25
26
26
17
26
8
19
27
28
28
28
29
29
16
29
30
16
17
30
31
22
2
19
23
20
4
23
21
13
32
32
15
14
31
21
14
23
23
28
27
32
32
32
32
32
32
32
32
32
32
32
32
32
31
32
31
32
31
31
32
15
32
32
32
32
31
16
25
25
31
31
31
