9 12 12 12 12 12 15 15 15 15 15 1 1 1 1 1 10 10 10 10 10 15 15 15 15 15 13 13 13 13 13 12 12 12 12 12 0 0 0 0 0 4 4 4 4 4 16 16 16 16 16 6 6 6 6 6 1 1 1 1 1 10 10 10 10 10 2 2 2 2 2 10 10 10 10 10 9 9 9 9
9 12 12 12 12 12 7 7 7 7 7 13 13 13 13 13 2 2 2 2 2 16 16 16 16 16 4 15 4 4 4 4 4 4 4 4 3 3 3 3 3 3 3 3 3 3 6 6 6 6 6 16 16 16 16 16 6 6 6 6 6 1 1 1 1 1 3 3 3 3 3 11 11 11 11 11 10 10 10 10
14 14 14 14 14 14 14 14 14 14 14 1 1 1 1 1 9 9 9 9 9 3 3 3 3 3 15 15 15 15 15 6 6 6 6 6 4 4 4 4 4 15 15 15 15 15 16 16 16 16 16 7 7 7 7 7 11 11 11 11 11 0 0 0 0 0 13 13 13 13 13 4 4 4 4 4 6 6 6 6
8 7 7 7 7 7 16 16 16 16 16 11 11 11 11 11 2 2 2 2 2 14 14 14 14 14 4 4 4 4 4 13 13 13 13 13 6 6 6 6 6 0 0 0 0 0 16 16 16 16 16 7 7 7 7 7 8 8 8 8 8 2 2 2 2 2 5 5 5 5 5 7 7 7 7 7 1 1 1 1
14 11 11 11 11 11 8 8 8 8 8 1 1 1 1 1 12 12 12 12 12 12 12 12 12 12 13 13 13 13 13 0 0 0 0 0 5 5 5 5 5 8 8 8 8 8 9 9 9 9 9 7 7 7 7 7 16 16 16 16 16 9 9 9 9 9 9 9 9 9 9 8 8 8 8 8 9 9 9 9
13 1 1 1 1 1 11 11 11 11 11 11 11 11 11 11 1 1 1 1 1 11 11 11 11 11 0 0 0 0 0 16 16 16 16 16 15 15 15 15 15 6 6 6 6 6 5 5 5 5 5 6 6 6 6 6 16 16 16 16 16 9 9 9 9 9 12 12 12 12 12 9 9 9 9 9 8 8 8 8
11 11 11 11 11 11 12 12 12 12 12 13 13 13 13 13 2 2 2 2 2 1 1 1 1 1 15 15 15 15 15 5 5 5 5 5 0 0 0 0 0 1 1 1 1 1 8 8 8 8 8 16 16 16 16 16 1 1 1 1 1 7 7 7 7 7 5 5 5 5 5 5 5 5 5 5 5 5 5 5
5 15 15 15 15 15 13 13 13 13 13 1 1 1 1 1 14 14 14 14 14 3 3 3 3 3 0 0 0 0 0 2 2 2 2 2 4 4 4 7 4 0 0 0 0 0 4 4 4 4 4 8 8 8 8 8 16 16 16 16 16 4 4 4 4 4 16 16 16 16 16 12 12 12 12 12 8 8 8 8
8 0 0 0 0 0 10 10 10 10 10 15 15 15 15 15 10 10 10 10 10 2 2 2 2 2 4 4 4 4 4 4 4 4 1 4 7 7 7 7 7 6 6 6 6 6 7 7 7 7 7 16 16 16 16 16 5 5 5 5 5 13 13 13 13 13 11 12 11 11 11 8 8 8 8 8 14 14 14 14
4 10 10 10 10 10 1 1 1 1 1 10 10 10 10 10 9 9 9 9 9 0 0 0 0 0 12 12 12 12 12 12 12 12 12 12 0 0 0 0 0 5 5 5 5 5 6 6 6 6 6 0 0 0 0 0 1 1 1 1 1 16 16 16 16 16 5 5 5 5 5 15 15 15 15 15 7 7 7 7
