11 11 11 11 11 16 16 16 16 16 16 16 16 16 9 9 16 16 16 16 16 16 16 16 16 16 6 6 6 6 6 6 6 9 9 9 6 6 6 6 6 6 6 6 6 6 6 6 6 6 6 6 6 6 6 6 6 6 6 6 6 6 6 6 6 6 6 6 6 6 6 6 6 6 6 6 6 6 6 6
11 11 11 11 11 11 11 11 11 11 11 11 11 9 9 9 9 9 9 9 9 9 9 9 9 4 11 2 2 2 2 9 9 9 9 9 9 9 9 9 8 14 14 14 14 14 14 14 14 14 14 14 14 14 2 11 11 11 2 14 2 11 11 2 6 2 11 11 9 9 9 9 9 1 9 9 9 9 11 11
14 14 14 14 14 14 14 14 14 14 14 14 14 14 14 14 14 14 14 14 14 14 14 14 14 14 14 14 14 14 14 14 14 14 14 14 14 14 16 16 16 16 16 16 16 16 16 16 16 16 16 6 16 16 16 6 6 6 6 6 6 6 6 6 6 6 6 6 6 6 14 14 14 14 14 14 14 14 14 14
11 11 11 11 11 11 11 11 11 11 11 14 14 14 14 14 14 14 14 14 14 14 14 14 14 14 14 14 14 14 14 14 14 14 14 14 14 14 14 14 14 9 9 14 9 9 16 16 16 16 16 2 2 2 2 2 2 2 14 14 14 2 14 2 2 2 2 16 16 16 16 11 11 11 11 11 16 12 12 12
1 9 9 9 9 1 16 16 16 14 14 14 14 14 14 14 14 10 14 14 14 14 14 14 14 9 9 9 9 9 9 9 9 9 15 15 15 15 6 14 6 1 1 1 1 9 9 9 9 9 9 9 9 1 1 6 6 2 1 1 1 1 9 1 9 9 9 6 1 6 6 6 6 6 1 6 1 1 1 2
1 9 9 9 11 16 11 11 13 13 13 13 13 13 13 13 11 11 11 1 8 8 1 1 1 1 1 1 1 1 1 1 1 15 15 1 1 1 1 1 1 1 1 14 14 14 14 14 14 14 14 12 1 1 1 1 1 1 1 1 1 1 1 1 11 11 8 8 8 8 8 8 8 8 2 2 2 2 2 2
12 16 16 16 16 16 16 16 16 16 16 16 16 16 16 16 16 8 16 16 16 16 16 16 16 16 6 6 6 6 6 6 6 6 6 6 6 6 6 6 6 6 6 6 6 6 6 6 6 6 6 6 6 6 6 6 6 6 6 6 6 6 6 6 6 6 12 2 2 2 2 6 6 14 6 6 6 6 6 9
14 14 14 14 14 14 14 14 14 14 14 14 14 14 14 14 14 14 14 14 14 14 14 14 14 14 14 14 14 14 14 14 14 14 14 9 9 9 9 9 9 16 14 16 16 16 16 16 12 12 12 12 12 12 12 12 12 12 12 12 12 12 12 12 12 12 12 12 12 12 12 12 12 12 12 12 12 12 12 12
8 8 8 8 8 8 8 8 8 8 8 8 8 8 8 8 9 9 9 9 9 14 14 14 14 14 14 14 14 14 4 2 4 4 4 4 4 14 14 14 14 14 14 14 14 14 14 14 14 14 2 2 14 14 2 2 2 2 2 2 2 14 2 11 2 2 2 2 2 2 2 2 2 11 9 9 11 9 9 9
1 9 9 9 16 16 11 11 11 11 16 11 11 11 11 11 11 11 16 1 16 1 1 1 1 1 1 1 1 1 1 1 1 1 1 1 1 1 1 1 1 1 1 1 1 16 16 16 16 12 1 1 1 1 1 1 1 1 1 11 11 9 9 9 9 9 11 9 9 9 1 1 1 1 1 1 1 1 1 1
