# Results obtained using DQN. CPU time: 123.91668224334717
0.00388801  77.00000000  0.00375319  80.00000000  3049.45972541  0.00000000
0.00024705  78.00000000  0.00024705  80.00000000  1503.60785304  0.00000000
0.00065788  61.00000000  0.00024675  80.00000000  1533.18904121  0.00000000
0.00010538  60.00000000  0.00002940  80.00000000  1336.74938761  0.00000000
0.00072812  70.00000000  0.00025712  80.00000000  1353.04091583  0.00000000
0.00021599  78.00000000  0.00021599  80.00000000  2486.32346095  0.00000000
0.00038229  78.00000000  0.00038229  80.00000000  2497.67617118  0.35261665
0.00047479  74.00000000  0.00032590  80.00000000  2408.96904507  0.86551359
0.16555580  78.00000000  0.16555580  80.00000000  3891.39701683  0.99000000
0.13585268  77.00000000  0.13403318  80.00000000  3941.71062386  0.99000000
0.08888244  76.00000000  0.08494565  80.00000000  3924.58990822  0.99000000
0.12899278  77.00000000  0.12428087  80.00000000  3941.86844379  0.99000000
0.14002941  77.00000000  0.13904735  80.00000000  3941.91502122  0.99000000
0.12899278  77.00000000  0.12428087  80.00000000  3941.86844379  0.99000000
0.14532392  78.00000000  0.14532392  80.00000000  3958.03182967  0.99000000
0.12899278  77.00000000  0.12428087  80.00000000  3941.86844379  0.99000000
0.12899278  77.00000000  0.12428087  80.00000000  3941.86844379  0.99000000
0.12899278  77.00000000  0.12428087  80.00000000  3941.86844379  0.99000000
0.12899278  77.00000000  0.12428087  80.00000000  3941.86844379  0.99000000
0.12899278  77.00000000  0.12428087  80.00000000  3941.86844379  0.99000000
0.12899278  77.00000000  0.12428087  80.00000000  3941.86844379  0.99000000
0.12899278  77.00000000  0.12428087  80.00000000  3941.86844379  0.99000000
0.12899278  77.00000000  0.12428087  80.00000000  3941.86844379  0.99000000
0.12899278  77.00000000  0.12428087  80.00000000  3941.86844379  0.99000000
0.11651447  77.00000000  0.11260588  80.00000000  3941.76876855  0.99000000
0.12899278  77.00000000  0.12428087  80.00000000  3941.86844361  0.99000000
0.12899278  77.00000000  0.12428087  80.00000000  3941.86844379  0.99000000
0.12899278  77.00000000  0.12428087  80.00000000  3941.86844379  0.99000000
0.12899278  77.00000000  0.12428087  80.00000000  3941.86844379  0.99000000
0.12899278  77.00000000  0.12428087  80.00000000  3941.86844379  0.99000000
0.12899278  77.00000000  0.12428087  80.00000000  3941.86844379  0.99000000
0.12899278  77.00000000  0.12428087  80.00000000  3941.86844379  0.99000000
0.12899278  77.00000000  0.12428087  80.00000000  3941.86844379  0.99000000
0.12899278  77.00000000  0.12428087  80.00000000  3941.86844379  0.99000000
0.11036072  75.00000000  0.07566592  80.00000000  3941.75771645  0.99000000
0.14660775  78.00000000  0.14660775  80.00000000  3919.31194873  0.99000000
0.01462358  62.00000000  0.01241311  80.00000000  3254.75247409  0.99000000
0.02312980  78.00000000  0.02312980  80.00000000  3941.33341778  0.99000000
0.06457269  72.00000000  0.02815002  80.00000000  3929.85412071  0.99000000
0.12899278  77.00000000  0.12428087  80.00000000  3941.86844379  0.99000000
0.02771401  64.00000000  0.01646449  80.00000000  3236.34289673  0.99000000
0.00312260  60.00000000  0.00307529  80.00000000  3085.10140081  0.99000000
0.12899278  77.00000000  0.12428087  80.00000000  3941.86844379  0.99000000
0.12899278  77.00000000  0.12428087  80.00000000  3941.86844379  0.99000000
0.12899278  77.00000000  0.12428087  80.00000000  3941.86844379  0.99000000
0.12899278  77.00000000  0.12428087  80.00000000  3941.86844379  0.99000000
0.12899278  77.00000000  0.12428087  80.00000000  3941.86844379  0.99000000
0.05816571  78.00000000  0.05816571  80.00000000  2804.17883509  0.99000000
0.12899278  77.00000000  0.12428087  80.00000000  3941.86844379  0.99000000
0.12899278  77.00000000  0.12428087  80.00000000  3941.86844379  0.99000000
0.12899278  77.00000000  0.12428087  80.00000000  3941.86844379  0.99000000
0.12899278  77.00000000  0.12428087  80.00000000  3941.86844379  0.99000000
0.01385181  68.00000000  0.01304928  80.00000000  3940.69513018  0.99000000
0.10296629  78.00000000  0.10296629  80.00000000  3941.44763008  0.99000000
0.05540004  78.00000000  0.05540004  80.00000000  3875.96603210  0.99000000
0.12899278  77.00000000  0.12428087  80.00000000  3941.86844379  0.99000000
0.02453250  61.00000000  0.02091677  80.00000000  3699.70735034  0.99000000
0.12899278  77.00000000  0.12428087  80.00000000  3941.86844378  0.99000000
0.12899278  77.00000000  0.12428087  80.00000000  3941.86844379  0.99000000
0.12899278  77.00000000  0.12428087  80.00000000  3941.86844379  0.99000000
0.12899278  77.00000000  0.12428087  80.00000000  3941.86844379  0.99000000
0.12899723  77.00000000  0.12428601  80.00000000  3941.86826591  0.99000000
0.06728150  77.00000000  0.06368793  80.00000000  3941.46489366  0.99000000
0.12899278  77.00000000  0.12428087  80.00000000  3941.86844379  0.99000000
0.12899278  77.00000000  0.12428087  80.00000000  3941.86844379  0.99000000
0.12899278  77.00000000  0.12428087  80.00000000  3941.86844379  0.99000000
0.12899278  77.00000000  0.12428087  80.00000000  3941.86844379  0.99000000
0.08066973  78.00000000  0.08066973  80.00000000  3936.12376963  0.99000000
0.12390818  78.00000000  0.12390818  80.00000000  3941.40290462  0.99000000
0.12899278  77.00000000  0.12428087  80.00000000  3941.86844379  0.99000000
0.12899278  77.00000000  0.12428087  80.00000000  3941.86844379  0.99000000
0.12899278  77.00000000  0.12428087  80.00000000  3941.86844379  0.99000000
0.14731446  78.00000000  0.14731446  80.00000000  3941.68824025  0.99000000
0.12899278  77.00000000  0.12428087  80.00000000  3941.86844379  0.99000000
0.12899278  77.00000000  0.12428087  80.00000000  3941.86844379  0.99000000
0.12899278  77.00000000  0.12428087  80.00000000  3941.86844379  0.99000000
0.11496421  78.00000000  0.11496421  80.00000000  3810.77780544  0.99000000
0.12899278  77.00000000  0.12428087  80.00000000  3941.86844379  0.99000000
0.10192491  74.00000000  0.08570061  80.00000000  3941.74929585  0.99000000
0.08970857  78.00000000  0.08970857  80.00000000  3952.71685497  0.99000000
0.12905367  77.00000000  0.12433953  80.00000000  3941.89658640  0.99000000
0.12899278  77.00000000  0.12428087  80.00000000  3941.86844379  0.99000000
0.13393319  78.00000000  0.13393319  80.00000000  3941.70677393  0.99000000
0.03040053  71.00000000  0.00862499  80.00000000  3928.46624665  0.99000000
0.12898988  77.00000000  0.12426111  80.00000000  3941.86241866  0.99000000
0.12899278  77.00000000  0.12428087  80.00000000  3941.86844379  0.99000000
0.12899278  77.00000000  0.12428087  80.00000000  3941.86844379  0.99000000
0.08971227  73.00000000  0.05402175  80.00000000  3941.62703113  0.99000000
0.12899278  77.00000000  0.12428087  80.00000000  3941.86844379  0.99000000
0.11306164  78.00000000  0.11306164  80.00000000  3941.47674000  0.99000000
0.12899278  77.00000000  0.12428087  80.00000000  3941.86844361  0.99000000
0.12899278  77.00000000  0.12428087  80.00000000  3941.86844379  0.99000000
0.12899278  77.00000000  0.12428087  80.00000000  3941.86844379  0.99000000
0.15247302  78.00000000  0.15247302  80.00000000  3935.26365350  0.99000000
0.12899278  77.00000000  0.12428087  80.00000000  3941.86844379  0.99000000
0.12899278  77.00000000  0.12428087  80.00000000  3941.86844379  0.99000000
0.01950948  76.00000000  0.01809386  80.00000000  3903.42217186  0.99000000
0.06033073  77.00000000  0.05812656  80.00000000  3920.09296179  0.99000000
0.12899278  77.00000000  0.12428087  80.00000000  3941.86844379  0.99000000
0.12899278  77.00000000  0.12428087  80.00000000  3941.86844379  0.99000000
0.12899278  77.00000000  0.12428087  80.00000000  3941.86844379  0.99000000
0.12893082  77.00000000  0.12410445  80.00000000  3941.85028464  0.99000000
0.12899278  77.00000000  0.12428087  80.00000000  3941.86844379  0.99000000
0.12899278  77.00000000  0.12428087  80.00000000  3941.86844379  0.99000000
0.16133931  78.00000000  0.16133931  80.00000000  3941.83703349  0.99000000
0.12899278  77.00000000  0.12428087  80.00000000  3941.86844379  0.99000000
0.12899278  77.00000000  0.12428087  80.00000000  3941.86844379  0.99000000
0.03902021  58.00000000  0.01669586  80.00000000  3944.78188046  0.99000000
0.12899278  77.00000000  0.12428087  80.00000000  3941.86844379  0.99000000
0.12899278  77.00000000  0.12428087  80.00000000  3941.86844379  0.99000000
0.12954719  77.00000000  0.12527271  80.00000000  3941.87556500  0.99000000
0.12899278  77.00000000  0.12428087  80.00000000  3941.86844379  0.99000000
0.12899278  77.00000000  0.12428087  80.00000000  3941.86844379  0.99000000
0.12899278  77.00000000  0.12428087  80.00000000  3941.86844379  0.99000000
0.12956513  77.00000000  0.12531222  80.00000000  3941.84438473  0.99000000
0.12899278  77.00000000  0.12428087  80.00000000  3941.86844379  0.99000000
0.18038288  77.00000000  0.17928315  80.00000000  3802.27953885  0.99000000
0.12899278  77.00000000  0.12428087  80.00000000  3941.86844379  0.99000000
0.12899278  77.00000000  0.12428087  80.00000000  3941.86844379  0.99000000
0.12899278  77.00000000  0.12428087  80.00000000  3941.86844379  0.99000000
0.07525008  78.00000000  0.07525008  80.00000000  3945.98168093  0.99000000
0.12899278  77.00000000  0.12428087  80.00000000  3941.86844379  0.99000000
0.12898980  77.00000000  0.12425839  80.00000000  3941.85731931  0.99000000
0.11383869  78.00000000  0.11383869  80.00000000  3941.52103120  0.99000000
0.04929215  78.00000000  0.04929215  80.00000000  3824.63743938  0.99000000
0.12899278  77.00000000  0.12428087  80.00000000  3941.86844379  0.99000000
0.12901600  77.00000000  0.12436367  80.00000000  3941.86830475  0.99000000
0.12742022  77.00000000  0.12341156  80.00000000  3941.88161387  0.99000000
0.19759302  78.00000000  0.19759302  80.00000000  3942.07740795  0.99000000
0.12899278  77.00000000  0.12428087  80.00000000  3941.86844379  0.99000000
0.01483381  56.00000000  0.00393783  80.00000000  3863.85749335  0.99000000
0.01302298  78.00000000  0.01302298  80.00000000  3665.46391041  0.99000000
0.07360731  78.00000000  0.07360731  80.00000000  3941.56913681  0.99000000
0.12899278  77.00000000  0.12428087  80.00000000  3941.86844379  0.99000000
0.08703486  77.00000000  0.08311869  80.00000000  3919.97877564  0.99000000
0.12899278  77.00000000  0.12428087  80.00000000  3941.86844379  0.99000000
0.12899278  77.00000000  0.12428087  80.00000000  3941.86844379  0.99000000
0.12899278  77.00000000  0.12428087  80.00000000  3941.86844379  0.99000000
0.12899278  77.00000000  0.12428087  80.00000000  3941.86844379  0.99000000
0.12899278  77.00000000  0.12428087  80.00000000  3941.86844379  0.99000000
0.05741322  78.00000000  0.05741322  80.00000000  3944.35076654  0.99000000
0.01363499  66.00000000  0.00391858  80.00000000  3890.02398845  0.99000000
0.04476173  78.00000000  0.04476173  80.00000000  3831.08153001  0.99000000
0.09338261  78.00000000  0.09338261  80.00000000  3941.47244499  0.99000000
0.02167787  78.00000000  0.02167787  80.00000000  3891.68835239  0.99000000
0.17086569  77.00000000  0.16610244  80.00000000  3942.28930688  0.99000000
0.12899278  77.00000000  0.12428087  80.00000000  3941.86844379  0.99000000
0.12958917  77.00000000  0.12542066  80.00000000  3941.86821976  0.99000000
0.11491569  78.00000000  0.11491569  80.00000000  3919.72379980  0.99000000
0.12899278  77.00000000  0.12428087  80.00000000  3941.86844379  0.99000000
0.15838709  77.00000000  0.15635341  80.00000000  3942.07152915  0.99000000
0.12899278  77.00000000  0.12428087  80.00000000  3941.86844379  0.99000000
0.11811059  77.00000000  0.11377481  80.00000000  3941.81935793  0.99000000
0.11261240  76.00000000  0.10105211  80.00000000  3941.77555881  0.99000000
0.06794120  78.00000000  0.06794120  80.00000000  3207.82715127  0.99000000
0.12899278  77.00000000  0.12428087  80.00000000  3941.86844379  0.99000000
0.12899278  77.00000000  0.12428087  80.00000000  3941.86844379  0.99000000
0.12899279  77.00000000  0.12428194  80.00000000  3941.86770391  0.99000000
0.12908580  77.00000000  0.12449787  80.00000000  3942.41019180  0.99000000
0.12899278  77.00000000  0.12428087  80.00000000  3941.86844379  0.99000000
0.20126006  78.00000000  0.20126006  80.00000000  3942.13877953  0.99000000
0.12899278  77.00000000  0.12428087  80.00000000  3941.86844379  0.99000000
0.14554312  77.00000000  0.14373549  80.00000000  3941.95314526  0.99000000
0.12899278  77.00000000  0.12428087  80.00000000  3941.86844379  0.99000000
0.12899278  77.00000000  0.12428087  80.00000000  3941.86844379  0.99000000
0.12899278  77.00000000  0.12428087  80.00000000  3941.86844379  0.99000000
0.12899278  77.00000000  0.12428087  80.00000000  3941.86844379  0.99000000
0.12909285  77.00000000  0.12437962  80.00000000  3942.25054643  0.99000000
0.07312176  76.00000000  0.06691566  80.00000000  3101.53274888  0.99000000
0.11762941  78.00000000  0.11762941  80.00000000  3941.55386588  0.99000000
0.12899278  77.00000000  0.12428087  80.00000000  3941.86844379  0.99000000
0.12899278  77.00000000  0.12428087  80.00000000  3941.86844379  0.99000000
0.12899278  77.00000000  0.12428087  80.00000000  3941.86844370  0.99000000
0.03864292  77.00000000  0.03809147  80.00000000  3951.83384902  0.99000000
0.12899278  77.00000000  0.12428087  80.00000000  3941.86844379  0.99000000
0.05124984  75.00000000  0.04130778  80.00000000  3909.74190099  0.99000000
0.12899278  77.00000000  0.12428087  80.00000000  3941.86844379  0.99000000
0.12899278  77.00000000  0.12428087  80.00000000  3941.86844379  0.99000000
0.35208945  77.00000000  0.34503418  80.00000000  3966.12596514  0.99000000
0.11043435  78.00000000  0.11043435  80.00000000  3921.15054205  0.99000000
0.12899278  77.00000000  0.12428087  80.00000000  3941.86844379  0.99000000
0.12899278  77.00000000  0.12428087  80.00000000  3941.86844379  0.99000000
0.00775795  78.00000000  0.00775795  80.00000000  3903.41017250  0.99000000
0.05736155  71.00000000  0.00983192  80.00000000  3942.40942716  0.99000000
0.05095428  78.00000000  0.05095428  80.00000000  3940.56174595  0.99000000
0.12899278  77.00000000  0.12428087  80.00000000  3941.86844379  0.99000000
0.04312238  74.00000000  0.03259135  80.00000000  3915.28906847  0.99000000
0.12899278  77.00000000  0.12428087  80.00000000  3941.86844379  0.99000000
0.12899278  77.00000000  0.12428087  80.00000000  3941.86844379  0.99000000
0.03870752  78.00000000  0.03870752  80.00000000  3795.99680604  0.99000000
0.12899278  77.00000000  0.12428087  80.00000000  3941.86844379  0.99000000
0.05888884  78.00000000  0.05888884  80.00000000  3941.43674899  0.99000000
0.13359914  77.00000000  0.12956605  80.00000000  3942.07421941  0.99000000
0.12899453  77.00000000  0.12428297  80.00000000  3941.86831228  0.99000000
0.12899278  77.00000000  0.12428087  80.00000000  3941.86844379  0.99000000
0.12899278  77.00000000  0.12428087  80.00000000  3941.86844379  0.99000000
0.10480471  75.00000000  0.07504030  80.00000000  3609.60702993  0.99000000
0.12899278  77.00000000  0.12428087  80.00000000  3941.86844379  0.99000000
0.12899278  77.00000000  0.12428087  80.00000000  3941.86844379  0.99000000
0.02013682  78.00000000  0.02013682  80.00000000  3924.32717038  0.99000000
0.12899278  77.00000000  0.12428087  80.00000000  3941.86844379  0.99000000
0.12899274  77.00000000  0.12428082  80.00000000  3941.86843927  0.99000000
0.12968250  77.00000000  0.12553003  80.00000000  3941.87744595  0.99000000
0.12899279  77.00000000  0.12428194  80.00000000  3941.86837482  0.99000000
0.12899278  77.00000000  0.12428087  80.00000000  3941.86844379  0.99000000
0.00250000  54.00000000  0.00036931  80.00000000  2459.93372416  0.99000000
0.12899278  77.00000000  0.12428087  80.00000000  3941.86844379  0.99000000
0.16594184  78.00000000  0.16594184  80.00000000  3941.65586736  0.99000000
0.12899278  77.00000000  0.12428087  80.00000000  3941.86844379  0.99000000
0.03821796  76.00000000  0.03330773  80.00000000  2588.99897586  0.99000000
0.09934522  78.00000000  0.09934522  80.00000000  3941.48676185  0.99000000
0.12898919  77.00000000  0.12420373  80.00000000  3941.88073149  0.99000000
0.14792770  78.00000000  0.14792770  80.00000000  3941.95881660  0.99000000
0.12899278  77.00000000  0.12428087  80.00000000  3941.86844379  0.99000000
0.12899278  77.00000000  0.12428087  80.00000000  3941.86844379  0.99000000
0.02995219  78.00000000  0.02995219  80.00000000  3944.10489169  0.99000000
0.04239343  78.00000000  0.04239343  80.00000000  3943.84107875  0.99000000
0.12899278  77.00000000  0.12428087  80.00000000  3941.86844379  0.99000000
0.04231753  58.00000000  0.01864468  80.00000000  3942.27325963  0.99000000
0.12946862  77.00000000  0.12507427  80.00000000  3941.87333766  0.99000000
0.12899278  77.00000000  0.12428087  80.00000000  3941.86844379  0.99000000
0.01864663  64.00000000  0.00862096  80.00000000  2255.50529394  0.99000000
0.12899278  77.00000000  0.12428087  80.00000000  3941.86844379  0.99000000
0.12899278  77.00000000  0.12428087  80.00000000  3941.86844379  0.99000000
0.07759214  78.00000000  0.07759214  80.00000000  3941.39869231  0.99000000
0.12895765  77.00000000  0.12424759  80.00000000  3942.11799926  0.99000000
0.12899278  77.00000000  0.12428087  80.00000000  3941.86844379  0.99000000
0.09923894  78.00000000  0.09923894  80.00000000  3943.67747900  0.99000000
0.12944208  77.00000000  0.12473519  80.00000000  3942.28893606  0.99000000
0.12899278  77.00000000  0.12428087  80.00000000  3941.86844379  0.99000000
0.01993899  78.00000000  0.01993899  80.00000000  3850.88729888  0.99000000
0.12899278  77.00000000  0.12428087  80.00000000  3941.86844379  0.99000000
0.20644356  78.00000000  0.20644356  80.00000000  3942.38367496  0.99000000
0.12899278  77.00000000  0.12428087  80.00000000  3941.86844379  0.99000000
0.12899278  77.00000000  0.12428087  80.00000000  3941.86844379  0.99000000
0.12899278  77.00000000  0.12428087  80.00000000  3941.86844379  0.99000000
0.12899278  77.00000000  0.12428087  80.00000000  3941.86844379  0.99000000
0.12899278  77.00000000  0.12428087  80.00000000  3941.86844379  0.99000000
0.12899278  77.00000000  0.12428087  80.00000000  3941.86844379  0.99000000
0.25925735  78.00000000  0.25925735  80.00000000  3953.76080746  0.99000000
0.12899278  77.00000000  0.12428087  80.00000000  3941.86844379  0.99000000
0.12899278  77.00000000  0.12428087  80.00000000  3941.86844379  0.99000000
0.04262491  58.00000000  0.00259330  80.00000000  3920.54491736  0.99000000
0.12899278  77.00000000  0.12428087  80.00000000  3941.86844379  0.99000000
0.12899278  77.00000000  0.12428087  80.00000000  3941.86844379  0.99000000
0.02436968  78.00000000  0.02436968  80.00000000  3941.32816043  0.99000000
0.12899278  77.00000000  0.12428087  80.00000000  3941.86844379  0.99000000
0.13784503  78.00000000  0.13784503  80.00000000  3918.37865822  0.99000000
0.12899278  77.00000000  0.12428087  80.00000000  3941.86844379  0.99000000
0.19067993  78.00000000  0.19067993  80.00000000  3943.71735469  0.99000000
0.12899278  77.00000000  0.12428087  80.00000000  3941.86844379  0.99000000
0.12899278  77.00000000  0.12428087  80.00000000  3941.86844379  0.99000000
0.05534456  78.00000000  0.05534456  80.00000000  3959.99905478  0.99000000
0.12899243  77.00000000  0.12428044  80.00000000  3941.86846092  0.99000000
0.12899278  77.00000000  0.12428087  80.00000000  3941.86844379  0.99000000
0.12899278  77.00000000  0.12428087  80.00000000  3941.86844379  0.99000000
0.12899278  77.00000000  0.12428087  80.00000000  3941.86844379  0.99000000
0.05937186  78.00000000  0.05937186  80.00000000  3934.07202595  0.99000000
0.12899278  77.00000000  0.12428087  80.00000000  3941.86844379  0.99000000
0.12899278  77.00000000  0.12428087  80.00000000  3941.86844379  0.99000000
0.17551888  78.00000000  0.17551888  80.00000000  3942.59300988  0.99000000
0.11060920  78.00000000  0.11060920  80.00000000  3927.36556544  0.99000000
0.12981236  77.00000000  0.12526917  80.00000000  3941.85620823  0.99000000
0.12899278  77.00000000  0.12428087  80.00000000  3941.86844379  0.99000000
0.12899278  77.00000000  0.12428087  80.00000000  3941.86844379  0.99000000
0.12899278  77.00000000  0.12428087  80.00000000  3941.86844379  0.99000000
0.12899278  77.00000000  0.12428087  80.00000000  3941.86844379  0.99000000
0.06606621  73.00000000  0.04065906  80.00000000  3941.52517342  0.99000000
0.12899278  77.00000000  0.12428087  80.00000000  3941.86844379  0.99000000
0.11927978  74.00000000  0.08358615  80.00000000  3941.81090521  0.99000000
0.19953509  78.00000000  0.19953509  80.00000000  3949.05637105  0.99000000
0.01038776  55.00000000  0.00341452  80.00000000  2825.82894622  0.99000000
0.17172959  78.00000000  0.17172959  80.00000000  3943.20151507  0.99000000
0.12899278  77.00000000  0.12428087  80.00000000  3941.86844379  0.99000000
0.10460999  76.00000000  0.10052897  80.00000000  3933.29195461  0.99000000
0.11761067  78.00000000  0.11761067  80.00000000  3930.28441378  0.99000000
0.01728448  78.00000000  0.01728448  80.00000000  3889.99148067  0.99000000
0.25173520  77.00000000  0.24309265  80.00000000  3665.33804613  0.99000000
0.12899278  77.00000000  0.12428087  80.00000000  3941.86844379  0.99000000
0.12899278  77.00000000  0.12428087  80.00000000  3941.86844379  0.99000000
0.12899278  77.00000000  0.12428087  80.00000000  3941.86844379  0.99000000
0.12899278  77.00000000  0.12428087  80.00000000  3941.86844379  0.99000000
0.25730210  77.00000000  0.25046901  80.00000000  3665.42235331  0.99000000
0.03709538  78.00000000  0.03709538  80.00000000  3941.32944881  0.99000000
0.01091121  71.00000000  0.01072554  80.00000000  3941.32341963  0.99000000
0.12899278  77.00000000  0.12428087  80.00000000  3941.86844379  0.99000000
0.12859734  77.00000000  0.12759974  80.00000000  3941.71425150  0.99000000
0.12899278  77.00000000  0.12428087  80.00000000  3941.86844379  0.99000000
0.12899278  77.00000000  0.12428087  80.00000000  3941.86844379  0.99000000
0.12899278  77.00000000  0.12428087  80.00000000  3941.86844379  0.99000000
0.20029405  78.00000000  0.20029405  80.00000000  3941.40925885  0.99000000
0.12899278  77.00000000  0.12428087  80.00000000  3941.86844379  0.99000000
0.12888238  77.00000000  0.12536291  80.00000000  3941.85534493  0.99000000
0.12899278  77.00000000  0.12428087  80.00000000  3941.86844379  0.99000000
0.04180145  78.00000000  0.04180145  80.00000000  3890.88664218  0.99000000
0.12899278  77.00000000  0.12428087  80.00000000  3941.86844379  0.99000000
0.00930076  78.00000000  0.00930076  80.00000000  3942.39373844  0.99000000
0.12899278  77.00000000  0.12428087  80.00000000  3941.86844379  0.99000000
0.13208982  77.00000000  0.12951888  80.00000000  3941.86598915  0.99000000
0.12899278  77.00000000  0.12428087  80.00000000  3941.86844379  0.99000000
0.12899278  77.00000000  0.12428087  80.00000000  3941.86844379  0.99000000
0.04215699  72.00000000  0.02589879  80.00000000  3959.44353604  0.99000000
0.12899278  77.00000000  0.12428087  80.00000000  3941.86844379  0.99000000
0.12899836  77.00000000  0.12428754  80.00000000  3941.86796558  0.99000000
0.12899278  77.00000000  0.12428087  80.00000000  3941.86844379  0.99000000
0.01374177  54.00000000  0.00861459  80.00000000  2656.68810443  0.99000000
0.12899278  77.00000000  0.12428087  80.00000000  3941.86844379  0.99000000
0.12899278  77.00000000  0.12428093  80.00000000  3941.86830586  0.99000000
0.00545555  78.00000000  0.00545555  80.00000000  3917.95073987  0.99000000
0.12899723  77.00000000  0.12428601  80.00000000  3941.86826591  0.99000000
0.12899278  77.00000000  0.12428087  80.00000000  3941.86844379  0.99000000
0.12899278  77.00000000  0.12428087  80.00000000  3941.86844379  0.99000000
0.13355750  77.00000000  0.13175570  80.00000000  3941.79070184  0.99000000
0.12791932  76.00000000  0.11570243  80.00000000  3941.85832602  0.99000000
0.00731834  75.00000000  0.00651452  80.00000000  2564.70361332  0.99000000
0.12892979  77.00000000  0.12410351  80.00000000  3941.87266552  0.99000000
0.16779361  78.00000000  0.16779361  80.00000000  3941.94794598  0.99000000
0.12899278  77.00000000  0.12428087  80.00000000  3941.86844379  0.99000000
0.12899278  77.00000000  0.12428087  80.00000000  3941.86844379  0.99000000
0.01771907  78.00000000  0.01771907  80.00000000  3845.74520889  0.99000000
0.12899278  77.00000000  0.12428087  80.00000000  3941.86844379  0.99000000
0.03612501  78.00000000  0.03612501  80.00000000  3889.48807527  0.99000000
0.12899278  77.00000000  0.12428087  80.00000000  3941.86844379  0.99000000
0.16082554  78.00000000  0.16082554  80.00000000  3942.87045001  0.99000000
0.12954868  77.00000000  0.12527737  80.00000000  3941.85472453  0.99000000
0.16786806  78.00000000  0.16786806  80.00000000  3942.00126677  0.99000000
0.12898988  77.00000000  0.12426111  80.00000000  3941.87170409  0.99000000
0.13965910  78.00000000  0.13965910  80.00000000  3942.00344042  0.99000000
0.12899278  77.00000000  0.12428087  80.00000000  3941.86844379  0.99000000
0.15374226  78.00000000  0.15374226  80.00000000  3935.24353671  0.99000000
0.12899278  77.00000000  0.12428087  80.00000000  3941.86844379  0.99000000
0.12899278  77.00000000  0.12428087  80.00000000  3941.86844379  0.99000000
0.12899278  77.00000000  0.12428087  80.00000000  3941.86844379  0.99000000
0.17176776  78.00000000  0.17176776  80.00000000  3942.10324705  0.99000000
0.12030274  77.00000000  0.11583774  80.00000000  3940.90764152  0.99000000
0.12899278  77.00000000  0.12428087  80.00000000  3941.86844379  0.99000000
0.04393786  58.00000000  0.02450073  80.00000000  3942.58240531  0.99000000
0.12899278  77.00000000  0.12428087  80.00000000  3941.86844379  0.99000000
0.12899278  77.00000000  0.12428093  80.00000000  3941.86803400  0.99000000
0.12899278  77.00000000  0.12428087  80.00000000  3941.86844379  0.99000000
0.00519694  72.00000000  0.00382649  80.00000000  3822.23988877  0.99000000
0.12899278  77.00000000  0.12428087  80.00000000  3941.86844379  0.99000000
0.13038335  77.00000000  0.12568093  80.00000000  3943.10800798  0.99000000
0.12899278  77.00000000  0.12428087  80.00000000  3941.86844379  0.99000000
0.12899278  77.00000000  0.12428087  80.00000000  3941.86844379  0.99000000
0.12899278  77.00000000  0.12428087  80.00000000  3941.86844379  0.99000000
0.12899278  77.00000000  0.12428087  80.00000000  3941.86844379  0.99000000
0.12899278  77.00000000  0.12428087  80.00000000  3941.86844379  0.99000000
0.12899278  77.00000000  0.12428087  80.00000000  3941.86844379  0.99000000
0.12899278  77.00000000  0.12428087  80.00000000  3941.86844379  0.99000000
0.00430741  74.00000000  0.00293947  80.00000000  3706.01963258  0.99000000
0.12899278  77.00000000  0.12428087  80.00000000  3941.86844379  0.99000000
0.11398121  78.00000000  0.11398121  80.00000000  3928.12959888  0.99000000
0.00560727  54.00000000  0.00186461  80.00000000  3528.89758194  0.99000000
0.10145611  78.00000000  0.10145611  80.00000000  3941.56374981  0.99000000
0.06112624  71.00000000  0.03975105  80.00000000  3941.48556172  0.99000000
0.10296629  78.00000000  0.10296629  80.00000000  3941.44763008  0.99000000
0.03855697  59.00000000  0.00029866  80.00000000  3951.21895906  0.99000000
0.12899278  77.00000000  0.12428087  80.00000000  3941.86844379  0.99000000
0.02014340  78.00000000  0.02014340  80.00000000  3924.32702261  0.99000000
0.12899278  77.00000000  0.12428087  80.00000000  3941.86844379  0.99000000
0.10139666  78.00000000  0.10139666  80.00000000  3941.73896115  0.99000000
0.12899278  77.00000000  0.12428087  80.00000000  3941.86844379  0.99000000
0.12899278  77.00000000  0.12428087  80.00000000  3941.86844379  0.99000000
0.12899278  77.00000000  0.12428087  80.00000000  3941.86844379  0.99000000
0.12899278  77.00000000  0.12428087  80.00000000  3941.86844379  0.99000000
0.12899278  77.00000000  0.12428087  80.00000000  3941.86844379  0.99000000
0.12899278  77.00000000  0.12428087  80.00000000  3941.86844379  0.99000000
0.12899278  77.00000000  0.12428087  80.00000000  3941.86844379  0.99000000
0.12899274  77.00000000  0.12428082  80.00000000  3941.86843927  0.99000000
0.12899278  77.00000000  0.12428087  80.00000000  3941.86844379  0.99000000
0.14792770  78.00000000  0.14792770  80.00000000  3941.95881660  0.99000000
0.12899278  77.00000000  0.12428087  80.00000000  3941.86844379  0.99000000
0.01709620  78.00000000  0.01709620  80.00000000  3888.97471490  0.99000000
0.12899274  77.00000000  0.12428082  80.00000000  3941.86843927  0.99000000
0.12899278  77.00000000  0.12428087  80.00000000  3941.86844379  0.99000000
0.08857556  78.00000000  0.08857556  80.00000000  3928.40642688  0.99000000
0.09389653  78.00000000  0.09389653  80.00000000  3932.67536570  0.99000000
0.01781726  73.00000000  0.01712347  80.00000000  3479.77851286  0.99000000
0.12899278  77.00000000  0.12428087  80.00000000  3941.86844379  0.99000000
0.06110875  68.00000000  0.01085895  80.00000000  3473.73023195  0.99000000
0.06182783  78.00000000  0.06182783  80.00000000  3940.94637280  0.99000000
0.02091802  78.00000000  0.02091802  80.00000000  3866.34340473  0.99000000
0.12899278  77.00000000  0.12428087  80.00000000  3941.86844379  0.99000000
0.02863122  64.00000000  0.00214762  80.00000000  2669.38655587  0.99000000
0.20884272  78.00000000  0.20884272  80.00000000  3703.19160131  0.99000000
0.13353597  78.00000000  0.13353597  80.00000000  3941.90037605  0.99000000
0.13204751  78.00000000  0.13204751  80.00000000  3940.77926132  0.99000000
0.02312980  78.00000000  0.02312980  80.00000000  3941.33341778  0.99000000
0.12899278  77.00000000  0.12428087  80.00000000  3941.86844379  0.99000000
0.12899278  77.00000000  0.12428087  80.00000000  3941.86844379  0.99000000
0.08368456  78.00000000  0.08368456  80.00000000  3938.57254968  0.99000000
0.12899278  77.00000000  0.12428087  80.00000000  3941.86844379  0.99000000
0.12899278  77.00000000  0.12428087  80.00000000  3941.86844379  0.99000000
0.08269661  78.00000000  0.08269661  80.00000000  3941.38855461  0.99000000
0.04284935  74.00000000  0.03801371  80.00000000  3941.42514401  0.99000000
0.02090484  77.00000000  0.02089004  80.00000000  3905.95552593  0.99000000
0.11934846  76.00000000  0.11064202  80.00000000  3941.83476984  0.99000000
0.13038337  77.00000000  0.12568093  80.00000000  3943.10800885  0.99000000
0.09643624  78.00000000  0.09643624  80.00000000  3941.75318327  0.99000000
0.12899278  77.00000000  0.12428087  80.00000000  3941.86844379  0.99000000
0.13119076  77.00000000  0.12920806  80.00000000  3940.66373257  0.99000000
0.12899278  77.00000000  0.12428087  80.00000000  3941.86844379  0.99000000
0.03852369  77.00000000  0.03793712  80.00000000  3951.25453836  0.99000000
0.12899278  77.00000000  0.12428087  80.00000000  3941.86844379  0.99000000
0.12899278  77.00000000  0.12428087  80.00000000  3941.86844379  0.99000000
0.12909285  77.00000000  0.12437962  80.00000000  3942.25054643  0.99000000
0.12431650  78.00000000  0.12431650  80.00000000  3929.96226559  0.99000000
0.10343516  78.00000000  0.10343516  80.00000000  3942.27620007  0.99000000
0.12899278  77.00000000  0.12428087  80.00000000  3941.86844379  0.99000000
0.12899278  77.00000000  0.12428087  80.00000000  3941.86844379  0.99000000
0.03102097  78.00000000  0.03102097  80.00000000  3959.98846744  0.99000000
0.12899278  77.00000000  0.12428087  80.00000000  3941.86844379  0.99000000
0.00527663  70.00000000  0.00040074  80.00000000  3641.29324859  0.99000000
0.11775462  78.00000000  0.11775462  80.00000000  3930.19350228  0.99000000
0.10922083  75.00000000  0.09383876  80.00000000  3941.73416428  0.99000000
0.12899278  77.00000000  0.12428087  80.00000000  3941.86844379  0.99000000
0.12899278  77.00000000  0.12428087  80.00000000  3941.86844379  0.99000000
0.19726009  78.00000000  0.19726009  80.00000000  3942.08823229  0.99000000
0.05633714  65.00000000  0.01615454  80.00000000  3902.25862739  0.99000000
0.12899278  77.00000000  0.12428087  80.00000000  3941.86844379  0.99000000
0.00314395  78.00000000  0.00314395  80.00000000  3950.26236689  0.99000000
0.12899278  77.00000000  0.12428087  80.00000000  3941.86844379  0.99000000
0.18847011  78.00000000  0.18847011  80.00000000  3943.34063603  0.99000000
0.12899278  77.00000000  0.12428087  80.00000000  3941.86844379  0.99000000
0.08118785  74.00000000  0.05086567  80.00000000  3941.59209870  0.99000000
0.12899278  77.00000000  0.12428087  80.00000000  3941.86844379  0.99000000
0.12899278  77.00000000  0.12428087  80.00000000  3941.86844379  0.99000000
0.12899278  77.00000000  0.12428087  80.00000000  3941.86844379  0.99000000
0.12899278  77.00000000  0.12428087  80.00000000  3941.86844379  0.99000000
0.06848104  70.00000000  0.04857932  80.00000000  3945.62331227  0.99000000
0.12899278  77.00000000  0.12428087  80.00000000  3941.86844379  0.99000000
0.06053285  78.00000000  0.06053285  80.00000000  3937.18516178  0.99000000
0.16181698  78.00000000  0.16181698  80.00000000  3942.19631883  0.99000000
0.12899513  77.00000000  0.12428317  80.00000000  3941.87224091  0.99000000
0.02006465  70.00000000  0.00062338  80.00000000  3966.21056019  0.99000000
0.07520223  78.00000000  0.07520223  80.00000000  3946.14927338  0.99000000
0.12899278  77.00000000  0.12428087  80.00000000  3941.86844379  0.99000000
0.12894521  77.00000000  0.12416009  80.00000000  3941.86927630  0.99000000
0.02297955  78.00000000  0.02297955  80.00000000  3813.81913100  0.99000000
0.03902021  58.00000000  0.00797836  80.00000000  3944.77688284  0.99000000
0.12899278  77.00000000  0.12428087  80.00000000  3941.86844379  0.99000000
0.06811965  78.00000000  0.06811965  80.00000000  3941.47595386  0.99000000
0.12899278  77.00000000  0.12428087  80.00000000  3941.86844379  0.99000000
0.12899278  77.00000000  0.12428087  80.00000000  3941.86844379  0.99000000
0.12899278  77.00000000  0.12428087  80.00000000  3941.86844379  0.99000000
0.12899278  77.00000000  0.12428087  80.00000000  3941.86844379  0.99000000
0.12899278  77.00000000  0.12428087  80.00000000  3941.86844379  0.99000000
0.13791773  78.00000000  0.13791773  80.00000000  3923.60964542  0.99000000
0.12899278  77.00000000  0.12428087  80.00000000  3941.86844379  0.99000000
0.02038903  78.00000000  0.02038903  80.00000000  3924.52327999  0.99000000
0.08946985  78.00000000  0.08946985  80.00000000  3941.42007932  0.99000000
0.17084401  78.00000000  0.17084401  80.00000000  3942.19065947  0.99000000
0.12899278  77.00000000  0.12428087  80.00000000  3941.86844379  0.99000000
0.12899278  77.00000000  0.12428087  80.00000000  3941.86844379  0.99000000
0.12899278  77.00000000  0.12428087  80.00000000  3941.86844379  0.99000000
0.14661265  77.00000000  0.14453584  80.00000000  3942.09106086  0.99000000
0.12899278  77.00000000  0.12428087  80.00000000  3941.86844379  0.99000000
0.12899278  77.00000000  0.12428087  80.00000000  3941.86844379  0.99000000
0.12899278  77.00000000  0.12428087  80.00000000  3941.86844379  0.99000000
0.12899278  77.00000000  0.12428087  80.00000000  3941.86844379  0.99000000
0.12909121  77.00000000  0.12450575  80.00000000  3942.40910796  0.99000000
0.12899278  77.00000000  0.12428087  80.00000000  3941.86844379  0.99000000
0.12899278  77.00000000  0.12428087  80.00000000  3941.86844379  0.99000000
0.05053376  59.00000000  0.00579996  80.00000000  3935.35702012  0.99000000
0.12899278  77.00000000  0.12428087  80.00000000  3941.86844379  0.99000000
0.12899278  77.00000000  0.12428087  80.00000000  3941.86844379  0.99000000
0.10208138  78.00000000  0.10208138  80.00000000  3942.27039744  0.99000000
0.12899278  77.00000000  0.12428087  80.00000000  3941.86844379  0.99000000
0.06859626  78.00000000  0.06859626  80.00000000  3855.99795103  0.99000000
0.12899278  77.00000000  0.12428087  80.00000000  3941.86844379  0.99000000
0.05020472  78.00000000  0.05020472  80.00000000  3969.61304604  0.99000000
0.07429677  75.00000000  0.05609608  80.00000000  3941.57366382  0.99000000
0.02288032  76.00000000  0.02079694  80.00000000  3941.36396455  0.99000000
0.12899278  77.00000000  0.12428087  80.00000000  3941.86844379  0.99000000
0.12899278  77.00000000  0.12428087  80.00000000  3941.86844379  0.99000000
0.07837422  78.00000000  0.07837422  80.00000000  3941.44096754  0.99000000
0.12899278  77.00000000  0.12428087  80.00000000  3941.86844379  0.99000000
0.12899278  77.00000000  0.12428087  80.00000000  3941.86844379  0.99000000
0.04360991  78.00000000  0.04360991  80.00000000  3941.37395275  0.99000000
0.12899278  77.00000000  0.12428087  80.00000000  3941.86844379  0.99000000
0.12899278  77.00000000  0.12428087  80.00000000  3941.86844379  0.99000000
0.12899278  77.00000000  0.12428087  80.00000000  3941.86844379  0.99000000
0.12899278  77.00000000  0.12428087  80.00000000  3941.86844379  0.99000000
0.01751902  78.00000000  0.01751902  80.00000000  3891.52306216  0.99000000
0.03316483  78.00000000  0.03316483  80.00000000  3948.25078083  0.99000000
0.12899278  77.00000000  0.12428087  80.00000000  3941.86844379  0.99000000
0.11937349  78.00000000  0.11937349  80.00000000  3938.67350129  0.99000000
0.12899278  77.00000000  0.12428087  80.00000000  3941.86844379  0.99000000
0.12893043  77.00000000  0.12410307  80.00000000  3941.84463903  0.99000000
0.12899278  77.00000000  0.12428087  80.00000000  3941.86844379  0.99000000
0.17249756  78.00000000  0.17249756  80.00000000  3953.39805202  0.99000000
0.12899278  77.00000000  0.12428087  80.00000000  3941.86844379  0.99000000
0.12899278  77.00000000  0.12428087  80.00000000  3941.86844379  0.99000000
0.12899278  77.00000000  0.12428087  80.00000000  3941.86844379  0.99000000
0.07810458  78.00000000  0.07810458  80.00000000  3941.39026076  0.99000000
0.12899278  77.00000000  0.12428087  80.00000000  3941.86844379  0.99000000
0.12355064  76.00000000  0.10101535  80.00000000  3941.83137462  0.99000000
0.12894858  77.00000000  0.12418485  80.00000000  3941.85030392  0.99000000
0.12899278  77.00000000  0.12428087  80.00000000  3941.86844379  0.99000000
0.00014410  76.00000000  0.00014066  80.00000000  3894.78798487  0.99000000
0.18866823  77.00000000  0.18159861  80.00000000  4075.25869517  0.99000000
0.04064146  57.00000000  0.00027817  80.00000000  3406.84054874  0.99000000
0.00487232  78.00000000  0.00487232  80.00000000  3166.05475560  0.99000000
0.29704575  59.00000000  0.08450344  80.00000000  3950.56197825  0.99000000
0.13538612  78.00000000  0.13538612  80.00000000  3943.61747854  0.99000000
0.00092794  78.00000000  0.00092794  80.00000000  3243.76431449  0.99000000
0.00249282  77.00000000  0.00218544  80.00000000  2315.03612780  0.99000000
0.17198849  69.00000000  0.07209037  80.00000000  4067.47666913  0.99000000
0.01147048  78.00000000  0.01147048  80.00000000  3993.08916937  0.99000000
0.00396454  74.00000000  0.00047845  80.00000000  3973.06782853  0.99000000
0.10483387  69.00000000  0.00271851  80.00000000  3989.43729736  0.99000000
0.32958624  63.00000000  0.00740788  80.00000000  4119.96050373  0.99000000
0.18268778  74.00000000  0.13336886  80.00000000  4118.17944440  0.99000000
0.23613102  67.00000000  0.11511469  80.00000000  4110.63547878  0.99000000
0.65381831  63.00000000  0.35095946  80.00000000  4220.07026140  0.99000000
0.15490065  59.00000000  0.00371836  80.00000000  4020.28189479  0.99000000
0.03014705  52.00000000  0.00730549  80.00000000  4106.71834296  0.99000000
0.07669076  73.00000000  0.07560647  80.00000000  4017.21065248  0.99000000
0.15286468  76.00000000  0.14480437  80.00000000  4110.35645160  0.99000000
0.19014758  56.00000000  0.00778530  80.00000000  4098.16350030  0.99000000
0.08272823  67.00000000  0.05137251  80.00000000  3721.28871318  0.99000000
0.00911308  78.00000000  0.00911308  80.00000000  3995.51107538  0.99000000
0.05766401  53.00000000  0.01932099  80.00000000  4116.28631756  0.99000000
0.06919206  78.00000000  0.06919206  80.00000000  3986.48135885  0.99000000
0.05190369  78.00000000  0.05190369  80.00000000  4064.45886881  0.99000000
0.00149841  78.00000000  0.00149841  80.00000000  4116.32013784  0.99000000
0.00007477  64.00000000  0.00004418  80.00000000  3964.43112841  0.99000000
0.00390790  67.00000000  0.00123678  80.00000000  4170.81322622  0.99000000
0.00962804  75.00000000  0.00931073  80.00000000  3921.41535628  0.99000000
0.03491963  69.00000000  0.00626263  80.00000000  4169.01127614  0.99000000
0.20015569  69.00000000  0.16685516  80.00000000  3976.12124847  0.99000000
0.74504482  75.00000000  0.67587249  80.00000000  4227.84804063  0.99000000
0.01824965  77.00000000  0.01813382  80.00000000  4133.80142931  0.99000000
0.10216042  62.00000000  0.04359745  80.00000000  2594.45987876  0.99000000
0.01575193  70.00000000  0.01297713  80.00000000  3950.89374725  0.99000000
0.02020537  57.00000000  0.01399711  80.00000000  4160.21294738  0.99000000
0.02331338  57.00000000  0.01321438  80.00000000  4170.76592516  0.99000000
0.09249265  65.00000000  0.01015662  80.00000000  4179.95816276  0.99000000
0.16351629  66.00000000  0.08914911  80.00000000  4094.98324376  0.99000000
0.13948765  65.00000000  0.01125668  80.00000000  4114.40244151  0.99000000
0.49142772  61.00000000  0.16808928  80.00000000  3983.86238122  0.99000000
0.15558644  54.00000000  0.04537532  80.00000000  3745.03471753  0.99000000
0.01731402  68.00000000  0.01223637  80.00000000  3815.55381341  0.99000000
0.12691873  57.00000000  0.05669358  80.00000000  4072.26005241  0.99000000
0.14645520  53.00000000  0.02818265  80.00000000  4158.45662018  0.99000000
0.05820600  49.00000000  0.00670147  80.00000000  4152.35916858  0.99000000
0.13873444  52.00000000  0.02961492  80.00000000  4185.18603101  0.99000000
0.00006595  61.00000000  0.00000344  80.00000000  3609.68064225  0.99000000
0.00082502  74.00000000  0.00061398  80.00000000  3721.03155713  0.99000000
0.04169080  55.00000000  0.00730569  80.00000000  3245.72121501  0.99000000
0.05993054  53.00000000  0.02584522  80.00000000  4050.92246352  0.99000000
0.06807007  52.00000000  0.01872433  80.00000000  3995.69187275  0.99000000
0.10375729  53.00000000  0.00702890  80.00000000  3569.17878540  0.99000000
0.00067101  78.00000000  0.00067101  80.00000000  2923.86063372  0.99000000
0.10067539  54.00000000  0.07928772  80.00000000  4054.90896751  0.99000000
0.15143073  69.00000000  0.05465501  80.00000000  4136.89771770  0.99000000
0.01295097  78.00000000  0.01295097  80.00000000  3586.61849601  0.99000000
0.00865218  54.00000000  0.00026466  80.00000000  2329.04966539  0.99000000
0.00641575  52.00000000  0.00259515  80.00000000  2296.84204165  0.99000000
0.03101822  75.00000000  0.02627100  80.00000000  3133.70323961  0.99000000
0.32006496  71.00000000  0.15803229  80.00000000  2352.62265299  0.99000000
0.26029179  60.00000000  0.05930090  80.00000000  3438.30273547  0.99000000
0.00024270  69.00000000  0.00013793  80.00000000  3184.00048519  0.99000000
0.10130840  62.00000000  0.05842542  80.00000000  4192.97529751  0.99000000
0.05196368  74.00000000  0.05017622  80.00000000  3445.46806636  0.99000000
0.20341844  78.00000000  0.20341844  80.00000000  3941.16221981  0.99000000
0.00178535  78.00000000  0.00178535  80.00000000  3688.38547111  0.99000000
0.07208314  60.00000000  0.06294703  80.00000000  3848.43259505  0.99000000
0.00769053  78.00000000  0.00769053  80.00000000  1963.58519209  0.99000000
0.09300044  76.00000000  0.08582447  80.00000000  1961.56151455  0.99000000
0.08185683  60.00000000  0.02089022  80.00000000  4088.77905302  0.99000000
0.01737877  78.00000000  0.01737877  80.00000000  3943.13207928  0.99000000
0.21951927  67.00000000  0.01830979  80.00000000  4170.00761209  0.99000000
0.27575856  78.00000000  0.27575856  80.00000000  4150.73087763  0.99000000
0.01603597  52.00000000  0.01512675  80.00000000  2594.45952423  0.99000000
0.06081651  75.00000000  0.04974350  80.00000000  2839.51769937  0.99000000
0.03410388  78.00000000  0.03410388  80.00000000  3825.57488253  0.99000000
0.00486471  78.00000000  0.00486471  80.00000000  3850.27087848  0.99000000
0.00048310  77.00000000  0.00046092  80.00000000  3804.24214604  0.99000000
0.10286607  78.00000000  0.10286607  80.00000000  4160.41691936  0.99000000
0.00004324  66.00000000  0.00001511  80.00000000  2894.80987085  0.99000000
0.08363836  51.00000000  0.03394955  80.00000000  4164.88798152  0.99000000
0.01930250  78.00000000  0.01930250  80.00000000  3808.73364555  0.99000000
0.15925399  71.00000000  0.15651181  80.00000000  4162.75413560  0.99000000
0.17914963  58.00000000  0.01200981  80.00000000  3659.21593106  0.99000000
0.01098883  78.00000000  0.01098883  80.00000000  3176.81206414  0.99000000
0.00014458  73.00000000  0.00006255  80.00000000  3130.95694262  0.99000000
0.25176689  63.00000000  0.07719632  80.00000000  3499.56924602  0.99000000
0.11285334  78.00000000  0.11285334  80.00000000  3235.70315757  0.99000000
0.18950087  63.00000000  0.02417155  80.00000000  3465.66807719  0.99000000
0.05996925  69.00000000  0.00326567  80.00000000  4150.97734621  0.99000000
0.42534051  60.00000000  0.06789097  80.00000000  3870.20309871  0.99000000
0.28697451  65.00000000  0.11425210  80.00000000  3794.29281786  0.99000000
0.13729254  65.00000000  0.02022622  80.00000000  3887.17536382  0.99000000
0.07826651  78.00000000  0.07826651  80.00000000  3962.36344968  0.99000000
0.00216400  78.00000000  0.00216400  80.00000000  4058.07091002  0.99000000
0.00259724  78.00000000  0.00259724  80.00000000  2843.59171132  0.99000000
0.05269496  73.00000000  0.05266011  80.00000000  3295.21537939  0.99000000
0.10321921  71.00000000  0.01120204  80.00000000  3763.49345464  0.99000000
0.00509340  75.00000000  0.00410901  80.00000000  3955.83273562  0.99000000
