30
15
11
19
10
20
31
8
22
10
22
9
22
1
1
16
34
34
2
2
12
12
24
3
3
13
4
36
4
4
15
5
5
4
5
6
6
30
3
7
17
17
0
8
8
7
18
9
9
20
5
10
20
10
5
11
11
2
22
3
2
35
13
23
13
14
14
25
5
10
25
15
35
16
26
16
2
10
28
35
17
0
28
2
19
29
11
15
30
19
20
1
31
10
22
8
22
32
22
8
12
33
34
34
35
25
17
12
25
25
26
36
36
36
19
4
15
18
28
17
14
13
25
3
29
13
36
17
21
35
30
33
35
33
30
36
36
35
35
35
35
35
35
35
35
35
35
35
35
35
35
36
36
35
35
35
35
35
35
35
36
16
2
35
35
35
17
0
36
36
19
32
28
