27
6
29
28
12
27
10
30
27
12
20
6
6
31
32
32
0
30
14
1
18
9
1
28
9
1
30
2
32
19
2
1
25
18
0
3
21
13
28
2
3
4
25
14
4
4
25
5
14
21
0
1
1
6
6
6
1
6
27
7
22
7
2
7
17
8
7
8
31
9
9
27
29
0
9
19
10
31
19
31
20
25
9
11
25
6
6
31
21
22
32
13
13
8
32
13
3
30
27
6
23
14
13
24
32
15
30
6
14
25
30
25
16
3
0
26
16
17
12
12
27
6
11
27
32
19
28
19
28
0
12
0
11
2
29
8
17
1
0
19
30
30
30
32
4
31
14
31
3
31
9
21
23
17
1
3
32
25
14
17
18
3
25
26
21
20
1
22
6
5
6
23
5
0
7
24
0
2
31
4
31
5
32
14
9
32
27
29
31
18
30
10
31
30
22
30
20
32
21
3
3
32
18
32
28
32
4
13
23
32
11
20
9
31
27
23
31
29
2
32
15
7
6
31
22
16
20
26
31
0
22
