26
9
17
17
30
27
31
30
11
15
12
8
18
19
21
9
0
20
25
29
19
1
15
26
18
10
17
0
2
22
17
11
21
3
3
29
3
0
19
31
23
4
14
14
21
20
14
5
14
5
5
1
31
6
31
24
27
16
7
7
23
7
17
29
1
25
1
8
18
18
0
3
19
4
27
32
20
10
26
25
31
20
20
21
11
27
12
12
22
1
3
22
12
23
13
23
3
23
14
14
2
24
30
14
24
25
32
9
16
16
15
0
26
16
31
26
4
17
17
27
28
31
18
11
28
31
28
19
19
3
9
0
20
29
29
13
14
30
20
10
2
15
13
31
22
1
22
1
2
0
1
32
0
7
3
23
5
22
24
21
20
14
19
14
5
15
1
6
1
3
1
27
7
9
30
14
7
32
29
2
11
6
32
18
18
0
32
2
28
10
16
31
2
28
25
31
3
30
31
11
27
12
31
23
3
3
28
32
1
16
27
3
32
30
14
1
6
31
27
7
31
28
29
31
6
14
11
31
30
31
6
