16
22
28
21
10
8
13
16
29
20
23
28
32
28
15
8
9
22
29
27
17
1
15
25
20
19
21
22
16
2
0
32
19
24
12
3
12
21
24
13
4
30
14
4
20
27
1
5
29
15
25
5
25
6
28
16
6
29
16
7
2
7
3
32
25
8
27
22
18
0
28
9
32
32
4
19
32
10
0
25
20
31
10
11
21
12
12
21
6
22
12
28
27
23
23
5
13
23
14
14
29
8
24
32
6
15
30
32
25
2
6
30
16
26
28
16
17
32
17
27
28
17
7
29
8
7
28
2
28
9
19
30
6
29
5
3
20
0
30
20
30
21
0
16
15
0
31
16
13
32
13
32
7
24
32
11
24
25
25
1
6
5
5
12
15
25
5
11
26
18
17
11
2
20
7
27
31
32
32
20
31
32
29
32
0
28
23
31
8
7
30
31
11
0
9
20
31
10
30
15
12
12
18
31
2
4
28
32
23
23
31
6
16
30
31
30
32
24
32
14
32
20
27
32
29
14
15
32
22
4
18
