7
6
8
27
8
27
32
15
27
32
22
17
26
25
9
0
0
17
26
1
16
18
1
18
10
1
22
2
1
24
20
2
1
3
12
3
0
18
12
12
21
4
24
22
20
5
5
14
4
14
5
0
24
6
25
21
1
3
16
2
7
31
26
6
30
8
0
28
18
28
24
26
9
24
30
26
19
10
25
26
32
20
20
27
26
21
12
11
12
2
4
22
27
4
7
32
23
3
2
13
29
24
14
15
1
15
2
25
12
25
6
1
16
26
4
10
6
0
15
17
27
17
18
18
32
28
28
28
2
19
18
2
29
10
8
13
11
1
21
30
22
22
19
1
31
15
2
23
3
8
0
17
32
24
15
21
4
24
23
12
5
17
13
4
14
5
4
26
2
2
21
20
1
16
18
7
31
26
31
30
8
0
32
18
20
27
9
9
32
30
26
3
22
31
10
30
24
31
28
1
32
12
27
12
31
23
7
8
31
2
16
32
3
6
29
31
17
6
31
31
6
31
23
11
31
8
31
29
26
5
27
