13
8
16
14
7
14
31
7
7
23
8
19
19
18
9
10
9
19
15
19
1
21
21
14
27
21
31
2
0
2
2
2
23
1
3
1
20
31
3
4
4
0
13
4
13
14
5
5
25
5
15
2
6
15
6
30
16
22
23
17
7
31
24
27
18
6
8
31
18
31
9
19
24
3
9
19
10
20
10
3
20
11
21
11
21
27
32
1
12
22
12
22
22
0
2
12
13
23
4
1
31
24
14
4
32
15
30
4
32
25
26
5
16
32
3
31
8
7
5
27
8
27
31
0
11
7
28
19
18
15
2
9
19
29
1
10
21
21
30
2
14
21
2
0
16
31
2
0
1
2
19
0
32
9
13
8
1
16
25
0
0
8
16
22
23
20
24
6
15
21
9
9
27
23
16
7
31
24
28
31
30
31
31
18
31
14
4
4
31
30
10
32
32
30
27
32
11
21
31
31
27
32
1
29
19
32
9
22
27
2
20
1
31
0
17
24
24
14
8
32
12
28
11
32
30
27
32
8
32
31
0
