16
9
8
6
13
17
27
11
12
31
31
16
11
18
17
8
8
22
27
30
1
18
20
22
16
20
20
22
2
17
12
27
18
12
3
1
3
25
3
13
19
4
19
14
20
4
5
15
5
14
20
4
5
25
6
27
22
16
22
2
7
18
25
31
7
8
7
18
32
9
9
3
30
19
8
10
2
1
10
21
32
0
10
11
32
21
0
11
12
22
12
28
31
22
32
29
31
13
23
23
2
24
13
24
15
30
15
25
14
15
30
26
26
26
16
26
9
8
31
18
17
27
18
28
31
11
28
10
19
11
8
8
29
6
19
20
9
13
30
8
20
13
8
2
17
31
15
31
23
3
1
23
32
3
7
18
17
19
0
20
4
5
15
9
1
10
4
22
16
18
27
25
19
28
29
30
18
3
32
28
15
5
0
32
3
12
31
26
30
23
31
23
10
32
1
32
0
32
11
32
12
3
14
31
22
30
28
3
31
26
13
31
13
31
2
32
19
32
32
22
30
32
25
14
7
7
31
30
26
16
31
