6
8
21
15
27
9
19
25
18
28
11
20
32
26
27
9
31
22
29
30
1
9
9
30
21
19
24
0
2
24
23
31
1
20
23
26
3
13
23
4
4
13
13
30
14
2
5
26
14
5
0
15
16
6
23
23
2
6
17
7
7
7
23
17
29
19
2
8
2
1
19
9
19
23
28
26
10
20
32
20
20
21
31
11
21
0
21
0
22
3
12
7
29
12
13
23
3
23
8
0
32
24
14
1
12
12
25
31
25
10
2
16
26
2
4
17
8
17
8
27
32
17
7
18
28
9
28
8
19
9
29
6
29
29
30
30
20
9
30
21
14
14
0
8
31
17
10
1
18
23
16
32
0
16
23
2
25
25
24
21
18
7
19
6
5
0
0
26
24
26
21
2
15
22
32
14
13
32
0
28
30
31
1
31
8
31
31
8
31
28
9
31
20
14
32
29
5
31
23
28
23
31
3
17
30
32
1
29
31
13
31
3
31
2
30
32
24
14
5
32
25
25
32
1
32
30
32
11
32
4
19
