26
24
12
17
9
17
29
0
13
18
8
21
17
20
8
26
14
31
9
17
32
1
18
26
0
10
16
0
18
2
20
22
17
28
12
3
26
15
15
4
4
19
0
4
25
14
20
5
20
22
5
5
2
6
1
0
6
6
7
7
31
17
2
0
3
8
23
0
8
3
8
3
9
24
32
19
30
10
26
1
20
5
11
31
11
21
2
0
32
12
27
12
22
13
0
7
13
29
23
24
7
4
0
15
14
30
15
25
9
25
25
16
5
32
7
26
7
31
17
17
17
27
27
18
31
8
31
28
32
19
12
10
29
9
29
10
5
30
15
1
14
15
7
10
6
31
22
4
4
12
3
2
32
15
14
4
5
24
25
25
17
10
5
24
14
5
25
2
25
25
0
14
14
8
7
3
32
2
32
14
31
29
31
32
32
31
31
19
30
32
0
30
32
4
5
31
3
31
32
32
29
31
26
31
30
31
12
22
30
31
20
13
30
32
24
12
32
0
5
31
30
25
31
27
32
27
16
31
9
13
14
