26
30
17
12
15
15
7
11
31
11
0
27
25
23
30
32
15
14
28
25
1
30
10
24
14
23
15
2
27
2
11
12
0
25
3
2
22
12
3
27
26
4
13
13
14
3
17
5
4
5
1
15
5
6
21
17
23
16
7
7
16
7
1
32
8
18
8
18
19
4
31
9
19
9
9
8
32
28
10
20
29
27
2
11
30
11
22
21
12
30
23
10
2
30
13
23
13
4
30
23
3
14
24
31
3
6
31
15
25
5
25
16
17
17
9
26
16
17
31
11
15
27
12
1
11
0
17
28
19
11
32
29
17
18
29
32
30
30
19
14
30
20
12
4
7
1
31
0
23
23
2
22
12
3
32
7
2
24
11
14
19
6
20
25
5
21
18
5
8
15
2
2
4
26
23
24
7
32
28
26
32
26
31
20
29
31
16
23
23
32
0
28
32
2
30
32
23
31
11
31
11
31
30
17
31
23
28
3
32
10
23
4
28
32
21
29
14
27
31
28
11
31
32
32
32
32
32
31
31
30
32
