20
17
32
17
7
10
17
10
18
13
28
25
13
18
8
16
26
8
25
1
1
30
1
21
18
23
20
2
23
2
11
22
27
2
3
29
3
3
12
12
4
24
4
31
4
30
14
23
5
22
26
32
28
23
28
6
16
25
29
7
1
7
7
28
28
8
24
23
30
29
18
31
18
0
5
3
29
10
9
20
28
11
11
30
21
26
21
0
32
12
22
31
30
31
31
8
31
23
14
4
32
14
24
29
32
14
15
29
25
16
16
30
11
26
10
2
17
32
17
0
17
27
32
18
18
19
28
19
8
13
29
12
6
0
14
5
9
13
21
30
15
14
2
8
31
11
31
23
9
23
21
32
14
15
6
13
24
4
4
4
2
24
22
0
16
26
18
3
25
20
6
16
28
22
21
7
30
24
32
27
8
24
30
31
20
30
31
27
25
5
31
29
31
31
23
0
31
23
30
31
25
6
12
31
12
22
31
31
31
31
8
31
30
14
9
31
17
12
30
32
23
15
32
11
32
28
32
19
22
31
27
