8
23
12
21
6
9
6
7
13
18
13
13
12
0
8
9
8
1
24
1
1
1
0
18
2
1
2
2
2
11
3
17
3
12
22
12
4
17
13
4
21
5
5
0
5
1
0
6
6
1
15
1
7
20
22
16
20
7
8
17
2
17
18
9
9
9
23
9
19
23
2
0
11
23
23
24
20
0
23
12
21
21
21
11
23
13
22
23
8
3
8
9
1
23
14
24
16
5
14
16
24
2
1
2
17
2
17
1
17
11
12
7
12
19
14
13
17
16
18
23
2
23
21
24
24
21
23
23
23
15
4
23
22
5
24
15
17
23
9
23
9
23
12
23
23
22
23
0
0
23
20
0
24
1
