12
24
24
21
23
21
13
13
10
21
22
8
8
0
12
8
8
16
1
21
14
13
9
13
14
2
16
11
18
11
3
3
3
11
17
3
4
1
0
3
20
5
21
5
20
5
23
5
21
5
15
5
20
7
6
16
0
3
2
17
23
22
1
8
18
6
9
18
0
6
19
11
23
24
11
0
20
12
24
24
12
0
21
13
13
9
4
22
14
9
1
6
11
23
11
8
5
16
16
24
13
3
17
13
17
7
11
3
3
1
17
19
19
16
14
0
15
1
21
21
22
24
20
22
23
0
5
24
5
6
23
6
23
0
24
22
6
23
22
21
21
23
19
0
19
24
6
4
24
1
24
24
22
24
