20
22
6
8
21
20
22
23
15
22
13
0
13
8
13
8
9
1
23
1
1
1
10
14
2
1
24
2
11
11
3
18
3
12
20
17
4
18
13
4
13
5
14
5
17
15
5
6
22
6
15
24
16
7
6
6
16
16
8
3
17
8
18
9
18
18
18
18
19
10
19
19
10
11
20
23
20
20
11
12
24
21
6
22
23
9
22
13
22
14
13
14
13
23
4
1
14
24
24
24
24
24
16
13
11
7
16
18
18
3
15
5
18
4
18
12
4
20
5
3
23
17
2
23
6
22
23
23
24
18
22
24
20
23
22
24
17
17
24
9
11
24
22
0
24
21
23
23
23
10
24
21
24
19
