11
16
7
6
24
21
6
22
13
9
10
8
0
14
13
11
1
1
9
1
15
10
20
17
2
10
10
2
11
15
11
3
12
22
12
3
4
19
4
4
13
5
21
5
21
6
6
15
19
6
15
20
7
16
7
23
5
22
17
8
17
17
9
9
18
9
19
20
0
5
19
10
10
11
21
20
11
4
5
7
21
11
21
13
12
22
23
22
0
14
14
24
23
15
23
6
15
12
24
12
24
24
9
17
9
11
16
16
17
12
1
12
3
17
19
16
8
16
5
22
23
21
6
24
6
19
23
1
23
22
23
22
23
23
22
23
12
24
6
23
21
23
24
4
24
0
22
24
21
24
17
24
20
24
