6
6
24
21
22
24
13
22
0
19
17
12
23
24
8
0
23
15
1
14
9
9
11
1
2
1
2
12
2
2
3
2
3
3
12
13
4
14
1
13
13
4
5
17
24
14
15
18
6
15
15
19
16
7
24
22
8
7
8
18
17
2
8
9
18
18
20
19
10
19
0
19
10
20
11
20
11
6
11
22
21
22
24
13
22
0
13
22
9
23
14
23
0
23
15
4
2
9
9
24
1
5
1
16
12
2
18
13
18
15
10
11
13
15
0
19
3
4
21
22
20
24
5
0
3
19
23
7
19
24
6
24
22
24
24
24
19
23
20
23
24
20
24
8
23
10
24
22
14
24
20
24
0
23
