20
17
13
6
21
8
8
19
22
15
8
12
8
10
14
24
23
9
1
9
19
9
14
1
2
10
2
2
23
12
3
14
3
2
12
4
4
3
4
13
1
5
0
14
5
21
15
16
6
20
15
16
24
1
7
16
1
17
8
17
18
5
18
9
18
18
23
19
9
10
24
19
11
0
11
20
7
0
11
12
4
21
1
22
13
13
22
8
22
9
23
14
15
23
4
9
9
15
1
24
1
10
10
6
17
6
17
3
8
18
2
12
4
7
3
4
7
6
5
19
24
12
21
24
2
6
21
23
6
24
24
21
23
1
17
23
9
19
24
18
24
21
18
23
19
9
21
23
17
5
23
2
23
7
