22
9
17
21
9
18
9
13
11
13
12
20
8
17
13
19
14
1
1
1
12
10
1
10
2
19
2
2
11
19
3
2
3
3
12
4
24
4
13
3
4
21
5
14
23
23
24
6
15
17
17
16
7
21
16
7
2
6
8
17
4
19
22
9
18
9
23
22
19
10
22
19
23
11
11
20
11
4
24
12
21
24
9
9
13
4
22
13
14
14
9
24
23
5
15
1
1
7
11
24
2
15
16
0
2
8
2
6
15
3
4
12
13
16
4
17
20
21
22
23
18
23
19
24
6
22
24
17
16
23
21
23
23
6
23
20
22
23
10
9
23
7
9
24
21
22
23
22
24
24
23
11
23
10
