12
13
19
8
11
15
18
18
22
7
22
24
23
8
18
12
9
1
15
0
1
14
1
2
2
10
2
17
11
3
3
16
3
16
12
4
4
12
4
13
13
5
5
5
5
5
6
6
6
15
6
4
7
7
3
4
7
20
8
17
24
3
24
7
7
9
22
1
2
9
19
1
11
20
11
1
10
10
5
5
21
11
13
22
5
13
22
7
22
23
23
15
13
23
6
15
5
12
11
24
0
14
3
17
17
11
0
18
8
1
16
17
4
17
19
4
3
1
9
22
24
21
24
2
24
14
23
23
23
23
18
23
6
21
9
23
0
22
18
24
0
24
21
23
4
20
23
19
24
11
23
11
23
20
