12
6
12
11
21
24
10
7
17
8
17
14
13
23
8
14
22
1
23
1
1
1
10
1
2
10
10
2
16
1
3
2
3
12
17
12
4
3
13
4
18
2
5
14
2
5
6
23
6
15
24
6
16
7
1
16
16
23
8
17
5
18
8
9
2
9
18
10
10
24
19
0
10
11
1
20
10
0
10
12
11
21
7
6
11
8
12
22
14
13
23
12
14
23
11
10
1
1
1
24
15
7
10
10
2
17
5
17
3
18
12
10
12
4
19
1
6
6
2
2
23
2
23
21
23
6
24
10
24
21
23
18
23
18
22
24
0
5
23
22
23
2
23
1
24
22
24
14
23
20
23
21
24
24
