7
11
22
24
6
6
13
11
10
0
22
12
14
12
8
11
11
1
0
1
1
9
19
2
2
24
2
1
18
11
12
3
11
11
1
23
4
12
12
3
16
14
5
4
3
14
3
14
15
6
21
15
20
7
23
23
20
17
2
8
17
18
18
23
18
18
1
18
10
0
19
19
10
11
20
11
20
21
11
22
23
6
21
13
9
23
14
22
23
14
9
8
24
23
7
6
1
1
15
16
24
17
13
13
6
17
13
12
10
11
0
15
19
9
17
12
18
5
19
22
21
24
3
3
24
7
24
0
24
21
24
23
23
7
24
17
24
24
24
12
23
18
23
4
24
10
7
24
22
23
11
23
15
9
