5 14 14 14 14 14 14 14 14 14 13 4 5 5 5 7 7 7 7 7 7 13 13 13 13 13 13 13 5 7 16 16 7 7 7 7 7 7 7 7 7 7 7 7 13 13 13 13 13 13 13 13 13 13 13 13 13 13 13 14 14 14 7 7 7 7 7 5 5 5 5 5 5 5 5 14 14 14 14 14
5 14 14 14 14 14 14 14 14 7 8 4 5 5 5 7 7 7 7 7 7 13 13 13 13 13 13 13 5 7 16 16 7 7 7 7 7 7 7 7 7 7 7 7 13 13 13 13 13 13 13 13 13 13 13 13 13 13 13 14 14 14 7 7 7 7 7 5 5 5 5 5 5 5 11 14 14 14 14 14
5 14 14 14 14 14 14 14 14 14 13 4 5 5 5 7 7 7 7 7 7 13 13 13 13 13 13 13 5 7 16 16 7 7 7 7 7 7 7 7 7 7 7 7 13 13 6 13 13 5 13 13 13 13 7 7 7 7 7 7 7 7 7 7 7 7 5 5 5 5 5 5 5 5 5 5 5 13 13 13
5 14 14 14 14 14 14 14 14 14 13 4 5 5 5 7 7 7 7 7 7 13 13 13 13 13 13 13 5 7 16 16 7 7 7 7 7 7 7 7 7 7 7 7 13 13 13 13 13 13 13 13 13 13 13 13 13 13 13 14 14 14 7 7 7 7 7 5 5 5 5 5 5 5 14 14 3 14 14 14
5 14 14 14 14 14 14 14 14 14 13 4 5 5 5 7 7 7 7 7 7 13 13 13 13 13 13 13 5 7 16 16 7 7 7 7 7 7 5 7 13 13 13 13 5 13 13 7 13 13 13 13 13 13 13 13 7 7 7 7 7 7 7 7 7 7 7 7 7 13 13 13 13 13 13 13 13 13 13 13
5 14 14 14 14 14 14 14 14 14 13 4 5 5 5 7 7 7 7 7 7 13 13 13 13 13 13 13 5 7 11 16 7 7 7 7 7 7 7 7 7 7 7 7 13 13 13 13 13 13 13 13 13 13 13 13 13 13 13 14 14 14 7 7 7 7 7 5 5 5 5 5 5 5 11 14 14 14 14 14
5 14 14 14 14 14 14 14 14 14 13 4 5 5 6 13 13 13 11 13 13 13 13 13 13 13 13 13 5 5 5 5 5 5 7 7 7 4 5 13 13 13 13 13 13 13 13 13 13 13 13 13 13 5 7 5 5 16 7 7 7 7 7 5 5 7 7 7 5 5 5 5 5 13 5 7 7 7 7 7
5 14 14 14 14 14 14 14 14 14 13 4 5 5 5 7 7 7 7 7 7 13 13 13 13 13 13 13 5 7 16 16 7 7 7 7 7 7 7 7 7 7 7 7 13 13 13 13 13 13 13 13 13 13 13 13 13 13 13 14 14 14 7 7 7 7 7 5 5 5 5 5 5 3 5 14 14 14 14 14
5 14 14 14 14 14 14 14 14 14 13 4 5 5 5 7 7 7 7 7 7 13 13 13 13 13 13 13 5 7 16 16 7 7 7 7 7 7 7 7 7 7 7 7 13 13 13 13 13 13 13 13 13 13 13 13 13 13 13 14 14 14 7 7 7 7 7 5 5 6 11 5 5 5 5 5 5 5 8 5
5 12 14 14 14 14 14 14 14 14 13 4 5 5 5 7 7 7 7 7 7 13 13 13 13 13 13 13 5 7 16 16 6 14 14 14 14 14 14 14 14 14 13 13 13 13 13 13 13 13 13 13 13 13 13 13 13 13 7 7 7 7 7 7 7 7 7 7 7 5 5 5 11 13 11 11 11 11 11 13
