# Results obtained using DQN. CPU time: 21.349502563476562
0.00676340  72.00000000  0.00365204  80.00000000  1930.30325827  0.00000000
0.00210230  70.00000000  0.00104362  80.00000000  1873.85445254  0.00000000
0.00043043  74.00000000  0.00034769  80.00000000  2134.93665643  0.00000000
0.00096182  74.00000000  0.00073037  80.00000000  1494.51626129  0.00000000
0.00025002  75.00000000  0.00023938  80.00000000  2029.51374184  0.00000000
0.00073113  70.00000000  0.00051126  80.00000000  2605.76731536  0.00000000
0.00004110  68.00000000  0.00001126  80.00000000  1766.72927236  0.70515104
0.01673667  78.00000000  0.01673667  80.00000000  2708.99598899  0.99000000
0.03115138  78.00000000  0.03115138  80.00000000  2709.00353309  0.99000000
0.01895898  78.00000000  0.01895898  80.00000000  2708.99728107  0.99000000
0.01895898  78.00000000  0.01895898  80.00000000  2708.99728107  0.99000000
0.01895890  78.00000000  0.01895890  80.00000000  2708.99716536  0.99000000
0.00373655  78.00000000  0.00373655  80.00000000  2709.16964948  0.99000000
0.02445491  78.00000000  0.02445491  80.00000000  2708.68954742  0.99000000
0.01895898  78.00000000  0.01895898  80.00000000  2708.99728107  0.99000000
0.00675454  55.00000000  0.00456324  80.00000000  2709.15418318  0.99000000
0.01895898  78.00000000  0.01895898  80.00000000  2708.99728107  0.99000000
0.01895898  78.00000000  0.01895898  80.00000000  2708.99728107  0.99000000
0.00114554  78.00000000  0.00114554  80.00000000  2720.46725237  0.99000000
0.00130060  50.00000000  0.00103599  80.00000000  2708.73064284  0.99000000
0.01895898  78.00000000  0.01895898  80.00000000  2708.99728107  0.99000000
0.01085763  55.00000000  0.00192112  80.00000000  2727.41329500  0.99000000
0.01895898  78.00000000  0.01895898  80.00000000  2708.99728107  0.99000000
0.01895898  78.00000000  0.01895898  80.00000000  2708.99728107  0.99000000
0.01638470  55.00000000  0.00285747  80.00000000  2673.36649254  0.99000000
0.01895898  78.00000000  0.01895898  80.00000000  2708.99728107  0.99000000
0.01895898  78.00000000  0.01895898  80.00000000  2708.99728107  0.99000000
0.02026700  78.00000000  0.02026700  80.00000000  2709.01202265  0.99000000
0.01441546  78.00000000  0.01441546  80.00000000  2708.99380206  0.99000000
0.01895898  78.00000000  0.01895898  80.00000000  2708.99728107  0.99000000
0.00358520  60.00000000  0.00127116  80.00000000  2709.45610321  0.99000000
0.00524394  54.00000000  0.00392111  80.00000000  2708.98976769  0.99000000
0.02390926  78.00000000  0.02390926  80.00000000  2709.00086998  0.99000000
0.00260796  52.00000000  0.00141355  80.00000000  2708.93699059  0.99000000
0.01377289  72.00000000  0.00995855  80.00000000  2462.39066134  0.99000000
0.00476934  53.00000000  0.00071516  80.00000000  2708.98885217  0.99000000
0.02259104  78.00000000  0.02259104  80.00000000  2706.19795662  0.99000000
0.01008898  58.00000000  0.00085655  80.00000000  2689.92332948  0.99000000
0.03532738  78.00000000  0.03532738  80.00000000  2709.04269098  0.99000000
0.01937824  78.00000000  0.01937824  80.00000000  2708.99745263  0.99000000
0.01895898  78.00000000  0.01895898  80.00000000  2708.99728107  0.99000000
0.00736698  54.00000000  0.00406811  80.00000000  2247.47324153  0.99000000
0.01068739  54.00000000  0.00319757  80.00000000  2728.11244877  0.99000000
0.02787800  78.00000000  0.02787800  80.00000000  2715.16190112  0.99000000
0.01895898  78.00000000  0.01895898  80.00000000  2708.99728107  0.99000000
0.01895898  78.00000000  0.01895898  80.00000000  2708.99728107  0.99000000
0.01439994  75.00000000  0.01229213  80.00000000  2709.00455744  0.99000000
0.01895898  78.00000000  0.01895898  80.00000000  2708.99728107  0.99000000
0.00541568  55.00000000  0.00322665  80.00000000  2708.99076048  0.99000000
0.11938472  74.00000000  0.08727836  80.00000000  2693.30965612  0.99000000
0.01895898  78.00000000  0.01895898  80.00000000  2708.99728107  0.99000000
0.01404375  78.00000000  0.01404375  80.00000000  2707.61868063  0.99000000
0.02390926  78.00000000  0.02390926  80.00000000  2709.00068435  0.99000000
0.01895898  78.00000000  0.01895898  80.00000000  2708.99728107  0.99000000
0.00869815  78.00000000  0.00869815  80.00000000  2708.99081465  0.99000000
0.01007442  78.00000000  0.01007442  80.00000000  2686.55646826  0.99000000
0.01895898  78.00000000  0.01895898  80.00000000  2708.99728107  0.99000000
0.00431180  53.00000000  0.00240732  80.00000000  2709.01626524  0.99000000
0.00524394  54.00000000  0.00078612  80.00000000  2708.98946698  0.99000000
0.01895898  78.00000000  0.01895898  80.00000000  2708.99728107  0.99000000
0.00524394  54.00000000  0.00124975  80.00000000  2708.98967980  0.99000000
0.00997618  53.00000000  0.00588220  80.00000000  2727.40763981  0.99000000
0.00211939  78.00000000  0.00211939  80.00000000  2717.12600971  0.99000000
0.01895898  78.00000000  0.01895898  80.00000000  2708.99728107  0.99000000
0.01756161  71.00000000  0.00652421  80.00000000  2760.53421741  0.99000000
0.12072816  76.00000000  0.11457690  80.00000000  2751.87869050  0.99000000
0.00699167  57.00000000  0.00138516  80.00000000  2711.07432824  0.99000000
0.00524394  54.00000000  0.00264510  80.00000000  2708.98981401  0.99000000
0.00499990  53.00000000  0.00165667  80.00000000  2708.82742376  0.99000000
0.00265690  54.00000000  0.00086994  80.00000000  2694.09293038  0.99000000
0.00524342  54.00000000  0.00250730  80.00000000  2708.98958067  0.99000000
0.01895898  78.00000000  0.01895898  80.00000000  2708.99728107  0.99000000
0.00472249  53.00000000  0.00438595  80.00000000  2708.98946778  0.99000000
0.01895898  78.00000000  0.01895898  80.00000000  2708.99728107  0.99000000
0.00522394  54.00000000  0.00132581  80.00000000  2717.88868517  0.99000000
0.01895898  78.00000000  0.01895898  80.00000000  2708.99728107  0.99000000
0.01621515  78.00000000  0.01621515  80.00000000  2548.37321352  0.99000000
0.01895898  78.00000000  0.01895898  80.00000000  2708.99728107  0.99000000
0.01895898  78.00000000  0.01895898  80.00000000  2708.99728107  0.99000000
0.01445611  78.00000000  0.01445611  80.00000000  2708.99389510  0.99000000
0.00289251  53.00000000  0.00011679  80.00000000  2700.63943372  0.99000000
0.00736948  78.00000000  0.00736948  80.00000000  2708.98837498  0.99000000
0.00308115  52.00000000  0.00084412  80.00000000  2726.83734118  0.99000000
0.00242328  75.00000000  0.00229644  80.00000000  2709.50154668  0.99000000
0.01636230  78.00000000  0.01636230  80.00000000  2709.89777115  0.99000000
0.01895898  78.00000000  0.01895898  80.00000000  2708.99728107  0.99000000
0.00534234  54.00000000  0.00065187  80.00000000  2708.98984509  0.99000000
0.00520909  56.00000000  0.00443880  80.00000000  2692.24146428  0.99000000
0.00149969  76.00000000  0.00132183  80.00000000  2743.76954334  0.99000000
0.00326773  75.00000000  0.00291195  80.00000000  2706.11030597  0.99000000
0.01895898  78.00000000  0.01895898  80.00000000  2708.99728107  0.99000000
0.01895898  78.00000000  0.01895898  80.00000000  2708.99728107  0.99000000
0.01112399  78.00000000  0.01112399  80.00000000  2708.99196170  0.99000000
0.01240646  56.00000000  0.00173372  80.00000000  2698.99212814  0.99000000
0.01895898  78.00000000  0.01895898  80.00000000  2708.99728107  0.99000000
0.01895898  78.00000000  0.01895898  80.00000000  2708.99728107  0.99000000
0.00828391  78.00000000  0.00828391  80.00000000  2687.58354651  0.99000000
0.01895898  78.00000000  0.01895898  80.00000000  2708.99728107  0.99000000
0.01523316  78.00000000  0.01523316  80.00000000  2708.99475534  0.99000000
0.00273428  52.00000000  0.00143324  80.00000000  2709.35998295  0.99000000
0.01895898  78.00000000  0.01895898  80.00000000  2708.99728107  0.99000000
