30
13
17
13
35
29
33
7
18
0
36
8
33
35
18
13
16
14
27
16
15
1
0
11
0
22
24
2
12
2
23
0
36
19
3
28
26
3
31
24
33
4
26
4
14
4
28
5
24
27
5
28
36
0
2
31
6
23
25
17
2
7
0
18
31
8
33
8
18
18
5
29
19
9
19
3
20
10
20
5
10
2
21
22
11
27
7
6
23
22
12
3
29
28
13
13
5
4
13
24
14
14
14
35
2
15
31
4
15
2
26
16
16
2
16
8
34
4
17
17
28
36
5
28
29
18
29
12
29
1
7
35
30
13
20
13
31
20
15
5
12
0
36
15
32
33
14
22
2
14
3
9
15
1
34
11
0
3
24
2
35
25
10
0
36
19
2
20
26
6
17
3
19
9
0
13
8
4
28
5
19
11
5
27
8
29
4
9
26
14
8
25
15
10
35
34
32
8
33
36
18
24
31
21
20
31
34
3
35
1
20
26
35
24
6
3
35
31
7
3
35
22
21
3
35
28
32
36
33
1
35
14
11
36
11
31
2
35
4
34
28
36
4
36
11
35
33
8
34
35
17
3
28
36
30
28
0
35
11
12
26
13
35
18
