24
8
11
34
21
30
10
21
35
36
36
12
19
21
32
33
36
20
1
1
23
10
1
19
19
20
31
2
30
2
1
28
19
2
3
13
3
1
19
27
4
13
4
1
0
22
3
1
5
23
15
23
15
6
29
34
6
24
7
7
1
30
5
7
28
29
18
8
31
33
9
25
6
9
19
19
1
6
20
0
20
10
3
11
8
27
28
22
35
6
12
34
1
29
35
9
6
33
13
24
35
14
24
1
15
15
35
3
25
25
32
1
16
2
1
35
0
27
17
4
17
12
0
28
18
11
11
8
29
4
5
5
10
35
12
20
11
30
30
21
13
11
14
12
16
21
32
33
36
8
22
3
23
0
7
24
11
24
13
17
17
6
6
35
13
16
2
36
16
26
2
15
4
8
4
19
0
19
26
0
25
16
24
23
5
16
29
5
10
28
31
23
4
17
30
14
32
35
34
23
2
33
36
24
33
16
23
10
35
34
36
5
34
14
35
5
30
21
35
5
35
7
36
34
1
29
35
0
6
33
36
8
31
14
35
27
27
14
35
12
4
1
35
1
2
35
28
35
2
35
0
11
35
12
7
25
31
35
11
6
29
35
11
6
