8
22
30
8
10
20
21
18
31
8
14
32
35
16
25
27
36
16
32
31
0
1
33
0
11
34
11
2
2
11
2
0
36
29
3
23
3
19
22
25
4
26
4
34
26
22
21
14
5
14
1
25
24
28
30
16
6
32
16
7
17
7
30
17
8
34
8
28
1
25
19
5
33
36
9
35
20
4
10
20
5
32
31
4
35
11
1
27
22
1
12
28
7
34
13
23
13
0
3
24
2
24
24
14
5
9
6
25
30
31
30
36
26
16
26
11
5
27
6
5
32
17
7
28
34
18
13
34
5
19
29
0
7
7
30
20
11
10
8
20
31
36
19
19
16
22
21
32
36
32
8
18
18
6
33
23
33
34
11
2
3
35
34
25
13
4
19
12
0
35
19
14
4
26
36
16
21
36
21
22
14
14
25
26
24
27
30
0
17
30
29
23
20
0
22
17
20
31
35
6
36
33
35
33
24
36
8
36
36
25
33
35
34
36
4
4
35
2
1
22
34
36
33
34
7
35
13
36
35
33
35
16
2
20
35
33
32
9
35
17
10
35
14
35
21
36
26
11
15
27
35
5
32
16
6
25
35
15
13
36
5
35
12
36
