13
6
20
11
13
21
16
24
10
30
14
26
7
7
17
32
24
24
18
36
1
17
23
33
23
18
0
1
2
17
12
27
20
28
24
12
3
33
0
13
13
4
21
4
2
14
29
21
2
24
5
26
15
28
2
6
28
31
3
31
3
35
4
7
18
8
0
8
18
35
26
36
9
19
25
19
32
20
10
27
29
6
11
21
11
29
34
0
33
22
12
31
35
29
4
23
33
8
13
4
1
8
24
14
36
15
15
25
15
7
9
36
26
16
10
26
17
17
32
27
27
9
28
35
18
28
1
18
3
29
19
4
1
6
20
14
13
30
8
1
10
31
6
8
22
7
1
32
22
8
11
36
33
17
23
33
8
18
0
24
34
18
12
7
4
36
35
19
6
11
26
13
13
22
21
8
18
23
12
21
20
16
15
26
15
19
10
25
28
31
15
30
32
1
4
5
23
34
0
8
20
36
14
19
8
16
30
35
32
36
18
25
23
29
35
28
21
31
33
8
36
34
12
28
35
31
32
35
11
13
35
9
14
36
24
35
36
35
33
35
15
35
34
36
31
32
8
35
15
2
35
35
36
35
28
35
18
29
35
18
14
10
35
3
