36
12
11
14
19
8
31
13
31
33
14
11
17
16
27
32
19
36
22
1
19
1
19
11
1
35
0
2
16
2
25
11
16
2
20
3
13
21
13
33
23
27
4
1
20
21
15
5
22
31
5
29
2
2
16
3
6
16
7
33
25
7
4
17
25
8
8
18
4
8
30
19
6
9
19
3
2
35
20
10
6
33
5
3
35
21
11
22
1
12
5
23
12
4
13
4
23
23
13
24
14
36
14
25
25
3
25
15
4
7
10
10
26
16
5
36
27
5
17
27
12
36
2
36
28
12
2
18
9
10
29
19
9
11
30
14
30
8
0
20
31
9
11
21
36
13
22
32
7
23
16
1
14
23
33
18
24
2
15
24
19
19
25
2
5
2
35
36
19
26
13
10
23
22
19
25
7
21
12
22
28
29
19
29
2
2
3
27
30
11
1
22
0
32
17
17
17
34
8
18
36
8
30
22
31
33
35
12
36
35
20
36
31
33
35
29
28
35
11
32
26
35
22
31
36
34
3
35
23
29
0
9
34
36
5
25
25
32
35
27
35
7
36
31
11
35
34
15
36
5
21
35
14
36
14
36
28
31
36
26
9
36
8
10
