21
20
15
19
21
8
21
12
31
19
24
36
18
9
24
32
36
32
33
1
20
1
10
10
25
21
36
2
11
34
2
12
1
35
3
3
36
3
20
32
22
26
4
26
18
27
1
5
1
5
25
27
15
28
6
19
16
3
3
29
7
17
18
2
3
8
0
27
8
18
29
4
9
29
9
9
20
31
34
30
20
5
11
31
11
21
22
11
1
22
12
22
27
27
33
1
33
3
1
13
36
8
14
24
24
25
32
36
25
4
7
34
6
5
16
7
27
32
17
35
34
17
30
18
28
9
32
7
29
4
4
3
29
1
8
19
21
8
21
31
11
0
31
36
9
16
10
32
36
32
0
36
11
15
33
34
25
13
25
6
10
34
35
35
16
35
19
36
35
3
12
0
36
26
21
36
23
16
5
22
1
26
25
12
16
16
3
15
12
30
3
12
18
14
30
7
23
3
34
35
33
6
7
30
36
33
9
32
29
11
34
36
34
28
35
35
14
36
22
34
35
0
0
36
12
36
33
0
35
34
25
8
36
4
14
35
19
30
35
30
11
4
3
35
3
32
11
35
14
35
25
35
5
35
30
22
5
35
10
25
29
7
33
35
