30
35
19
8
16
17
7
11
12
11
7
32
12
32
13
19
8
8
19
1
1
23
1
10
0
10
31
2
2
2
25
11
25
28
3
2
22
20
3
28
4
26
4
20
32
26
31
5
24
5
2
15
22
6
6
16
6
22
23
7
1
7
30
3
30
8
18
8
4
33
33
24
19
9
2
36
36
20
31
36
30
10
11
5
11
6
36
22
4
12
33
22
4
28
12
29
13
23
23
5
30
14
31
34
5
10
15
25
15
30
30
8
16
31
10
0
6
11
10
27
8
27
18
0
28
18
5
13
19
29
11
34
13
30
19
35
6
7
7
14
21
31
7
5
9
32
15
13
36
32
9
33
4
23
0
33
4
10
24
2
34
2
16
15
25
35
3
2
20
20
19
10
36
8
4
20
14
16
12
28
29
5
29
6
6
6
20
16
6
24
5
17
24
4
30
3
30
27
34
8
33
36
33
24
19
17
31
36
34
36
36
36
35
21
36
32
11
28
35
25
32
34
36
2
35
21
35
34
13
36
23
36
30
36
31
35
35
33
36
24
15
4
35
8
16
2
35
0
6
35
10
23
35
0
27
0
36
21
13
35
36
29
36
20
