10
12
34
30
36
25
29
36
32
31
35
31
8
36
14
0
33
18
13
33
33
1
23
30
24
11
2
2
24
12
2
34
19
12
3
30
3
21
18
31
36
22
4
14
26
28
27
14
14
5
0
28
21
1
16
26
6
29
30
17
24
7
1
17
18
18
8
24
31
5
19
2
24
19
9
20
10
29
10
29
25
21
34
6
11
21
36
27
26
29
12
22
13
13
32
4
32
13
34
30
24
9
14
34
25
1
15
30
15
6
15
1
26
27
16
1
7
11
4
17
18
18
28
0
28
18
4
3
9
29
9
5
19
2
34
30
14
20
6
9
10
31
7
11
8
36
11
22
32
3
13
6
33
2
11
33
8
12
2
34
24
12
34
34
35
25
26
6
35
13
26
19
36
27
4
6
36
28
7
14
14
1
22
28
29
1
5
13
13
8
17
17
30
7
21
12
25
26
36
24
19
36
19
29
28
35
32
30
16
35
10
32
34
11
36
26
32
35
5
35
26
36
4
36
13
10
36
10
32
36
34
30
36
9
10
0
35
1
16
30
15
35
5
7
14
36
34
7
7
31
35
32
15
34
17
4
36
11
7
3
35
34
8
35
