35
9
32
7
7
15
29
18
24
16
8
25
21
36
13
23
27
15
23
23
10
1
33
19
28
21
33
11
36
2
33
12
12
12
20
3
34
0
34
35
19
4
14
21
4
1
34
5
23
5
21
35
15
0
6
16
1
6
25
7
7
7
7
7
8
8
18
3
8
30
33
9
27
9
26
4
0
20
0
10
1
0
26
11
5
31
2
28
12
35
22
12
22
6
34
23
13
29
13
3
14
14
24
14
3
30
34
30
32
16
16
26
15
3
5
0
16
4
27
17
17
2
28
33
36
18
5
36
29
2
10
14
35
20
30
7
20
15
7
36
36
4
31
15
21
36
13
32
12
15
23
23
10
9
33
4
23
18
13
11
12
34
8
25
11
25
35
35
35
0
0
27
19
36
0
21
27
1
20
5
23
11
21
10
6
6
6
17
18
29
25
11
30
7
7
7
0
31
21
35
12
30
33
35
27
34
26
36
25
30
0
35
1
33
0
35
31
9
0
35
26
35
19
34
25
35
33
30
3
33
36
14
14
14
35
14
11
35
33
36
12
36
21
35
34
36
5
12
21
35
18
17
33
36
28
5
36
11
34
36
2
35
36
5
