18
20
8
15
0
8
29
7
31
15
23
8
15
11
25
14
17
33
28
16
15
1
28
24
10
35
24
21
2
30
12
32
16
2
18
3
32
16
35
18
30
33
4
19
35
0
26
21
35
5
15
28
6
0
6
31
26
0
31
2
0
31
7
1
28
18
2
8
28
3
9
9
25
19
0
6
29
5
20
6
34
34
11
11
27
11
10
22
12
27
12
23
7
8
36
23
5
13
33
30
33
24
8
15
15
14
34
30
30
26
15
16
6
5
16
32
2
27
10
17
34
34
8
8
28
8
33
10
18
10
29
8
30
20
34
14
30
8
20
21
31
21
31
36
15
14
32
12
11
7
9
36
15
33
12
24
10
17
24
34
12
11
12
25
16
9
2
15
35
16
35
14
0
36
15
19
14
19
4
27
10
5
15
9
6
19
23
6
19
29
3
25
0
31
28
10
27
30
35
31
24
35
33
35
35
34
35
15
35
33
36
32
36
14
36
32
32
33
35
7
29
36
12
35
33
27
36
32
7
13
29
35
19
34
29
35
5
14
35
27
12
26
36
16
30
5
35
6
8
1
35
9
34
34
9
35
34
36
29
35
18
14
35
8
