19
18
17
7
7
28
20
24
17
20
22
17
22
19
12
13
16
15
36
18
1
0
1
17
11
24
15
2
21
28
2
0
31
12
12
3
30
22
20
13
4
23
35
27
4
1
20
24
5
15
27
28
0
6
23
27
24
16
17
29
7
32
17
33
35
8
25
18
28
30
9
4
19
9
2
0
32
0
10
25
21
3
21
11
30
26
32
0
31
29
12
32
1
7
36
13
24
0
36
31
14
1
25
29
5
15
26
35
3
1
33
26
30
30
16
30
17
33
17
17
17
28
2
28
18
13
2
8
6
30
19
11
3
20
7
5
20
0
32
20
22
20
22
22
10
11
16
8
34
0
1
35
24
35
11
24
18
2
35
9
36
16
36
12
12
26
18
3
20
26
2
3
7
18
13
1
18
16
16
15
12
28
15
6
3
24
36
16
5
29
24
35
33
23
33
33
6
33
35
16
9
35
24
35
35
25
24
1
29
35
35
34
29
11
36
36
34
36
31
36
12
36
36
33
36
23
36
36
36
31
35
35
33
33
35
15
35
35
32
36
36
35
33
35
35
29
22
33
31
35
34
28
15
28
35
13
35
5
8
30
33
