5
18
12
9
8
24
21
22
13
7
22
16
23
23
17
13
1
1
9
1
10
24
11
24
2
19
1
20
11
3
0
3
1
18
1
4
13
4
13
13
5
24
5
1
2
24
6
2
15
6
15
7
16
24
16
7
8
17
8
17
22
9
2
18
3
0
1
24
22
19
7
11
10
0
20
5
5
12
21
12
24
24
7
13
24
22
2
9
14
24
23
15
1
15
1
10
24
3
24
12
16
6
6
12
3
15
3
8
18
1
4
7
4
16
20
19
24
24
19
20
24
21
2
24
6
24
21
24
24
24
24
8
24
22
24
22
24
23
23
1
23
1
23
22
23
23
23
23
23
23
18
