20
15
11
6
21
16
21
10
14
7
24
8
14
14
20
8
1
24
1
16
14
24
10
15
2
11
21
11
0
3
16
3
1
12
2
1
4
13
1
0
13
1
5
15
22
3
6
23
6
15
16
0
7
0
16
17
21
8
4
17
2
22
9
19
18
24
24
19
1
19
24
20
11
20
4
20
0
11
12
21
2
21
8
13
22
24
22
14
14
24
14
23
3
3
12
11
24
16
24
24
5
4
17
6
3
16
15
14
12
11
19
4
9
20
14
13
1
23
22
23
19
22
23
19
23
23
21
23
20
23
23
23
23
23
22
23
9
22
23
5
23
24
24
24
19
24
3
21
24
0
19
