11
6
6
21
24
11
21
17
14
22
7
8
11
14
13
14
1
23
1
15
15
9
10
17
2
17
23
17
11
3
1
3
19
12
12
12
4
0
3
13
5
13
5
15
14
14
22
6
15
2
1
1
7
16
17
7
4
8
6
21
17
9
18
9
4
7
1
19
10
5
19
20
20
2
20
11
12
12
21
13
13
21
5
13
22
22
22
12
12
13
11
15
23
7
15
13
12
10
24
2
17
14
2
17
3
10
16
10
18
13
12
4
13
18
6
20
11
23
23
18
23
22
4
23
22
4
23
22
24
14
24
20
8
24
17
24
23
11
23
22
22
23
22
0
23
20
22
23
5
7
23
