9
24
11
21
21
24
7
13
12
22
24
11
8
15
9
9
9
1
18
17
1
14
10
1
2
1
16
11
24
18
3
16
12
1
1
4
13
4
13
17
5
5
5
14
23
5
6
15
22
15
21
7
16
7
21
17
8
17
8
17
17
24
9
18
18
2
19
10
5
19
19
11
20
11
20
5
24
24
0
21
3
4
13
12
22
24
22
24
6
1
23
9
14
15
4
24
24
24
24
12
4
16
15
14
15
13
18
17
18
14
12
2
4
7
14
5
11
23
14
23
21
24
11
24
21
0
24
20
23
23
17
24
17
24
8
24
24
22
23
23
23
23
24
24
24
19
24
8
24
23
23
