20
18
11
11
12
21
10
13
10
7
10
8
16
14
8
9
1
1
20
1
10
1
1
2
18
2
16
1
17
3
12
3
0
15
12
4
4
3
4
3
15
5
14
15
22
14
6
22
15
6
17
22
7
16
24
2
8
3
17
0
17
18
9
18
9
18
2
10
5
19
9
0
0
11
24
20
1
11
21
12
21
21
13
1
5
3
22
14
1
14
1
23
14
23
24
24
1
24
16
24
2
9
1
9
3
0
16
1
16
0
15
15
16
4
3
5
5
22
23
22
23
14
3
23
6
17
23
7
16
24
16
21
24
21
17
24
22
19
24
3
21
24
10
24
22
24
21
24
24
24
24
