19
14
16
6
21
5
21
11
13
24
18
22
0
14
24
9
1
1
14
9
1
13
24
2
0
2
22
18
11
23
3
11
20
12
19
4
12
4
13
1
5
13
5
2
2
6
6
2
2
15
7
7
24
7
23
16
3
8
23
3
23
17
9
23
18
9
18
19
23
6
19
4
11
11
20
24
0
12
24
21
11
21
4
13
0
4
22
24
9
24
9
24
23
4
23
1
8
24
17
24
24
17
12
15
18
3
14
16
11
19
9
17
18
13
1
20
4
0
5
23
16
23
22
24
2
24
0
24
24
23
23
23
23
23
23
23
23
23
23
18
23
22
1
23
6
4
23
15
22
23
5
