20
11
6
24
21
13
21
7
9
24
12
22
7
24
13
8
1
1
8
1
19
15
15
24
2
15
11
1
24
11
3
0
18
12
15
12
4
13
1
13
13
14
5
23
18
14
24
6
2
23
16
7
1
16
19
6
8
7
20
17
22
9
6
18
9
18
10
24
10
19
1
19
20
2
24
20
11
12
2
21
13
21
1
13
5
7
22
14
6
4
24
23
15
23
12
24
11
24
10
24
13
10
1
4
2
18
0
18
16
15
12
3
19
12
13
13
20
5
23
23
23
23
11
23
23
22
24
1
20
24
6
7
24
19
19
24
9
6
24
24
23
23
24
24
22
24
24
8
24
24
3
