20
6
17
21
6
21
7
13
13
13
22
22
14
9
9
0
19
9
1
16
14
10
24
2
10
2
0
16
11
18
3
12
12
14
14
18
4
13
0
22
13
5
1
19
21
1
6
15
21
21
16
20
7
16
16
22
24
8
17
8
9
18
9
18
18
18
19
4
10
3
19
10
3
11
20
2
6
12
21
21
21
12
13
13
22
13
22
14
9
9
0
23
15
0
6
4
2
24
15
24
2
7
0
11
3
3
3
3
0
4
12
4
13
4
14
13
11
1
23
21
23
24
21
24
21
24
24
24
22
23
23
12
23
14
22
23
18
2
23
23
23
23
24
10
24
19
24
23
23
20
24
