20
8
0
7
6
15
6
13
23
21
22
24
22
17
15
0
9
1
16
1
10
1
0
2
10
2
22
0
11
3
18
3
12
12
12
4
13
4
0
2
13
5
21
21
14
15
6
22
24
15
23
7
23
23
16
17
7
8
24
17
22
24
9
18
19
19
4
19
10
24
19
10
7
11
24
20
11
4
12
0
21
6
13
6
13
22
9
22
9
23
23
15
23
4
1
0
1
16
24
14
24
4
14
0
2
12
3
2
12
15
13
13
17
0
20
17
16
2
23
23
23
23
22
24
24
23
23
23
23
23
23
7
24
7
24
9
21
23
23
24
6
23
23
10
24
21
24
20
21
24
3
