24
8
5
6
0
21
6
24
0
0
7
22
8
23
14
22
1
1
9
9
1
9
10
2
11
2
21
17
12
11
3
12
14
12
14
4
20
4
22
14
5
18
5
14
23
14
5
6
1
1
5
7
24
7
16
21
16
8
17
17
17
7
4
18
18
18
10
9
8
19
3
4
1
2
20
24
12
11
24
3
21
6
24
13
10
24
22
3
4
14
23
5
10
23
15
1
9
11
24
15
24
3
17
15
11
10
18
14
15
17
4
4
4
11
14
9
20
12
21
23
14
23
24
23
23
20
10
23
16
23
24
23
23
23
5
23
16
21
23
18
24
24
23
22
23
3
23
23
23
23
14
