# Results obtained using DQN. CPU time: 14.303709030151367
0.00375480  51.00000000  0.00258179  60.00000000  2253.70309833  0.00000000
0.00358502  58.00000000  0.00358502  60.00000000  2385.82822615  0.00000000
0.00024802  58.00000000  0.00024802  60.00000000  1267.30152018  0.00000000
0.00731204  57.00000000  0.00718478  60.00000000  2670.21338458  0.00000000
0.00078201  53.00000000  0.00036686  60.00000000  1315.17183260  0.00000000
0.00125459  54.00000000  0.00016061  60.00000000  1165.08076511  0.00000000
0.00578644  57.00000000  0.00559425  60.00000000  1722.34016331  0.00000000
0.00125162  49.00000000  0.00051878  60.00000000  2299.13611525  0.00000000
0.00337515  48.00000000  0.00196940  60.00000000  2274.95033293  0.00041776
0.00136538  52.00000000  0.00010503  60.00000000  1432.12277206  0.00113392
0.00288230  52.00000000  0.00180623  60.00000000  1493.63800096  0.00185008
0.00212860  51.00000000  0.00185344  60.00000000  1544.99278565  0.00256625
0.00296561  58.00000000  0.00296561  60.00000000  2244.63642711  0.00328241
0.00391256  58.00000000  0.00391256  60.00000000  1144.41375218  0.00399857
0.00063589  57.00000000  0.00056170  60.00000000  1138.55776263  0.00471473
0.00023464  55.00000000  0.00013327  60.00000000  1424.78953143  0.00543089
0.00240573  51.00000000  0.00069588  60.00000000  1606.23351510  0.00614705
0.00077105  58.00000000  0.00077105  60.00000000  1527.82160096  0.00686322
0.03191688  56.00000000  0.02680618  60.00000000  2062.24018811  0.00757938
0.00009747  54.00000000  0.00000663  60.00000000  1453.35829314  0.00829554
0.00021820  58.00000000  0.00021820  60.00000000  1795.03542418  0.00901170
0.00703140  50.00000000  0.00477513  60.00000000  1799.54754286  0.00972786
0.00034123  58.00000000  0.00034123  60.00000000  1179.76946563  0.01044402
0.00008179  46.00000000  0.00005860  60.00000000  1451.16319990  0.01116019
0.00690160  58.00000000  0.00690160  60.00000000  1315.12293617  0.01187635
0.00032889  48.00000000  0.00000191  60.00000000  1532.68782953  0.01259251
0.00007900  58.00000000  0.00007900  60.00000000  1570.19553870  0.01330867
0.01088460  58.00000000  0.01088460  60.00000000  1636.62427769  0.01402483
0.00052416  51.00000000  0.00023047  60.00000000  1551.96281387  0.01474099
0.00033360  50.00000000  0.00011646  60.00000000  1426.31453772  0.01545716
0.00057075  58.00000000  0.00057075  60.00000000  1457.50456839  0.01617332
0.00194134  58.00000000  0.00194134  60.00000000  1385.29152308  0.01688948
0.00089645  48.00000000  0.00057566  60.00000000  2091.29021903  0.01760564
0.00214771  40.00000000  0.00052926  60.00000000  1653.86058836  0.01832180
0.00035730  55.00000000  0.00032119  60.00000000  1351.85466846  0.01903796
0.00069153  50.00000000  0.00005107  60.00000000  1427.49861691  0.01975413
0.00169599  56.00000000  0.00108874  60.00000000  1952.01904477  0.02047029
0.00031972  43.00000000  0.00029581  60.00000000  1646.93662132  0.02118645
0.00099372  58.00000000  0.00099372  60.00000000  1473.70817527  0.02190261
0.00764386  58.00000000  0.00764386  60.00000000  1917.87681964  0.02261877
0.00611464  54.00000000  0.00523363  60.00000000  1509.67265292  0.02333493
0.00007669  56.00000000  0.00005697  60.00000000  1377.61106913  0.02405110
0.00092523  56.00000000  0.00058950  60.00000000  1700.34587216  0.02476726
0.00143420  53.00000000  0.00008937  60.00000000  1370.24275783  0.02548342
0.00785868  58.00000000  0.00785868  60.00000000  1724.81916148  0.02619958
0.00124853  58.00000000  0.00124853  60.00000000  1456.36998644  0.02691574
0.00022013  58.00000000  0.00022013  60.00000000  1762.47357413  0.02763190
0.00293942  58.00000000  0.00293942  60.00000000  1782.84512518  0.02834807
0.02225943  58.00000000  0.02225943  60.00000000  1310.94980265  0.02906423
0.00425779  56.00000000  0.00374337  60.00000000  1349.61366108  0.02978039
0.00004958  50.00000000  0.00002998  60.00000000  1301.35430226  0.03049655
0.00146288  53.00000000  0.00017966  60.00000000  1757.33901470  0.03121271
0.00050959  42.00000000  0.00010272  60.00000000  1610.95500247  0.03192887
0.00297954  58.00000000  0.00297954  60.00000000  1288.41570657  0.03264504
0.00262822  58.00000000  0.00262822  60.00000000  1209.53581821  0.03336120
0.02017527  58.00000000  0.02017527  60.00000000  1469.66037202  0.03407736
0.00098427  51.00000000  0.00028064  60.00000000  1277.18959684  0.03479352
0.00029870  58.00000000  0.00029870  60.00000000  1511.84547941  0.03550968
0.00296382  58.00000000  0.00296382  60.00000000  1409.48719513  0.03622584
0.01966197  58.00000000  0.01966197  60.00000000  1799.41972368  0.03694201
0.00793464  55.00000000  0.00432941  60.00000000  1867.55954066  0.03765817
0.00055173  51.00000000  0.00048835  60.00000000  1271.24042742  0.03837433
0.01288071  58.00000000  0.01288071  60.00000000  1758.29758753  0.03909049
0.00557172  45.00000000  0.00075309  60.00000000  1845.82007961  0.03980665
0.00217994  58.00000000  0.00217994  60.00000000  1756.01807917  0.04052281
0.00145706  54.00000000  0.00088839  60.00000000  1220.17930030  0.04123898
0.00183035  56.00000000  0.00145918  60.00000000  1776.73124736  0.04195514
0.05058046  58.00000000  0.05058046  60.00000000  2943.53479590  0.04267130
0.00031897  58.00000000  0.00031897  60.00000000  1487.97743248  0.04338746
0.00455250  58.00000000  0.00455250  60.00000000  1447.57742454  0.04410362
0.00070396  41.00000000  0.00030187  60.00000000  1655.44603201  0.04481978
0.00784579  58.00000000  0.00784579  60.00000000  1791.71928678  0.04553595
0.00111270  58.00000000  0.00111270  60.00000000  1915.76326280  0.04625211
0.00235634  58.00000000  0.00235634  60.00000000  1488.97237082  0.04696827
0.00000857  44.00000000  0.00000039  60.00000000  1069.63566554  0.04768443
0.00025462  58.00000000  0.00025462  60.00000000  2049.39547380  0.04840059
0.00110370  58.00000000  0.00110370  60.00000000  2213.20822023  0.04911675
0.00516372  49.00000000  0.00463692  60.00000000  2130.07162067  0.04983292
0.00246356  58.00000000  0.00246356  60.00000000  2284.49198117  0.05054908
0.00005454  52.00000000  0.00000865  60.00000000  1535.50955949  0.05126524
0.00788811  58.00000000  0.00788811  60.00000000  2771.95494058  0.05198140
0.00605049  55.00000000  0.00475407  60.00000000  2470.10969708  0.05269756
0.02592326  50.00000000  0.01806232  60.00000000  1624.66987445  0.05341372
0.00002579  58.00000000  0.00002579  60.00000000  1149.95055118  0.05412989
0.00005580  43.00000000  0.00005357  60.00000000  1216.42300044  0.05484605
0.00006528  51.00000000  0.00002804  60.00000000  1715.68907656  0.05556221
0.00007406  58.00000000  0.00007406  60.00000000  1074.78028043  0.05627837
0.00338422  58.00000000  0.00338422  60.00000000  1866.75382541  0.05699453
0.00143893  54.00000000  0.00118210  60.00000000  1160.30933761  0.05771069
0.00152562  54.00000000  0.00000455  60.00000000  2064.36466641  0.05842686
0.00506571  41.00000000  0.00380005  60.00000000  1921.48595633  0.05914302
0.00014844  58.00000000  0.00014844  60.00000000  1188.90831818  0.05985918
0.00018027  45.00000000  0.00009559  60.00000000  1350.08951742  0.06057534
0.01385961  55.00000000  0.00475046  60.00000000  1664.62740402  0.06129150
0.02955168  58.00000000  0.02955168  60.00000000  1425.57791282  0.06200766
0.00068467  58.00000000  0.00068467  60.00000000  1472.81754415  0.06272383
0.00353114  58.00000000  0.00353114  60.00000000  2235.94176357  0.06343999
0.00299523  58.00000000  0.00299523  60.00000000  2140.70849592  0.06415615
0.00152345  58.00000000  0.00152345  60.00000000  1216.74278589  0.06487231
0.00091550  57.00000000  0.00075344  60.00000000  2361.87190689  0.06558847
0.00131475  55.00000000  0.00047325  60.00000000  1288.59043124  0.06630463
