0 0 0 0 0 0 0 0 0 0 15 0 1 1 0 0 0 3 0 3 6 7 7 6 6 1 0 0 0 0 0 0 0 0 0 0 0 0 0 0 0 0 0 1 1 7 7 7 7 7 7 7 7 7 7 7 7 7 7 10 10 10 7 10 7 10 7 7 7 7 7 6 10 2 6 6 5 10 6 10
0 0 0 0 0 0 0 0 0 0 0 0 1 1 1 15 1 1 3 3 3 2 5 5 5 5 5 0 0 0 0 0 0 0 0 0 0 0 0 0 1 4 4 4 4 4 1 1 5 5 5 5 5 5 5 7 5 5 5 5 10 10 10 5 10 5 10 2 2 2 2 1 1 10 1 1 1 1 10 1
0 0 0 0 0 0 0 0 0 0 0 0 1 1 1 1 15 2 2 1 2 2 0 0 5 0 5 4 4 0 0 0 0 0 0 0 0 0 0 0 0 0 0 2 2 2 2 2 2 2 2 0 0 7 7 7 7 7 7 7 10 10 10 6 10 10 0 0 0 0 7 10 0 2 1 10 4 4 4 13
0 0 12 0 0 0 0 0 0 0 0 0 1 1 1 15 1 1 1 1 3 3 6 7 0 0 0 0 0 0 0 0 0 0 0 0 0 0 0 0 0 0 2 2 2 2 2 2 2 3 3 4 4 4 3 3 4 4 4 4 4 10 10 10 10 5 10 2 2 2 6 5 10 5 5 10 5 10 10 10
0 0 0 0 0 0 0 0 0 0 0 0 1 1 1 1 15 13 2 2 2 5 5 5 5 5 2 7 4 4 4 0 0 0 0 0 0 0 0 0 0 0 0 2 2 7 2 7 7 7 7 7 7 7 7 7 11 11 11 7 11 11 2 2 7 7 7 7 11 7 7 6 6 12 6 6 6 6 5 5
0 0 0 0 0 0 0 0 0 0 0 0 0 1 10 0 1 2 2 2 0 2 2 2 7 2 2 2 2 1 1 2 0 0 0 0 0 0 0 1 2 1 1 1 1 2 3 3 3 3 3 3 3 3 3 3 11 11 11 11 11 0 0 1 1 1 4 6 11 4 4 3 11 3 3 11 15 6 6 15
0 0 0 0 0 0 0 0 0 0 0 0 1 1 1 15 1 1 1 1 1 5 7 7 7 7 0 0 10 0 0 0 0 0 4 4 4 4 4 4 4 4 4 4 1 1 1 1 1 1 1 1 1 1 1 7 1 1 7 7 7 10 1 10 1 10 1 10 10 1 1 1 1 10 1 1 7 7 10 4
0 0 0 0 0 0 0 0 0 0 0 15 1 1 1 1 1 3 3 3 3 0 7 7 0 4 4 4 0 0 0 0 0 0 0 0 0 0 0 0 0 0 1 1 1 2 1 1 6 6 6 2 2 2 2 2 2 2 7 7 10 10 10 10 3 10 1 1 5 5 5 6 10 1 6 6 10 7 10 10
0 0 0 0 0 0 0 0 0 15 0 0 1 1 0 1 0 3 3 3 3 1 5 5 5 5 5 5 5 5 1 0 0 0 0 0 0 0 0 0 0 0 4 4 4 4 4 4 4 4 4 4 4 6 6 6 6 6 6 6 6 10 10 10 10 6 3 10 4 3 3 6 6 6 10 4 6 6 10 6
0 0 0 0 0 0 0 0 0 0 0 0 1 1 1 1 15 3 3 3 3 5 5 5 0 0 1 0 0 0 0 0 0 0 0 0 0 0 0 0 1 0 1 1 1 2 2 2 2 2 2 2 2 2 2 6 4 4 11 11 11 5 5 11 5 5 9 9 9 9 5 7 7 7 7 7 7 7 7 7
