6
20
19
31
35
32
21
32
13
9
9
22
1
1
17
34
2
2
12
2
3
3
3
3
4
4
4
15
5
5
28
28
6
6
16
18
21
7
31
8
8
31
19
9
21
20
10
10
5
3
21
22
12
12
12
28
13
36
13
24
0
14
7
15
2
15
26
27
8
16
17
32
28
18
29
5
29
29
3
10
20
19
31
35
32
13
32
22
19
8
33
23
34
35
34
25
35
23
35
3
26
36
36
26
24
26
0
5
5
28
28
6
30
30
30
36
24
31
35
33
23
35
33
33
4
35
35
5
35
36
35
35
35
35
35
35
36
35
35
36
35
35
34
36
36
31
36
8
36
36
29
36
36
36
5
35
35
32
