17
23
12
6
6
12
21
0
8
17
7
14
19
20
11
12
14
23
0
9
1
1
9
14
1
24
24
1
2
2
16
11
16
21
17
3
3
12
3
12
12
24
4
3
4
13
2
18
5
14
5
14
3
3
20
6
15
6
15
23
16
7
16
7
16
16
8
21
17
8
17
1
2
9
9
18
18
9
3
10
2
19
10
19
0
11
20
24
11
20
5
12
6
6
12
21
9
9
9
7
13
22
8
0
8
14
23
10
9
23
10
15
11
9
24
24
11
2
24
16
10
13
0
12
9
17
12
12
1
1
4
19
3
4
13
15
15
15
24
23
21
23
23
23
23
23
24
23
23
21
23
23
23
16
24
24
21
24
24
24
24
24
24
24
24
24
24
24
24
24
23
23
24
24
24
23
24
23
23
