7
19
11
21
12
21
20
20
10
8
10
7
22
8
14
12
14
8
23
13
1
1
14
14
1
10
14
24
2
24
2
17
1
12
11
3
3
24
3
1
12
4
17
4
4
13
13
1
5
14
5
5
15
24
6
15
6
6
19
15
7
7
16
7
16
5
8
17
8
3
17
8
4
9
18
18
9
19
18
22
23
19
10
23
11
11
11
20
20
7
4
12
21
23
21
12
21
22
22
13
24
22
22
14
5
14
24
23
4
23
8
3
15
1
3
24
24
2
24
13
17
15
17
11
15
13
13
1
18
8
4
2
4
10
13
2
19
5
3
23
23
24
24
24
24
24
23
23
23
23
23
23
24
24
24
23
24
23
23
23
19
24
24
24
23
23
24
24
24
23
23
23
23
24
24
24
24
24
7
