6
24
16
12
12
7
19
21
13
10
14
18
8
8
14
24
13
23
16
1
0
1
1
0
19
14
10
10
2
2
16
2
11
17
22
3
3
23
3
12
12
2
4
4
19
3
24
13
5
5
5
5
14
15
6
6
19
15
6
16
20
7
20
7
16
20
8
17
8
17
8
17
0
0
9
18
18
9
1
2
19
10
23
19
8
20
11
24
1
20
23
23
6
12
5
6
21
13
8
5
22
13
8
14
0
0
23
8
7
23
15
15
7
3
7
24
16
24
2
16
2
17
17
10
15
14
13
3
16
16
18
4
12
15
18
4
20
16
20
23
24
23
23
23
23
23
23
23
23
23
23
23
23
23
23
24
24
23
23
23
20
23
23
9
23
18
23
20
23
6
21
23
23
6
24
24
24
24
10
