13
18
12
21
12
0
21
13
9
13
13
8
22
20
16
13
22
14
23
1
1
15
1
1
10
24
10
16
2
2
22
11
2
11
11
3
3
1
3
0
12
3
4
4
13
1
13
14
5
5
5
2
3
5
6
6
15
15
23
6
7
4
7
16
16
17
22
8
17
8
5
17
1
9
18
23
9
18
3
19
3
10
19
3
4
11
24
20
11
20
23
12
21
12
21
21
23
24
13
13
22
22
24
9
14
23
3
14
23
23
0
7
5
6
24
24
16
24
15
4
11
2
11
11
13
13
13
3
13
12
3
4
19
17
19
1
17
5
17
23
23
24
23
23
23
23
23
23
6
23
24
24
24
21
23
23
23
3
23
18
23
16
23
20
23
16
23
23
14
23
23
23
24
24
24
24
24
24
14
