10
14
23
12
21
6
21
15
13
23
22
13
17
22
13
8
14
10
13
9
1
1
15
13
1
10
24
10
2
2
16
16
2
11
1
3
2
3
12
23
18
12
4
4
19
13
4
4
20
5
5
4
14
23
6
15
6
6
15
16
4
7
7
16
16
24
8
17
8
8
17
17
18
3
9
9
18
18
22
19
10
10
19
19
10
1
11
20
7
20
11
23
12
21
24
21
9
13
8
13
22
0
22
13
14
14
2
14
23
23
4
15
9
15
10
24
24
2
24
16
16
15
11
1
13
16
14
18
4
18
17
15
4
19
13
16
4
19
14
24
23
23
23
23
23
23
23
23
23
23
23
23
23
23
23
23
23
23
23
23
23
23
24
23
24
24
24
11
24
22
24
22
24
19
24
23
24
24
0
