11
7
8
14
14
21
12
24
13
15
0
7
22
8
8
18
8
23
9
17
1
1
22
15
1
18
10
19
2
2
11
1
2
17
3
3
3
12
3
12
13
17
4
2
4
2
13
23
5
24
5
5
23
24
15
6
6
3
15
3
20
7
7
16
23
23
8
8
17
8
17
2
8
9
9
18
18
23
5
9
19
19
10
19
5
11
11
20
20
11
7
5
12
21
21
12
21
13
9
8
22
22
7
13
14
10
23
23
14
23
1
15
15
2
6
24
24
16
15
2
14
17
17
17
2
8
17
1
18
13
12
4
15
0
16
17
14
5
24
23
5
23
24
23
23
22
23
23
23
23
23
23
18
23
23
20
23
24
23
23
22
23
24
23
23
18
23
20
23
23
7
24
24
24
24
23
23
23
24
