7
20
12
7
6
21
6
13
21
8
11
22
22
13
9
23
17
14
23
1
9
1
1
10
14
15
10
21
2
11
2
1
11
11
1
1
3
3
21
13
12
12
4
13
4
1
1
2
5
14
5
14
23
14
6
15
6
20
1
6
7
16
16
7
16
16
8
2
8
23
17
17
8
21
9
18
19
18
1
10
10
10
19
10
10
4
20
11
20
11
11
12
7
12
21
21
13
23
13
13
22
22
13
22
23
14
14
23
23
9
23
1
10
24
15
24
24
24
24
2
4
17
4
1
1
7
18
2
18
0
13
10
1
19
1
19
2
5
19
23
24
23
23
23
21
23
23
0
21
23
16
23
21
23
19
23
23
21
23
23
18
23
23
23
8
23
23
1
23
10
23
23
19
23
23
23
23
23
10
