0
21
24
23
6
21
17
7
7
10
15
24
22
23
8
14
9
23
23
9
1
21
1
9
15
24
11
2
19
2
15
2
11
0
11
3
17
3
12
12
12
4
4
4
4
13
1
18
5
14
5
2
1
14
18
23
6
15
16
23
7
2
7
16
7
16
22
8
22
17
8
24
18
5
18
9
23
18
5
10
10
19
23
19
2
6
23
20
11
20
21
12
0
8
21
12
21
4
4
22
8
22
23
22
14
0
8
23
23
15
23
11
9
15
24
24
6
24
24
16
6
0
17
14
15
0
3
12
12
18
4
12
4
13
8
10
11
5
20
23
24
23
23
23
23
23
23
23
23
23
21
23
21
23
16
23
17
23
23
23
23
23
23
21
23
23
10
24
23
23
23
23
24
24
24
24
24
24
19
