11
21
21
14
22
21
21
10
12
21
20
22
22
13
8
14
17
19
10
9
1
1
13
13
11
1
10
2
2
2
17
2
12
11
11
3
15
3
13
12
15
1
4
4
13
1
13
4
5
17
5
14
23
15
6
2
15
6
15
23
7
23
16
7
23
24
17
8
5
17
8
24
23
9
18
9
18
6
4
10
19
10
19
10
7
23
11
20
20
11
21
21
12
24
21
21
10
24
13
13
22
22
14
8
14
23
14
23
8
23
1
15
1
11
1
24
24
2
16
1
6
0
17
14
14
13
13
15
13
14
16
16
12
13
4
3
16
19
17
24
23
23
21
23
21
21
23
15
23
22
23
24
24
23
23
23
23
23
23
24
23
23
24
24
24
24
23
13
24
20
24
19
24
6
24
24
23
23
24
