24
6
12
21
12
8
21
22
7
7
12
12
13
22
24
14
0
14
9
9
1
1
9
1
11
1
10
2
2
2
1
2
23
12
11
3
18
3
12
12
0
23
4
13
4
13
19
13
5
24
5
14
20
1
5
6
6
22
15
18
3
7
7
16
23
23
4
8
3
8
17
8
8
9
9
3
18
9
4
19
10
10
5
19
1
11
11
11
20
11
10
12
21
12
12
21
0
23
13
0
22
13
22
14
23
0
14
14
23
23
9
15
1
0
1
24
2
24
16
6
2
13
10
2
12
6
18
10
18
15
4
2
13
4
11
19
5
19
23
24
4
23
23
23
23
24
24
22
24
24
7
24
24
23
23
23
21
23
23
17
24
23
23
23
3
24
20
23
23
14
23
21
23
23
11
23
23
12
6
