7
15
39
63
8
40
52
57
59
1
1
1
2
13
2
60
3
14
3
4
4
4
5
5
4
6
6
64
7
7
20
8
8
21
9
9
10
10
23
11
11
24
12
25
13
32
32
27
14
15
14
64
15
28
29
17
30
18
17
18
16
19
31
63
20
34
33
22
22
22
35
23
23
24
38
25
37
25
25
39
25
27
40
28
19
27
29
8
30
63
31
30
44
50
32
32
33
46
34
47
32
51
53
36
52
8
23
37
38
38
37
13
39
55
40
40
41
57
39
42
58
60
61
41
23
60
28
60
60
47
2
62
5
5
63
63
33
64
33
12
64
42
43
49
9
9
37
44
37
51
11
64
64
51
38
63
5
49
55
63
14
27
63
41
63
63
63
63
63
63
63
64
63
63
63
63
63
63
63
64
55
23
64
62
22
58
48
63
62
62
62
62
20
62
11
57
55
62
63
63
60
30
63
13
58
62
2
1
62
48
62
51
53
60
52
37
60
52
63
6
9
