# Results obtained using DQN. CPU time: 90.92696356773376
0.01680410  38.00000000  0.01680410  40.00000000  1700.87889623  0.00000000
0.00424564  28.00000000  0.00118850  40.00000000  1289.00447202  0.00000000
0.00533857  32.00000000  0.00159769  40.00000000  1206.91815157  0.00000000
0.00071574  38.00000000  0.00071574  40.00000000  1815.52102896  0.00000000
0.01073872  38.00000000  0.01073872  40.00000000  948.40388475  0.00000000
0.00042423  38.00000000  0.00042423  40.00000000  1527.70371819  0.00000000
0.00309968  26.00000000  0.00141037  40.00000000  1831.07922909  0.00000000
0.00095821  38.00000000  0.00095821  40.00000000  1252.14496769  0.00000000
0.00602875  38.00000000  0.00602875  40.00000000  1484.25150242  0.00000000
0.00326460  38.00000000  0.00326460  40.00000000  1742.69823509  0.00000000
0.00394486  29.00000000  0.00222659  40.00000000  876.75690964  0.00000000
0.00405291  28.00000000  0.00257567  40.00000000  1489.85983172  0.00000000
0.00164369  34.00000000  0.00044189  40.00000000  1124.27370637  0.00010784
0.00526352  37.00000000  0.00356753  40.00000000  1029.63319966  0.00039541
0.00104455  38.00000000  0.00104455  40.00000000  1627.69653433  0.00068298
0.00069771  33.00000000  0.00041266  40.00000000  952.84500317  0.00097055
0.00060999  32.00000000  0.00058846  40.00000000  1155.00627742  0.00125812
0.00122705  38.00000000  0.00122705  40.00000000  1143.78408211  0.00154569
0.00531543  38.00000000  0.00531543  40.00000000  1226.13368307  0.00183326
0.00157116  34.00000000  0.00082204  40.00000000  1013.45315749  0.00212082
0.02319120  36.00000000  0.01851674  40.00000000  2316.20682542  0.00240839
0.00141950  36.00000000  0.00129430  40.00000000  1299.16206759  0.00269596
0.00177941  38.00000000  0.00177941  40.00000000  1261.22314091  0.00298353
0.04284934  35.00000000  0.01786733  40.00000000  1780.80924618  0.00327110
0.02847110  38.00000000  0.02847110  40.00000000  1854.25664820  0.00355867
0.00045967  29.00000000  0.00005267  40.00000000  909.04561664  0.00384624
0.00250954  33.00000000  0.00139529  40.00000000  1020.98378961  0.00413381
0.00903950  34.00000000  0.00663004  40.00000000  1754.37638082  0.00442138
0.00144490  32.00000000  0.00026436  40.00000000  963.83457664  0.00470895
0.00033365  38.00000000  0.00033365  40.00000000  1318.11253847  0.00499652
0.00011417  37.00000000  0.00007641  40.00000000  1081.77864026  0.00528409
0.00043136  36.00000000  0.00024518  40.00000000  1233.63344104  0.00557166
0.01308263  34.00000000  0.01100255  40.00000000  1615.07136727  0.00585923
0.00371097  31.00000000  0.00136356  40.00000000  1646.34170434  0.00614680
0.00378986  34.00000000  0.00196411  40.00000000  1453.30905137  0.00643437
0.00070943  38.00000000  0.00070943  40.00000000  1427.69736253  0.00672194
0.00240411  34.00000000  0.00104936  40.00000000  1235.35133418  0.00700950
0.00079507  38.00000000  0.00079507  40.00000000  1328.21483522  0.00729707
0.00735584  33.00000000  0.00561466  40.00000000  1430.68351341  0.00758464
0.00068226  34.00000000  0.00023039  40.00000000  846.28498719  0.00787221
0.00085948  28.00000000  0.00017387  40.00000000  927.27834640  0.00815978
0.00080891  38.00000000  0.00080891  40.00000000  1273.01009082  0.00844735
0.02161626  35.00000000  0.00642834  40.00000000  1301.91303923  0.00873492
0.00833566  34.00000000  0.00759562  40.00000000  1104.91237881  0.00902249
0.00058914  36.00000000  0.00034619  40.00000000  1153.84411600  0.00931006
0.00153606  38.00000000  0.00153606  40.00000000  1340.78205694  0.00959763
0.00155927  38.00000000  0.00155927  40.00000000  1179.55028264  0.00988520
0.00775194  38.00000000  0.00775194  40.00000000  1084.44231138  0.01017277
0.00186663  38.00000000  0.00186663  40.00000000  1948.28778520  0.01046034
0.00184616  35.00000000  0.00012280  40.00000000  1430.21301621  0.01074791
0.00047069  32.00000000  0.00008731  40.00000000  950.69539169  0.01103548
0.00357992  29.00000000  0.00219331  40.00000000  1587.98992237  0.01132305
0.00772622  34.00000000  0.00577115  40.00000000  1153.04053266  0.01161062
0.00120838  25.00000000  0.00033709  40.00000000  1351.69435654  0.01189819
0.00718088  37.00000000  0.00420748  40.00000000  1293.12283984  0.01218575
0.00401267  38.00000000  0.00401267  40.00000000  1562.45578804  0.01247332
0.00114747  26.00000000  0.00105582  40.00000000  1382.96054368  0.01276089
0.00325521  38.00000000  0.00325521  40.00000000  972.62194057  0.01304846
0.00053759  34.00000000  0.00039333  40.00000000  1036.73584105  0.01333603
0.00013796  38.00000000  0.00013796  40.00000000  873.48518096  0.01362360
0.00024801  30.00000000  0.00019403  40.00000000  1027.05805526  0.01391117
0.01905763  36.00000000  0.01598009  40.00000000  1839.19585412  0.01419874
0.02344921  38.00000000  0.02344921  40.00000000  1608.45988261  0.01448631
0.04712339  38.00000000  0.04712339  40.00000000  1275.62523418  0.01477388
0.00034163  32.00000000  0.00011946  40.00000000  1068.87681557  0.01506145
0.00628303  38.00000000  0.00628303  40.00000000  2379.79556521  0.01534902
0.00037333  34.00000000  0.00016549  40.00000000  931.01906850  0.01563659
0.00248900  35.00000000  0.00174292  40.00000000  1459.06354140  0.01592416
0.01617317  33.00000000  0.01126278  40.00000000  1348.41929241  0.01621173
0.00160609  36.00000000  0.00135689  40.00000000  1268.70718519  0.01649930
0.00023855  35.00000000  0.00011085  40.00000000  1077.62681026  0.01678687
0.00123978  35.00000000  0.00031184  40.00000000  1726.56431033  0.01707443
0.00056850  38.00000000  0.00056850  40.00000000  1004.22715098  0.01736200
0.00200153  38.00000000  0.00200153  40.00000000  1091.93628737  0.01764957
0.00151499  35.00000000  0.00084575  40.00000000  1120.01737492  0.01793714
0.00028794  38.00000000  0.00028794  40.00000000  1524.34734615  0.01822471
0.00209627  30.00000000  0.00006945  40.00000000  917.66508789  0.01851228
0.00111314  27.00000000  0.00089280  40.00000000  876.67921979  0.01879985
0.00181448  37.00000000  0.00177180  40.00000000  1078.01738935  0.01908742
0.00038118  30.00000000  0.00016045  40.00000000  1154.85751926  0.01937499
0.00047241  34.00000000  0.00011364  40.00000000  1019.50085247  0.01966256
0.00181058  38.00000000  0.00181058  40.00000000  1134.19380800  0.01995013
0.02002709  38.00000000  0.02002709  40.00000000  1324.54975898  0.02023770
0.01932888  38.00000000  0.01932888  40.00000000  1100.20248689  0.02052527
0.01017488  38.00000000  0.01017488  40.00000000  1482.27471868  0.02081284
0.00073382  34.00000000  0.00030969  40.00000000  1359.92381542  0.02110041
0.00387872  29.00000000  0.00113256  40.00000000  1094.26916132  0.02138798
0.01026334  36.00000000  0.00741812  40.00000000  2348.88867892  0.02167555
0.00337359  36.00000000  0.00085935  40.00000000  1438.94787245  0.02196312
0.00340945  37.00000000  0.00255629  40.00000000  1689.18469506  0.02225068
0.01452684  38.00000000  0.01452684  40.00000000  1081.91587621  0.02253825
0.00084676  38.00000000  0.00084676  40.00000000  1344.29210222  0.02282582
0.00016668  33.00000000  0.00002483  40.00000000  944.20770090  0.02311339
0.00349227  29.00000000  0.00141257  40.00000000  1467.17806105  0.02340096
0.00459423  38.00000000  0.00459423  40.00000000  2229.07930609  0.02368853
0.01117517  34.00000000  0.00874196  40.00000000  1446.42543642  0.02397610
0.00207001  28.00000000  0.00050858  40.00000000  1460.62724007  0.02426367
0.00149104  38.00000000  0.00149104  40.00000000  1420.38312603  0.02455124
0.01078748  38.00000000  0.01078748  40.00000000  1570.75284325  0.02483881
0.00527462  38.00000000  0.00527462  40.00000000  1803.40179469  0.02512638
0.00237992  37.00000000  0.00232906  40.00000000  1455.82626288  0.02541395
0.00218935  31.00000000  0.00049367  40.00000000  1726.94757021  0.02570152
0.00732682  31.00000000  0.00600753  40.00000000  1291.00311974  0.02598909
0.00250133  38.00000000  0.00250133  40.00000000  933.31795702  0.02627666
0.00185523  29.00000000  0.00022237  40.00000000  1636.44578762  0.02656423
0.00019126  38.00000000  0.00019126  40.00000000  1072.77563520  0.02685180
0.00011710  37.00000000  0.00011508  40.00000000  1084.99583047  0.02713936
0.00454112  27.00000000  0.00112094  40.00000000  1359.40592336  0.02742693
0.00095489  35.00000000  0.00066711  40.00000000  923.13757788  0.02771450
0.01051892  38.00000000  0.01051892  40.00000000  2234.90855733  0.02800207
0.00612154  38.00000000  0.00612154  40.00000000  943.56915044  0.02828964
0.00111393  29.00000000  0.00034124  40.00000000  1166.41235743  0.02857721
0.00086469  21.00000000  0.00081039  40.00000000  1138.17208927  0.02886478
0.00728771  38.00000000  0.00728771  40.00000000  2332.57155495  0.02915235
0.00299919  33.00000000  0.00271094  40.00000000  1397.18340707  0.02943992
0.00722144  38.00000000  0.00722144  40.00000000  1004.92641571  0.02972749
0.00979448  38.00000000  0.00979448  40.00000000  1212.04667067  0.03001506
0.01029000  38.00000000  0.01029000  40.00000000  1667.35018921  0.03030263
0.00155243  26.00000000  0.00040126  40.00000000  1547.68099054  0.03059020
0.00054071  35.00000000  0.00037532  40.00000000  1225.83710857  0.03087777
0.00006073  35.00000000  0.00003924  40.00000000  925.43206311  0.03116534
0.01117009  36.00000000  0.00552156  40.00000000  1676.92756810  0.03145291
0.00016236  37.00000000  0.00010328  40.00000000  1174.07049725  0.03174048
0.00668632  36.00000000  0.00461626  40.00000000  1135.94601430  0.03202805
0.00153227  38.00000000  0.00153227  40.00000000  1202.75627220  0.03231561
0.00279558  38.00000000  0.00279558  40.00000000  1068.57832579  0.03260318
0.00022295  37.00000000  0.00021969  40.00000000  1067.90569433  0.03289075
0.00059805  38.00000000  0.00059805  40.00000000  1160.66716995  0.03317832
0.00210964  37.00000000  0.00208894  40.00000000  976.22391543  0.03346589
0.00961087  38.00000000  0.00961087  40.00000000  1471.07177435  0.03375346
0.00805940  38.00000000  0.00805940  40.00000000  976.41594594  0.03404103
0.00465789  38.00000000  0.00465789  40.00000000  999.91763292  0.03432860
0.00023821  19.00000000  0.00003445  40.00000000  937.46631731  0.03461617
0.00036601  29.00000000  0.00004787  40.00000000  1153.18024323  0.03490374
0.00205290  22.00000000  0.00120210  40.00000000  1037.91181685  0.03519131
0.00081060  38.00000000  0.00081060  40.00000000  1365.26378652  0.03547888
0.00728867  38.00000000  0.00728867  40.00000000  1693.16352746  0.03576645
0.00619995  38.00000000  0.00619995  40.00000000  1234.42037925  0.03605402
0.00670578  36.00000000  0.00608025  40.00000000  1124.49202660  0.03634159
0.00402528  36.00000000  0.00318591  40.00000000  949.13636237  0.03662916
0.00355162  38.00000000  0.00355162  40.00000000  999.85581559  0.03691673
0.00526331  38.00000000  0.00526331  40.00000000  912.39998484  0.03720429
0.00779545  29.00000000  0.00415916  40.00000000  1487.63771555  0.03749186
0.00060111  38.00000000  0.00060111  40.00000000  1004.96217286  0.03777943
0.00045119  30.00000000  0.00029170  40.00000000  1145.83112296  0.03806700
0.00515589  36.00000000  0.00211529  40.00000000  1268.65435830  0.03835457
0.00137568  30.00000000  0.00022571  40.00000000  1356.63052147  0.03864214
0.00541072  33.00000000  0.00517620  40.00000000  1091.16507819  0.03892971
0.00435184  34.00000000  0.00135494  40.00000000  1170.64155294  0.03921728
0.00457927  38.00000000  0.00457927  40.00000000  1798.27220793  0.03950485
0.00467900  37.00000000  0.00449792  40.00000000  1060.83334906  0.03979242
0.00992742  38.00000000  0.00992742  40.00000000  1497.96397554  0.04007999
0.00237367  23.00000000  0.00002776  40.00000000  2543.45350149  0.04036756
0.00230750  38.00000000  0.00230750  40.00000000  1095.80704330  0.04065513
0.05378958  31.00000000  0.05265580  40.00000000  1728.23906935  0.04094270
0.00050890  38.00000000  0.00050890  40.00000000  1137.11376859  0.04123027
0.00593109  37.00000000  0.00550929  40.00000000  1362.39955163  0.04151784
0.01246002  36.00000000  0.01120581  40.00000000  2001.52530175  0.04180541
0.00632469  36.00000000  0.00526734  40.00000000  1789.14642613  0.04209298
0.01436599  36.00000000  0.00948180  40.00000000  1149.65312258  0.04238054
0.00044323  37.00000000  0.00043335  40.00000000  1575.15956659  0.04266811
0.02682899  37.00000000  0.02607103  40.00000000  1128.04072820  0.04295568
0.00053090  32.00000000  0.00031779  40.00000000  1033.16901709  0.04324325
0.00406136  38.00000000  0.00406136  40.00000000  1358.62676038  0.04353082
0.00023158  25.00000000  0.00004311  40.00000000  966.13225843  0.04381839
0.00027131  24.00000000  0.00007134  40.00000000  1073.34014890  0.04410596
0.03502212  30.00000000  0.01665761  40.00000000  2310.97551702  0.04439353
0.00059397  38.00000000  0.00059397  40.00000000  1063.25348340  0.04468110
0.00184022  38.00000000  0.00184022  40.00000000  1024.31675532  0.04496867
0.05717290  37.00000000  0.05488405  40.00000000  1383.42485450  0.04525624
0.00259400  38.00000000  0.00259400  40.00000000  1712.96892065  0.04554381
0.00979898  38.00000000  0.00979898  40.00000000  1188.95834576  0.04583138
0.00038708  33.00000000  0.00029943  40.00000000  1076.19852203  0.04611895
0.00539780  38.00000000  0.00539780  40.00000000  1363.57960809  0.04640652
0.00738359  32.00000000  0.00544675  40.00000000  1639.48701999  0.04669409
0.01557173  38.00000000  0.01557173  40.00000000  2203.60597773  0.04698166
0.00092195  37.00000000  0.00075754  40.00000000  1436.30045839  0.04726922
0.00052117  34.00000000  0.00047231  40.00000000  1388.01722785  0.04755679
0.04686545  36.00000000  0.03377275  40.00000000  1294.65752868  0.04784436
0.01309174  33.00000000  0.01053357  40.00000000  1541.54654407  0.04813193
0.01286507  38.00000000  0.01286507  40.00000000  965.40196295  0.04841950
0.00070727  34.00000000  0.00032096  40.00000000  1594.95716500  0.04870707
0.00091251  30.00000000  0.00025256  40.00000000  2001.48315557  0.04899464
0.10045211  38.00000000  0.10045211  40.00000000  1551.76834717  0.04928221
0.00118316  27.00000000  0.00010040  40.00000000  1050.45192708  0.04956978
0.00222527  38.00000000  0.00222527  40.00000000  1060.92726302  0.04985735
0.00365488  36.00000000  0.00320912  40.00000000  1233.05786919  0.05014492
0.02827827  38.00000000  0.02827827  40.00000000  1459.11398153  0.05043249
0.00185807  32.00000000  0.00158848  40.00000000  1301.48070751  0.05072006
0.00136754  36.00000000  0.00103684  40.00000000  957.86649362  0.05100763
0.00172317  35.00000000  0.00031989  40.00000000  1115.56434495  0.05129520
0.00030700  38.00000000  0.00030700  40.00000000  1598.16218249  0.05158277
0.00198023  30.00000000  0.00015508  40.00000000  957.01280508  0.05187034
0.00620441  29.00000000  0.00337507  40.00000000  1438.60916345  0.05215790
0.00220224  35.00000000  0.00116107  40.00000000  1608.48150813  0.05244547
0.00081733  38.00000000  0.00081733  40.00000000  1401.37594904  0.05273304
0.00395076  38.00000000  0.00395076  40.00000000  934.86353952  0.05302061
0.00152569  37.00000000  0.00146045  40.00000000  1010.10495184  0.05330818
0.00675515  37.00000000  0.00643216  40.00000000  923.06701338  0.05359575
0.00394267  38.00000000  0.00394267  40.00000000  1790.11266921  0.05388332
0.00068061  35.00000000  0.00021771  40.00000000  1424.94703542  0.05417089
0.00277156  38.00000000  0.00277156  40.00000000  1643.70918501  0.05445846
0.00252398  38.00000000  0.00252398  40.00000000  1015.01186105  0.05474603
0.01901796  36.00000000  0.01859012  40.00000000  2037.97155539  0.05503360
0.00218386  30.00000000  0.00155263  40.00000000  896.99225637  0.05532117
0.00080143  38.00000000  0.00080143  40.00000000  1257.73979624  0.05560874
0.00896637  38.00000000  0.00896637  40.00000000  1725.75144343  0.05589631
0.00128593  34.00000000  0.00001777  40.00000000  1790.57563917  0.05618388
0.00027841  36.00000000  0.00025482  40.00000000  1270.46129880  0.05647145
0.00064373  38.00000000  0.00064373  40.00000000  997.83569623  0.05675902
0.00030181  27.00000000  0.00018569  40.00000000  1012.32562795  0.05704659
0.00803467  38.00000000  0.00803467  40.00000000  1267.99449045  0.05733415
0.00061910  38.00000000  0.00061910  40.00000000  1019.30236982  0.05762172
0.00182529  38.00000000  0.00182529  40.00000000  944.83294851  0.05790929
0.00242331  38.00000000  0.00242331  40.00000000  1592.52559556  0.05819686
0.01943350  33.00000000  0.01254134  40.00000000  2439.40262059  0.05848443
0.00059151  38.00000000  0.00059151  40.00000000  1175.69606132  0.05877200
0.00598201  34.00000000  0.00484009  40.00000000  1229.75785474  0.05905957
0.01413243  38.00000000  0.01413243  40.00000000  1242.25700830  0.05934714
0.01678628  38.00000000  0.01678628  40.00000000  1282.14573164  0.05963471
0.00374238  38.00000000  0.00374238  40.00000000  919.72817126  0.05992228
0.00048749  35.00000000  0.00014891  40.00000000  1537.40023681  0.06020985
0.00237737  37.00000000  0.00190285  40.00000000  1074.50045053  0.06049742
0.00014064  28.00000000  0.00005004  40.00000000  906.64845625  0.06078499
0.00099511  29.00000000  0.00039812  40.00000000  1129.02210025  0.06107256
0.00425868  38.00000000  0.00425868  40.00000000  1387.20909106  0.06136013
0.00077597  36.00000000  0.00043843  40.00000000  1128.62274878  0.06164770
0.00895862  33.00000000  0.00120838  40.00000000  1137.68278895  0.06193527
0.00138601  37.00000000  0.00091444  40.00000000  1147.02267968  0.06222283
0.00453085  36.00000000  0.00170746  40.00000000  2586.09609087  0.06251040
0.00915135  38.00000000  0.00915135  40.00000000  1240.61002586  0.06279797
0.00082206  33.00000000  0.00007386  40.00000000  1212.52718823  0.06308554
0.11105712  38.00000000  0.11105712  40.00000000  2909.82020540  0.06337311
0.00306169  32.00000000  0.00211520  40.00000000  835.12163594  0.06366068
0.01170066  35.00000000  0.00625644  40.00000000  1467.19697951  0.06394825
0.02198219  38.00000000  0.02198219  40.00000000  1414.28643042  0.06423582
0.04481853  38.00000000  0.04481853  40.00000000  1953.57697107  0.06452339
0.00131807  27.00000000  0.00081318  40.00000000  1298.03925525  0.06481096
0.01876067  38.00000000  0.01876067  40.00000000  1241.90196278  0.06509853
0.00208459  30.00000000  0.00065183  40.00000000  1098.20754013  0.06538610
0.00156511  38.00000000  0.00156511  40.00000000  1058.79077000  0.06567367
0.00047991  32.00000000  0.00008513  40.00000000  1080.14706149  0.06596124
0.00534892  38.00000000  0.00534892  40.00000000  1378.30510648  0.06624881
0.00006706  24.00000000  0.00004445  40.00000000  1118.23498142  0.06653638
0.01877857  33.00000000  0.00534171  40.00000000  1961.80231405  0.06682395
0.00163036  31.00000000  0.00027629  40.00000000  928.05760788  0.06711152
0.00590690  33.00000000  0.00371762  40.00000000  1332.00649863  0.06739908
0.00012163  38.00000000  0.00012163  40.00000000  1108.06780663  0.06768665
0.01488453  38.00000000  0.01488453  40.00000000  1959.35616688  0.06797422
0.03674089  34.00000000  0.01372460  40.00000000  1882.65740493  0.06826179
0.00605397  36.00000000  0.00567636  40.00000000  1100.36739578  0.06854936
0.00649294  37.00000000  0.00547106  40.00000000  1222.40803861  0.06883693
0.00019227  38.00000000  0.00019227  40.00000000  907.21438631  0.06912450
0.00255568  38.00000000  0.00255568  40.00000000  1648.29011027  0.06941207
0.00538307  38.00000000  0.00538307  40.00000000  1998.84901416  0.06969964
0.00011918  24.00000000  0.00010693  40.00000000  1030.66430610  0.06998721
0.00811333  38.00000000  0.00811333  40.00000000  1217.42204483  0.07027478
0.00231040  38.00000000  0.00231040  40.00000000  1149.16820410  0.07056235
0.00270385  38.00000000  0.00270385  40.00000000  1752.45847534  0.07084992
0.03378238  37.00000000  0.03229364  40.00000000  2243.43104751  0.07113749
0.01018529  35.00000000  0.00201155  40.00000000  1554.08839646  0.07142506
0.00090971  36.00000000  0.00065816  40.00000000  1328.16429704  0.07171263
0.00146347  38.00000000  0.00146347  40.00000000  1671.86643701  0.07200020
0.00179148  38.00000000  0.00179148  40.00000000  1467.87907334  0.07228776
0.00966701  38.00000000  0.00966701  40.00000000  1431.02013283  0.07257533
0.01812893  34.00000000  0.00915079  40.00000000  1573.61623089  0.07286290
0.00014656  30.00000000  0.00004989  40.00000000  971.75053725  0.07315047
0.03356793  38.00000000  0.03356793  40.00000000  1400.29024130  0.07343804
0.00020100  34.00000000  0.00005333  40.00000000  1460.41805504  0.07372561
0.00191968  37.00000000  0.00189821  40.00000000  1975.43186089  0.07401318
0.00408485  38.00000000  0.00408485  40.00000000  1201.71937255  0.07430075
0.00718533  32.00000000  0.00666905  40.00000000  1434.17648795  0.07458832
0.01017880  34.00000000  0.00203363  40.00000000  1390.64714130  0.07487589
0.00809881  34.00000000  0.00053773  40.00000000  1370.29048395  0.07516346
0.00194544  38.00000000  0.00194544  40.00000000  1665.94801429  0.07545103
0.00260319  38.00000000  0.00260319  40.00000000  1079.45460673  0.07573860
0.00987965  38.00000000  0.00987965  40.00000000  2110.88403457  0.07602617
0.01352542  38.00000000  0.01352542  40.00000000  955.19051258  0.07631374
0.00068994  38.00000000  0.00068994  40.00000000  898.89839608  0.07660131
0.00629995  31.00000000  0.00368500  40.00000000  1295.90410207  0.07688888
0.01118757  34.00000000  0.00680854  40.00000000  1955.29816092  0.07717645
0.00028543  38.00000000  0.00028543  40.00000000  1539.36483120  0.07746401
0.00460307  29.00000000  0.00279480  40.00000000  1121.23871105  0.07775158
0.00064213  38.00000000  0.00064213  40.00000000  1510.54345718  0.07803915
0.01003136  38.00000000  0.01003136  40.00000000  1223.44576036  0.07832672
0.00062086  38.00000000  0.00062086  40.00000000  992.85128967  0.07861429
0.00023491  38.00000000  0.00023491  40.00000000  1050.49405654  0.07890186
0.00178245  38.00000000  0.00178245  40.00000000  1373.62501645  0.07918943
0.00011659  38.00000000  0.00011659  40.00000000  907.91295198  0.07947700
0.11325367  36.00000000  0.07109778  40.00000000  1719.41750038  0.07976457
0.01850152  38.00000000  0.01850152  40.00000000  1112.73519378  0.08005214
0.03009356  32.00000000  0.02400694  40.00000000  1235.53202702  0.08033971
0.00031308  33.00000000  0.00029226  40.00000000  1076.02191574  0.08062728
0.00047970  36.00000000  0.00010220  40.00000000  1005.36552665  0.08091485
0.00194958  38.00000000  0.00194958  40.00000000  1173.79169003  0.08120242
0.00038729  36.00000000  0.00015277  40.00000000  960.07949204  0.08148999
0.00263988  38.00000000  0.00263988  40.00000000  1237.01046938  0.08177756
0.00053149  25.00000000  0.00046133  40.00000000  972.83570314  0.08206513
0.00873843  38.00000000  0.00873843  40.00000000  1232.79499648  0.08235269
0.00019148  38.00000000  0.00019148  40.00000000  953.01252231  0.08264026
0.00349324  38.00000000  0.00349324  40.00000000  1151.77515084  0.08292783
0.00523552  34.00000000  0.00362634  40.00000000  1092.61051405  0.08321540
0.00019118  33.00000000  0.00013626  40.00000000  920.10402803  0.08350297
0.00086750  29.00000000  0.00007668  40.00000000  954.68579041  0.08379054
0.00078362  37.00000000  0.00067148  40.00000000  1070.22218410  0.08407811
0.00535998  32.00000000  0.00215744  40.00000000  1032.45039304  0.08436568
0.00027094  38.00000000  0.00027094  40.00000000  831.40005596  0.08465325
0.02385730  37.00000000  0.02383449  40.00000000  1172.12182634  0.08494082
0.00901774  29.00000000  0.00767170  40.00000000  1099.86850652  0.08522839
0.00072034  38.00000000  0.00072034  40.00000000  904.22151771  0.08551596
0.00073220  28.00000000  0.00014560  40.00000000  1636.07307630  0.08580353
0.00527002  31.00000000  0.00381035  40.00000000  1679.01222273  0.08609110
0.00132015  32.00000000  0.00088325  40.00000000  1597.60132938  0.08637867
0.00030382  38.00000000  0.00030382  40.00000000  1092.55953235  0.08666624
0.00201473  38.00000000  0.00201473  40.00000000  972.52017321  0.08695381
0.00131870  38.00000000  0.00131870  40.00000000  1117.04821668  0.08724138
0.00479991  37.00000000  0.00394975  40.00000000  1163.44027109  0.08752894
0.00074147  30.00000000  0.00013411  40.00000000  1073.79074751  0.08781651
0.00044617  38.00000000  0.00044617  40.00000000  1132.53363576  0.08810408
0.07112193  38.00000000  0.07112193  40.00000000  1251.18421776  0.08839165
0.00163911  38.00000000  0.00163911  40.00000000  1425.03187917  0.08867922
0.00228429  38.00000000  0.00228429  40.00000000  968.66086204  0.08896679
0.00243130  38.00000000  0.00243130  40.00000000  1285.29298992  0.08925436
0.00016362  30.00000000  0.00011182  40.00000000  983.76312030  0.08954193
0.00336039  36.00000000  0.00173608  40.00000000  1308.39388462  0.08982950
0.03969424  35.00000000  0.02632752  40.00000000  1227.95847307  0.09011707
0.00002331  22.00000000  0.00002020  40.00000000  877.39531698  0.09040464
0.00138899  37.00000000  0.00138663  40.00000000  1425.25169606  0.09069221
0.00131444  38.00000000  0.00131444  40.00000000  879.57936295  0.09097978
0.00146262  38.00000000  0.00146262  40.00000000  1250.19898288  0.09126735
0.00004760  20.00000000  0.00000298  40.00000000  931.15004998  0.09155492
0.00190528  22.00000000  0.00001247  40.00000000  1616.93678416  0.09184249
0.00102682  38.00000000  0.00102682  40.00000000  950.51546794  0.09213006
0.01083732  34.00000000  0.00401672  40.00000000  1284.93530676  0.09241762
0.00206711  38.00000000  0.00206711  40.00000000  1242.15982024  0.09270519
0.00004882  24.00000000  0.00004251  40.00000000  1111.02711964  0.09299276
0.00415313  32.00000000  0.00229667  40.00000000  1359.36907039  0.09328033
0.00162277  38.00000000  0.00162277  40.00000000  1006.68647136  0.09356790
0.00112240  35.00000000  0.00084618  40.00000000  1193.03462780  0.09385547
0.01042355  37.00000000  0.00840196  40.00000000  1029.85517343  0.09414304
0.00389692  38.00000000  0.00389692  40.00000000  1120.31557018  0.09443061
0.01024082  33.00000000  0.00962913  40.00000000  1657.19308894  0.09471818
0.00241086  32.00000000  0.00049395  40.00000000  1117.37831166  0.09500575
0.08083531  33.00000000  0.07679072  40.00000000  1582.54303115  0.09529332
0.00115807  29.00000000  0.00017366  40.00000000  1342.58965677  0.09558089
0.00177383  38.00000000  0.00177383  40.00000000  1466.20652131  0.09586846
0.01346914  24.00000000  0.00235291  40.00000000  1921.56999654  0.09615603
0.00060225  32.00000000  0.00038004  40.00000000  984.02825300  0.09644360
0.00368365  38.00000000  0.00368365  40.00000000  1170.72145253  0.09673117
0.00028606  38.00000000  0.00028606  40.00000000  1286.80942285  0.09701874
0.00068024  38.00000000  0.00068024  40.00000000  1323.15692852  0.09730631
0.03823068  38.00000000  0.03823068  40.00000000  1611.30484068  0.09759387
0.00101223  38.00000000  0.00101223  40.00000000  1040.18343458  0.09788144
0.01260024  38.00000000  0.01260024  40.00000000  1658.52106522  0.09816901
0.00077802  37.00000000  0.00053677  40.00000000  1194.74908202  0.09845658
0.01284613  38.00000000  0.01284613  40.00000000  1404.70362160  0.09874415
0.00164176  27.00000000  0.00038206  40.00000000  1469.82348906  0.09903172
0.00007454  35.00000000  0.00006657  40.00000000  1430.67413844  0.09931929
0.01479475  38.00000000  0.01479475  40.00000000  1450.80964762  0.09960686
0.00160963  38.00000000  0.00160963  40.00000000  1096.31110628  0.09989443
0.00189550  31.00000000  0.00096627  40.00000000  1018.61492406  0.10018200
0.00171487  30.00000000  0.00028085  40.00000000  1126.06084029  0.10046957
0.00089349  29.00000000  0.00051201  40.00000000  1578.61993609  0.10075714
0.00003116  38.00000000  0.00003116  40.00000000  936.12246183  0.10104471
0.01732716  38.00000000  0.01732716  40.00000000  1598.11568408  0.10133228
0.00015230  36.00000000  0.00014219  40.00000000  924.12857047  0.10161985
0.00048131  38.00000000  0.00048131  40.00000000  1830.38952987  0.10190742
0.00593378  35.00000000  0.00524717  40.00000000  1114.69467058  0.10219499
0.00144523  36.00000000  0.00061177  40.00000000  1372.80857565  0.10248255
0.00600436  35.00000000  0.00022366  40.00000000  1216.61665318  0.10277012
0.00118251  35.00000000  0.00102112  40.00000000  2246.27359343  0.10305769
0.00049189  36.00000000  0.00041475  40.00000000  1228.25573057  0.10334526
0.00006866  27.00000000  0.00002219  40.00000000  1132.45650962  0.10363283
0.01611413  38.00000000  0.01611413  40.00000000  1461.28922113  0.10392040
0.00025843  21.00000000  0.00005129  40.00000000  1115.62668337  0.10420797
0.02337339  38.00000000  0.02337339  40.00000000  1249.36081592  0.10449554
0.00075724  38.00000000  0.00075724  40.00000000  1333.08822178  0.10478311
0.00103713  35.00000000  0.00057606  40.00000000  1408.00667705  0.10507068
0.00248117  32.00000000  0.00012223  40.00000000  1610.24467082  0.10535825
0.00056199  37.00000000  0.00052899  40.00000000  1026.87336218  0.10564582
0.00734790  38.00000000  0.00734790  40.00000000  1764.27611605  0.10593339
0.00482196  38.00000000  0.00482196  40.00000000  1305.17066453  0.10622096
0.00907543  32.00000000  0.00108631  40.00000000  1999.78689749  0.10650853
0.02766124  38.00000000  0.02766124  40.00000000  1633.54078687  0.10679610
0.00532941  31.00000000  0.00350996  40.00000000  1197.28388557  0.10708367
0.00315299  35.00000000  0.00241311  40.00000000  2072.85134615  0.10737124
0.01510520  35.00000000  0.01324716  40.00000000  1163.42656228  0.10765880
0.00427397  24.00000000  0.00326339  40.00000000  1707.55595480  0.10794637
0.00302536  38.00000000  0.00302536  40.00000000  1068.38580835  0.10823394
0.00389601  38.00000000  0.00389601  40.00000000  951.77639242  0.10852151
0.00451803  38.00000000  0.00451803  40.00000000  1451.26524610  0.10880908
0.00886903  38.00000000  0.00886903  40.00000000  1089.21002623  0.10909665
0.00062836  34.00000000  0.00033699  40.00000000  1524.74423649  0.10938422
0.00749134  38.00000000  0.00749134  40.00000000  1365.74344593  0.10967179
0.00200281  38.00000000  0.00200281  40.00000000  1719.11283510  0.10995936
0.09252617  38.00000000  0.09252617  40.00000000  1867.48885461  0.11024693
0.00129462  38.00000000  0.00129462  40.00000000  1091.32627786  0.11053450
0.01480511  37.00000000  0.01344411  40.00000000  1108.77327777  0.11082207
0.00118132  38.00000000  0.00118132  40.00000000  1114.80424528  0.11110964
0.00400533  36.00000000  0.00336875  40.00000000  1079.60623960  0.11139721
0.00733452  34.00000000  0.00630965  40.00000000  1042.68230743  0.11168478
0.00908314  35.00000000  0.00279861  40.00000000  1628.53560336  0.11197235
0.02197797  37.00000000  0.02141343  40.00000000  1233.43170222  0.11225992
0.02212748  37.00000000  0.02122136  40.00000000  1012.94824796  0.11254748
0.00297370  36.00000000  0.00151706  40.00000000  2006.12655177  0.11283505
0.01191355  36.00000000  0.00798544  40.00000000  1180.23969679  0.11312262
0.00372559  37.00000000  0.00355603  40.00000000  1180.02597131  0.11341019
0.00872854  33.00000000  0.00024832  40.00000000  1136.85037213  0.11369776
0.00157177  36.00000000  0.00117387  40.00000000  1663.24395330  0.11398533
0.00023824  22.00000000  0.00021419  40.00000000  1288.79425872  0.11427290
0.03283661  36.00000000  0.03125814  40.00000000  1917.44775903  0.11456047
0.00337737  38.00000000  0.00337737  40.00000000  1565.61443756  0.11484804
0.01195071  33.00000000  0.00441800  40.00000000  1941.57423782  0.11513561
0.01349840  38.00000000  0.01349840  40.00000000  1046.66835387  0.11542318
0.00146351  38.00000000  0.00146351  40.00000000  1299.93940413  0.11571075
0.00154690  37.00000000  0.00077596  40.00000000  1234.05485293  0.11599832
0.00100014  38.00000000  0.00100014  40.00000000  956.08404813  0.11628589
0.01007052  35.00000000  0.00790833  40.00000000  1458.96253217  0.11657346
0.00041332  38.00000000  0.00041332  40.00000000  1138.12168138  0.11686103
0.00429110  32.00000000  0.00290966  40.00000000  1801.72890570  0.11714860
0.00621694  38.00000000  0.00621694  40.00000000  956.44617059  0.11743617
0.00055451  33.00000000  0.00051083  40.00000000  1682.64605468  0.11772373
0.00639120  37.00000000  0.00616355  40.00000000  2058.39625482  0.11801130
0.00220003  29.00000000  0.00061698  40.00000000  1635.50425775  0.11829887
0.00058024  28.00000000  0.00044566  40.00000000  1043.39540524  0.11858644
0.00615677  37.00000000  0.00591785  40.00000000  1824.93828436  0.11887401
0.00317909  32.00000000  0.00041411  40.00000000  1600.94509168  0.11916158
0.00146681  30.00000000  0.00128095  40.00000000  849.08780037  0.11944915
0.01495756  31.00000000  0.01377576  40.00000000  1400.70057381  0.11973672
0.01110093  38.00000000  0.01110093  40.00000000  1016.61113783  0.12002429
0.00480623  38.00000000  0.00480623  40.00000000  1375.02971982  0.12031186
0.00535837  23.00000000  0.00521216  40.00000000  1107.20453780  0.12059943
0.00185130  35.00000000  0.00135140  40.00000000  914.11723545  0.12088700
0.00182427  38.00000000  0.00182427  40.00000000  1322.87214038  0.12117457
0.03184672  37.00000000  0.02626571  40.00000000  1384.81652476  0.12146214
0.00681056  38.00000000  0.00681056  40.00000000  1353.12820482  0.12174971
0.00822590  38.00000000  0.00822590  40.00000000  939.51015533  0.12203728
0.00565020  38.00000000  0.00565020  40.00000000  1313.63615669  0.12232485
0.00552785  38.00000000  0.00552785  40.00000000  1345.69946624  0.12261241
0.00075513  35.00000000  0.00013032  40.00000000  1027.93587608  0.12289998
0.00720386  37.00000000  0.00710249  40.00000000  1432.55482252  0.12318755
0.00243960  25.00000000  0.00162274  40.00000000  1479.94151687  0.12347512
0.00864617  35.00000000  0.00329930  40.00000000  1473.54521107  0.12376269
0.06414983  36.00000000  0.04591586  40.00000000  1839.58205813  0.12405026
0.02195368  33.00000000  0.01419025  40.00000000  1374.46214013  0.12433783
0.00272350  30.00000000  0.00270599  40.00000000  994.46060670  0.12462540
0.02285561  28.00000000  0.00723497  40.00000000  1736.50652797  0.12491297
0.00117586  38.00000000  0.00117586  40.00000000  1041.56158494  0.12520054
0.00348385  37.00000000  0.00336025  40.00000000  1289.47403873  0.12548811
0.01333471  36.00000000  0.01166274  40.00000000  1532.93281373  0.12577568
0.01542943  33.00000000  0.00774667  40.00000000  2781.23397404  0.12606325
0.02838931  38.00000000  0.02838931  40.00000000  1614.92428990  0.12635082
0.00214806  33.00000000  0.00037056  40.00000000  1101.63700603  0.12663839
0.01312985  38.00000000  0.01312985  40.00000000  1827.64583397  0.12692596
0.06204914  38.00000000  0.06204914  40.00000000  1405.56798547  0.12721353
0.00070273  38.00000000  0.00070273  40.00000000  1377.98896502  0.12750110
0.01030862  34.00000000  0.00307082  40.00000000  1289.35430474  0.12778866
0.02126946  38.00000000  0.02126946  40.00000000  1236.90495314  0.12807623
0.00173728  38.00000000  0.00173728  40.00000000  1135.56596490  0.12836380
0.06923300  37.00000000  0.06900705  40.00000000  1297.53804917  0.12865137
0.00193147  32.00000000  0.00148847  40.00000000  1232.52069131  0.12893894
0.00078571  38.00000000  0.00078571  40.00000000  977.07604157  0.12922651
0.00471963  38.00000000  0.00471963  40.00000000  965.04353400  0.12951408
0.00453781  36.00000000  0.00434495  40.00000000  1074.04871215  0.12980165
0.00959174  32.00000000  0.00826522  40.00000000  2198.91489668  0.13008922
0.00938944  34.00000000  0.00363713  40.00000000  1220.13863223  0.13037679
0.00019431  38.00000000  0.00019431  40.00000000  892.15299041  0.13066436
0.00600090  29.00000000  0.00064274  40.00000000  1082.65080176  0.13095193
0.00055174  27.00000000  0.00028164  40.00000000  1043.62846847  0.13123950
0.00293247  38.00000000  0.00293247  40.00000000  986.19280356  0.13152707
0.10307200  38.00000000  0.10307200  40.00000000  2783.60688380  0.13181464
0.00577548  38.00000000  0.00577548  40.00000000  1267.98926555  0.13210221
0.00450618  32.00000000  0.00213499  40.00000000  909.99284109  0.13238978
0.00772206  29.00000000  0.00226204  40.00000000  1790.34762541  0.13267734
0.01769948  37.00000000  0.01509626  40.00000000  1329.25547832  0.13296491
0.00176645  31.00000000  0.00074592  40.00000000  1853.51376458  0.13325248
0.00126572  36.00000000  0.00040834  40.00000000  1129.76403003  0.13354005
0.05697938  38.00000000  0.05697938  40.00000000  1653.61696960  0.13382762
0.00012283  33.00000000  0.00001098  40.00000000  1547.05667749  0.13411519
0.05640458  38.00000000  0.05640458  40.00000000  1820.02166304  0.13440276
0.00755167  38.00000000  0.00755167  40.00000000  1526.75931423  0.13469033
0.00094466  26.00000000  0.00047440  40.00000000  2251.84651222  0.13497790
0.01202311  32.00000000  0.00634730  40.00000000  1253.97448656  0.13526547
0.00031988  38.00000000  0.00031988  40.00000000  1090.17311093  0.13555304
0.00194696  35.00000000  0.00166822  40.00000000  1636.44738102  0.13584061
0.01561760  38.00000000  0.01561760  40.00000000  1246.70630754  0.13612818
0.00031971  38.00000000  0.00031971  40.00000000  939.27905127  0.13641575
0.09073278  32.00000000  0.07028076  40.00000000  1388.24188686  0.13670332
0.00514798  34.00000000  0.00414294  40.00000000  1144.24915229  0.13699089
0.00577169  37.00000000  0.00552670  40.00000000  1317.67135479  0.13727846
0.01619499  37.00000000  0.01597318  40.00000000  1850.43860305  0.13756603
0.02361894  33.00000000  0.00742999  40.00000000  1592.60759380  0.13785359
0.00508049  37.00000000  0.00433662  40.00000000  1093.86549183  0.13814116
0.00032744  38.00000000  0.00032744  40.00000000  1360.53568385  0.13842873
0.01033273  38.00000000  0.01033273  40.00000000  1217.91406613  0.13871630
0.00223157  37.00000000  0.00113296  40.00000000  1467.02781842  0.13900387
0.00342750  32.00000000  0.00264618  40.00000000  957.37268628  0.13929144
0.00040412  32.00000000  0.00033835  40.00000000  1024.63864925  0.13957901
0.00697333  38.00000000  0.00697333  40.00000000  1679.84077915  0.13986658
0.00358491  38.00000000  0.00358491  40.00000000  1679.48030319  0.14015415
0.00442826  36.00000000  0.00308455  40.00000000  1674.67638466  0.14044172
0.00359031  38.00000000  0.00359031  40.00000000  1488.54584068  0.14072929
0.00127340  38.00000000  0.00127340  40.00000000  1417.52125611  0.14101686
0.00411588  38.00000000  0.00411588  40.00000000  2345.26274719  0.14130443
0.00674009  37.00000000  0.00626588  40.00000000  2288.63428060  0.14159200
0.00746662  26.00000000  0.00032927  40.00000000  1255.29829794  0.14187957
0.00192516  38.00000000  0.00192516  40.00000000  1396.88489321  0.14216714
0.02046985  38.00000000  0.02046985  40.00000000  2229.15197046  0.14245471
0.00360899  33.00000000  0.00152922  40.00000000  1390.09032492  0.14274227
0.00017908  38.00000000  0.00017908  40.00000000  1266.85877463  0.14302984
0.00078489  32.00000000  0.00011705  40.00000000  1444.33260960  0.14331741
0.00238870  37.00000000  0.00142647  40.00000000  1170.31797542  0.14360498
0.00969511  38.00000000  0.00969511  40.00000000  1254.43595886  0.14389255
0.00127446  27.00000000  0.00063742  40.00000000  1799.13558407  0.14418012
0.00144031  36.00000000  0.00017776  40.00000000  1987.94171185  0.14446769
0.00141559  33.00000000  0.00067014  40.00000000  962.36021886  0.14475526
0.01356932  33.00000000  0.00061414  40.00000000  1158.39754285  0.14504283
0.00665171  37.00000000  0.00534789  40.00000000  1177.77023404  0.14533040
0.00393549  37.00000000  0.00337753  40.00000000  1469.41485509  0.14561797
0.00014433  35.00000000  0.00007774  40.00000000  1096.69328470  0.14590554
0.03405815  36.00000000  0.03381163  40.00000000  1864.76912491  0.14619311
0.00111012  38.00000000  0.00111012  40.00000000  1919.59751538  0.14648068
0.00026665  37.00000000  0.00026480  40.00000000  1093.16481755  0.14676825
0.00267454  38.00000000  0.00267454  40.00000000  1695.88171772  0.14705582
0.05881399  36.00000000  0.05573606  40.00000000  2169.52244332  0.14734339
0.00284596  32.00000000  0.00045805  40.00000000  1133.15926994  0.14763096
0.00034204  36.00000000  0.00014959  40.00000000  1471.74796388  0.14791852
0.01296221  38.00000000  0.01296221  40.00000000  1258.57275141  0.14820609
0.00291429  38.00000000  0.00291429  40.00000000  1129.94723784  0.14849366
0.00027389  37.00000000  0.00020306  40.00000000  1588.48928474  0.14878123
0.01343725  38.00000000  0.01343725  40.00000000  1737.71524608  0.14906880
0.00279487  37.00000000  0.00256108  40.00000000  1071.82602071  0.14935637
0.00018898  35.00000000  0.00015935  40.00000000  909.84519223  0.14964394
0.00081399  38.00000000  0.00081399  40.00000000  1706.68138368  0.14993151
0.06891707  35.00000000  0.03513538  40.00000000  2050.36988079  0.15021908
0.00030711  36.00000000  0.00018767  40.00000000  1111.07321244  0.15050665
0.00356210  34.00000000  0.00069911  40.00000000  1360.98258859  0.15079422
0.00478469  38.00000000  0.00478469  40.00000000  1817.69883574  0.15108179
0.00340917  38.00000000  0.00340917  40.00000000  1211.99562521  0.15136936
0.06949642  37.00000000  0.05672637  40.00000000  1604.55405910  0.15165693
0.03795199  38.00000000  0.03795199  40.00000000  1522.22519932  0.15194450
0.00034468  30.00000000  0.00030907  40.00000000  1391.02909277  0.15223207
0.00138519  38.00000000  0.00138519  40.00000000  1483.98596005  0.15251964
0.03176078  38.00000000  0.03176078  40.00000000  1463.59925398  0.15280720
0.00477798  30.00000000  0.00253803  40.00000000  1701.61230195  0.15309477
0.00511276  34.00000000  0.00358542  40.00000000  1229.48461019  0.15338234
0.05218767  38.00000000  0.05218767  40.00000000  2493.26334046  0.15366991
0.00292624  37.00000000  0.00280403  40.00000000  1236.67200152  0.15395748
0.00056435  38.00000000  0.00056435  40.00000000  1141.53844506  0.15424505
0.01222000  38.00000000  0.01222000  40.00000000  1274.13717235  0.15453262
0.00588836  35.00000000  0.00404050  40.00000000  1036.09317872  0.15482019
0.00415401  32.00000000  0.00284135  40.00000000  1125.42004676  0.15510776
0.00052774  38.00000000  0.00052774  40.00000000  1612.51143185  0.15539533
0.00408091  37.00000000  0.00385478  40.00000000  1344.18558755  0.15568290
0.00137727  38.00000000  0.00137727  40.00000000  975.83453571  0.15597047
0.00221945  36.00000000  0.00024151  40.00000000  1307.51069004  0.15625804
0.03373717  33.00000000  0.01841038  40.00000000  1930.95860450  0.15654561
0.01963240  35.00000000  0.00088312  40.00000000  1307.55267962  0.15683318
0.00082475  30.00000000  0.00072587  40.00000000  1352.10342910  0.15712075
0.00236092  38.00000000  0.00236092  40.00000000  1011.68299380  0.15740832
0.00732279  30.00000000  0.00336374  40.00000000  1285.94536420  0.15769589
0.00109591  28.00000000  0.00020886  40.00000000  1296.01224947  0.15798345
0.00155200  36.00000000  0.00060838  40.00000000  1048.59872611  0.15827102
0.00953450  38.00000000  0.00953450  40.00000000  1056.17482196  0.15855859
0.02698701  33.00000000  0.02289778  40.00000000  1563.50308891  0.15884616
0.00040023  33.00000000  0.00004824  40.00000000  1510.83433149  0.15913373
0.00360889  38.00000000  0.00360889  40.00000000  1525.16063157  0.15942130
0.00177244  38.00000000  0.00177244  40.00000000  1189.99660898  0.15970887
0.00006718  38.00000000  0.00006718  40.00000000  944.90430444  0.15999644
0.02199256  36.00000000  0.01696948  40.00000000  1609.26633158  0.16028401
0.02799579  38.00000000  0.02799579  40.00000000  1622.21112191  0.16057158
0.00028761  35.00000000  0.00012175  40.00000000  1028.88485447  0.16085915
0.00119393  38.00000000  0.00119393  40.00000000  1084.09883545  0.16114672
0.02538638  37.00000000  0.02469122  40.00000000  1650.57159757  0.16143429
0.00207706  35.00000000  0.00112978  40.00000000  1291.47682245  0.16172186
0.00230944  38.00000000  0.00230944  40.00000000  1256.04945557  0.16200943
0.02197955  38.00000000  0.02197955  40.00000000  2038.88896654  0.16229700
0.00788024  38.00000000  0.00788024  40.00000000  1869.76197038  0.16258457
0.00065870  38.00000000  0.00065870  40.00000000  1155.18102563  0.16287213
0.00033610  35.00000000  0.00018775  40.00000000  1636.23097638  0.16315970
0.00225284  36.00000000  0.00188598  40.00000000  1461.10823574  0.16344727
0.00979111  29.00000000  0.00448041  40.00000000  1711.29338109  0.16373484
0.01473466  38.00000000  0.01473466  40.00000000  924.91182988  0.16402241
0.00124207  25.00000000  0.00013761  40.00000000  1842.49608582  0.16430998
0.00374281  34.00000000  0.00194881  40.00000000  1695.28595315  0.16459755
0.00055845  30.00000000  0.00032237  40.00000000  985.65522854  0.16488512
0.00230639  38.00000000  0.00230639  40.00000000  1274.98278156  0.16517269
0.00248627  38.00000000  0.00248627  40.00000000  989.23972667  0.16546026
0.00053822  36.00000000  0.00025887  40.00000000  1671.22213312  0.16574783
0.00095903  38.00000000  0.00095903  40.00000000  1554.85323205  0.16603540
0.00181238  31.00000000  0.00093131  40.00000000  1856.59592948  0.16632297
0.04007082  35.00000000  0.00699287  40.00000000  2741.48386585  0.16661054
0.00419810  32.00000000  0.00311357  40.00000000  1338.03839099  0.16689811
0.00204447  35.00000000  0.00051287  40.00000000  1435.68349643  0.16718568
0.00171983  38.00000000  0.00171983  40.00000000  1665.65867254  0.16747325
0.00020107  38.00000000  0.00020107  40.00000000  1376.99376517  0.16776082
0.00726164  36.00000000  0.00394801  40.00000000  1424.94379367  0.16804838
0.01554546  38.00000000  0.01554546  40.00000000  1446.35813246  0.16833595
0.00552841  34.00000000  0.00308406  40.00000000  1181.76942248  0.16862352
0.01250805  33.00000000  0.00059252  40.00000000  1059.96125681  0.16891109
0.00991254  38.00000000  0.00991254  40.00000000  1459.22590575  0.16919866
0.00176463  38.00000000  0.00176463  40.00000000  1120.67358566  0.16948623
0.00122564  32.00000000  0.00055268  40.00000000  1022.33662503  0.16977380
0.00400876  38.00000000  0.00400876  40.00000000  1618.02713793  0.17006137
0.05992860  38.00000000  0.05992860  40.00000000  2309.02007193  0.17034894
0.03755364  38.00000000  0.03755364  40.00000000  2513.14724269  0.17063651
0.00585826  26.00000000  0.00118499  40.00000000  2557.94880971  0.17092408
0.00042618  25.00000000  0.00022339  40.00000000  1011.15237188  0.17121165
0.00373169  38.00000000  0.00373169  40.00000000  1339.63226876  0.17149922
0.00094240  27.00000000  0.00032431  40.00000000  1345.41617163  0.17178679
0.01235041  38.00000000  0.01235041  40.00000000  1147.14180246  0.17207436
0.00138631  28.00000000  0.00069085  40.00000000  1599.65091461  0.17236193
0.03702651  38.00000000  0.03702651  40.00000000  1356.28129295  0.17264950
0.00039894  38.00000000  0.00039894  40.00000000  948.04114728  0.17293706
0.00033744  24.00000000  0.00008523  40.00000000  1257.95428526  0.17322463
0.00045056  37.00000000  0.00043835  40.00000000  2192.21496495  0.17351220
0.01353753  38.00000000  0.01353753  40.00000000  2466.92887464  0.17379977
0.00438299  38.00000000  0.00438299  40.00000000  1119.84607208  0.17408734
0.00171275  38.00000000  0.00171275  40.00000000  928.81371590  0.17437491
0.00953104  36.00000000  0.00408833  40.00000000  1892.92033173  0.17466248
0.00096484  38.00000000  0.00096484  40.00000000  1251.97311114  0.17495005
0.00112159  38.00000000  0.00112159  40.00000000  1090.28685299  0.17523762
0.02745022  38.00000000  0.02745022  40.00000000  1069.64036770  0.17552519
0.04329451  37.00000000  0.03346165  40.00000000  1020.94254864  0.17581276
0.00516128  37.00000000  0.00498438  40.00000000  1358.82448627  0.17610033
0.36034702  38.00000000  0.36034702  40.00000000  1697.21970295  0.17638790
0.00591660  36.00000000  0.00479320  40.00000000  1187.49932002  0.17667547
0.01655643  34.00000000  0.01215269  40.00000000  1170.33949304  0.17696304
0.00167680  38.00000000  0.00167680  40.00000000  1046.39996866  0.17725061
0.01758925  38.00000000  0.01758925  40.00000000  1597.60352748  0.17753818
0.02475436  38.00000000  0.02475436  40.00000000  2220.92494852  0.17782574
0.01733597  38.00000000  0.01733597  40.00000000  1481.30836886  0.17811331
0.00501631  27.00000000  0.00006269  40.00000000  1339.59565566  0.17840088
0.00084768  32.00000000  0.00027489  40.00000000  1680.37263045  0.17868845
0.00030273  22.00000000  0.00012362  40.00000000  908.61879341  0.17897602
0.01658490  37.00000000  0.01607561  40.00000000  1963.31017424  0.17926359
0.00092819  29.00000000  0.00007701  40.00000000  1426.95398878  0.17955116
0.00068958  38.00000000  0.00068958  40.00000000  980.47526015  0.17983873
0.00104596  38.00000000  0.00104596  40.00000000  988.51331812  0.18012630
0.00031121  26.00000000  0.00006961  40.00000000  1161.40422403  0.18041387
0.00055524  37.00000000  0.00047720  40.00000000  929.81241788  0.18070144
0.00635196  38.00000000  0.00635196  40.00000000  2170.94595948  0.18098901
0.04770656  38.00000000  0.04770656  40.00000000  2382.25445226  0.18127658
0.00676594  35.00000000  0.00208879  40.00000000  1244.56431965  0.18156415
0.00122012  38.00000000  0.00122012  40.00000000  1262.07908457  0.18185172
0.00136548  38.00000000  0.00136548  40.00000000  1171.54511083  0.18213929
0.00176620  31.00000000  0.00046525  40.00000000  1774.86677375  0.18242686
0.02798170  38.00000000  0.02798170  40.00000000  1745.22140935  0.18271443
0.00103702  38.00000000  0.00103702  40.00000000  873.46760809  0.18300199
0.00198618  28.00000000  0.00146128  40.00000000  1693.38456021  0.18328956
0.00492220  36.00000000  0.00438191  40.00000000  1594.76131815  0.18357713
0.00408699  31.00000000  0.00258253  40.00000000  1193.71451584  0.18386470
0.00140272  37.00000000  0.00130544  40.00000000  1261.29777211  0.18415227
0.00428222  32.00000000  0.00396502  40.00000000  1207.83847809  0.18443984
0.00189717  34.00000000  0.00014316  40.00000000  1160.25733787  0.18472741
0.00059546  34.00000000  0.00045061  40.00000000  975.14085445  0.18501498
0.01403523  38.00000000  0.01403523  40.00000000  1162.48806083  0.18530255
0.00026015  30.00000000  0.00023788  40.00000000  939.45064560  0.18559012
0.00069806  37.00000000  0.00042606  40.00000000  2011.14677292  0.18587769
0.00730178  37.00000000  0.00689138  40.00000000  1643.35668054  0.18616526
0.01723244  35.00000000  0.00824585  40.00000000  1646.85917380  0.18645283
0.00137713  38.00000000  0.00137713  40.00000000  2278.42913543  0.18674040
0.03870789  38.00000000  0.03870789  40.00000000  1119.33382900  0.18702797
0.00504333  38.00000000  0.00504333  40.00000000  1349.41913431  0.18731554
0.00053608  38.00000000  0.00053608  40.00000000  1226.42597667  0.18760311
0.01685570  38.00000000  0.01685570  40.00000000  1186.02148437  0.18789067
0.03381593  33.00000000  0.02878364  40.00000000  1762.74371391  0.18817824
0.01977010  38.00000000  0.01977010  40.00000000  1090.11187972  0.18846581
0.00159582  32.00000000  0.00114910  40.00000000  1076.11741948  0.18875338
0.00228706  38.00000000  0.00228706  40.00000000  991.34323295  0.18904095
0.00022891  26.00000000  0.00006895  40.00000000  1305.32377994  0.18932852
0.00085376  30.00000000  0.00057335  40.00000000  1228.57322724  0.18961609
0.00018734  38.00000000  0.00018734  40.00000000  978.52451208  0.18990366
0.01634152  38.00000000  0.01634152  40.00000000  2683.17084364  0.19019123
0.00065412  38.00000000  0.00065412  40.00000000  1734.12492681  0.19047880
0.00750691  38.00000000  0.00750691  40.00000000  1038.73818942  0.19076637
0.00125770  34.00000000  0.00078868  40.00000000  910.05981795  0.19105394
0.00413452  37.00000000  0.00408929  40.00000000  1173.45323790  0.19134151
0.00038006  38.00000000  0.00038006  40.00000000  997.06047481  0.19162908
0.00264230  27.00000000  0.00056421  40.00000000  2129.54527964  0.19191665
0.00288831  30.00000000  0.00026659  40.00000000  1203.09377680  0.19220422
0.00563288  38.00000000  0.00563288  40.00000000  1173.14170400  0.19249179
0.07763089  38.00000000  0.07763089  40.00000000  1686.68898162  0.19277936
0.00018879  28.00000000  0.00008971  40.00000000  1059.45172702  0.19306692
0.04612067  32.00000000  0.00851485  40.00000000  1479.44309616  0.19335449
0.00014810  38.00000000  0.00014810  40.00000000  942.63974264  0.19364206
0.00462029  38.00000000  0.00462029  40.00000000  2388.68400387  0.19392963
0.00132275  38.00000000  0.00132275  40.00000000  1338.38656020  0.19421720
0.00296931  28.00000000  0.00026416  40.00000000  2001.97895282  0.19450477
0.00300233  38.00000000  0.00300233  40.00000000  1798.05875841  0.19479234
0.01212036  37.00000000  0.01118266  40.00000000  1069.92997232  0.19507991
0.00264871  38.00000000  0.00264871  40.00000000  1214.75404044  0.19536748
0.01062654  36.00000000  0.00780313  40.00000000  1889.72614587  0.19565505
0.07511380  38.00000000  0.07511380  40.00000000  2445.69781139  0.19594262
0.00948120  38.00000000  0.00948120  40.00000000  1352.27739004  0.19623019
0.00803059  28.00000000  0.00126080  40.00000000  1332.28279531  0.19651776
0.00170326  38.00000000  0.00170326  40.00000000  1674.68090089  0.19680533
0.00347062  32.00000000  0.00036850  40.00000000  1915.88714296  0.19709290
0.00153844  38.00000000  0.00153844  40.00000000  1324.02489493  0.19738047
0.00030789  38.00000000  0.00030789  40.00000000  1215.54965774  0.19766804
0.00088690  25.00000000  0.00000968  40.00000000  1143.83703014  0.19795560
0.00959761  38.00000000  0.00959761  40.00000000  1089.41309206  0.19824317
0.01804503  38.00000000  0.01804503  40.00000000  2386.26236712  0.19853074
0.00196109  38.00000000  0.00196109  40.00000000  1363.75801651  0.19881831
0.00025111  33.00000000  0.00011614  40.00000000  1058.08705342  0.19910588
0.02114741  35.00000000  0.00221538  40.00000000  1574.31278280  0.19939345
0.00040279  31.00000000  0.00007161  40.00000000  949.49822939  0.19968102
0.00192415  38.00000000  0.00192415  40.00000000  1259.67650287  0.19996859
0.00015785  35.00000000  0.00009458  40.00000000  1008.13180559  0.20025616
0.00141623  24.00000000  0.00013079  40.00000000  1850.73814503  0.20054373
0.00733380  38.00000000  0.00733380  40.00000000  2380.45814260  0.20083130
0.00162494  38.00000000  0.00162494  40.00000000  1457.07894116  0.20111887
0.00165412  33.00000000  0.00080580  40.00000000  1664.78956986  0.20140644
0.00020023  36.00000000  0.00009813  40.00000000  968.82123553  0.20169401
0.00082370  38.00000000  0.00082370  40.00000000  1123.96603105  0.20198158
0.00187367  37.00000000  0.00121297  40.00000000  1880.41048937  0.20226915
0.00386901  30.00000000  0.00378286  40.00000000  1302.78712048  0.20255672
0.00985333  35.00000000  0.00450492  40.00000000  1982.67115190  0.20284429
0.00556317  37.00000000  0.00548995  40.00000000  1366.41964300  0.20313185
0.01032728  38.00000000  0.01032728  40.00000000  1606.63369036  0.20341942
0.00073274  31.00000000  0.00009735  40.00000000  1261.37929774  0.20370699
0.00149277  28.00000000  0.00027742  40.00000000  1723.14717824  0.20399456
0.00217102  33.00000000  0.00084888  40.00000000  1207.19265366  0.20428213
0.00220870  38.00000000  0.00220870  40.00000000  1306.48466491  0.20456970
0.00204615  38.00000000  0.00204615  40.00000000  1108.52368429  0.20485727
0.00082172  31.00000000  0.00034642  40.00000000  1250.70080456  0.20514484
0.00045991  26.00000000  0.00002374  40.00000000  1003.77803783  0.20543241
0.00040015  35.00000000  0.00024581  40.00000000  1048.89846117  0.20571998
0.00249569  38.00000000  0.00249569  40.00000000  1292.33284351  0.20600755
0.00003898  32.00000000  0.00000389  40.00000000  927.01850419  0.20629512
0.00063240  35.00000000  0.00056796  40.00000000  1177.67405557  0.20658269
0.00040512  38.00000000  0.00040512  40.00000000  908.59210259  0.20687026
0.00154946  37.00000000  0.00145252  40.00000000  1407.72116200  0.20715783
0.09670539  36.00000000  0.07766655  40.00000000  1833.56631560  0.20744540
0.00007053  38.00000000  0.00007053  40.00000000  1209.94416074  0.20773297
0.10836764  37.00000000  0.10148594  40.00000000  2584.62116576  0.20802053
0.02654683  34.00000000  0.02472972  40.00000000  1532.59415381  0.20830810
0.00323142  37.00000000  0.00231632  40.00000000  1054.80152833  0.20859567
0.01507841  38.00000000  0.01507841  40.00000000  1110.81662339  0.20888324
0.00412551  38.00000000  0.00412551  40.00000000  1701.19194084  0.20917081
0.00208822  38.00000000  0.00208822  40.00000000  990.39707271  0.20945838
0.00027413  28.00000000  0.00003011  40.00000000  1889.96158075  0.20974595
0.00619541  34.00000000  0.00610162  40.00000000  1298.06141962  0.21003352
0.04788362  38.00000000  0.04788362  40.00000000  2105.51408620  0.21032109
0.00932540  37.00000000  0.00639289  40.00000000  1707.61339011  0.21060866
0.00216080  38.00000000  0.00216080  40.00000000  1126.32960862  0.21089623
0.03650703  36.00000000  0.03378631  40.00000000  2493.63142235  0.21118380
0.00007942  37.00000000  0.00005263  40.00000000  1476.76450673  0.21147137
0.00128668  38.00000000  0.00128668  40.00000000  1425.54607775  0.21175894
0.02262482  35.00000000  0.01226315  40.00000000  1961.22336400  0.21204651
0.00062922  38.00000000  0.00062922  40.00000000  1257.70548559  0.21233408
0.00434682  31.00000000  0.00067032  40.00000000  1104.18689784  0.21262165
0.00007455  37.00000000  0.00006167  40.00000000  1077.17360431  0.21290922
0.00073057  35.00000000  0.00036003  40.00000000  1017.30831981  0.21319678
0.00036442  34.00000000  0.00033040  40.00000000  2177.71474985  0.21348435
0.00031536  38.00000000  0.00031536  40.00000000  1155.67339140  0.21377192
0.00069895  24.00000000  0.00045518  40.00000000  1558.56125244  0.21405949
0.00020579  38.00000000  0.00020579  40.00000000  1121.79854821  0.21434706
0.00153734  38.00000000  0.00153734  40.00000000  1310.61463922  0.21463463
0.00086309  21.00000000  0.00006755  40.00000000  1253.25705614  0.21492220
0.00857968  33.00000000  0.00644224  40.00000000  1452.24399455  0.21520977
0.00350903  38.00000000  0.00350903  40.00000000  1096.29228300  0.21549734
0.01326732  32.00000000  0.00971096  40.00000000  1580.87119511  0.21578491
0.03572246  38.00000000  0.03572246  40.00000000  1451.92553224  0.21607248
0.00178803  28.00000000  0.00128159  40.00000000  1061.57967322  0.21636005
0.00830940  37.00000000  0.00825965  40.00000000  1270.11796647  0.21664762
0.00986437  38.00000000  0.00986437  40.00000000  1696.06370227  0.21693519
0.00347156  36.00000000  0.00126002  40.00000000  1320.40889271  0.21722276
0.00097910  38.00000000  0.00097910  40.00000000  1218.77779972  0.21751033
0.00086706  23.00000000  0.00005203  40.00000000  2202.41075868  0.21779790
0.00381249  37.00000000  0.00115612  40.00000000  973.79539388  0.21808546
0.06576672  37.00000000  0.05184704  40.00000000  1959.13997258  0.21837303
0.01235262  27.00000000  0.00571837  40.00000000  1679.91660649  0.21866060
0.00549891  38.00000000  0.00549891  40.00000000  1016.28872011  0.21894817
0.00363835  38.00000000  0.00363835  40.00000000  1848.00249921  0.21923574
0.00023359  37.00000000  0.00018327  40.00000000  1512.14239032  0.21952331
0.00065340  38.00000000  0.00065340  40.00000000  1002.31116193  0.21981088
0.01187494  36.00000000  0.01147713  40.00000000  1632.96525325  0.22009845
0.00142532  38.00000000  0.00142532  40.00000000  1087.14038910  0.22038602
0.00593685  34.00000000  0.00349066  40.00000000  1470.36928617  0.22067359
0.01847061  36.00000000  0.01085425  40.00000000  1511.54261230  0.22096116
0.02254057  33.00000000  0.00888790  40.00000000  1549.27064103  0.22124873
0.00763253  31.00000000  0.00295392  40.00000000  1845.77695845  0.22153630
0.00021445  37.00000000  0.00013186  40.00000000  987.10269848  0.22182387
0.00312335  30.00000000  0.00014166  40.00000000  1970.01791343  0.22211144
0.00847387  38.00000000  0.00847387  40.00000000  1303.95881732  0.22239901
0.00125587  38.00000000  0.00125587  40.00000000  1469.70424668  0.22268658
0.00049777  30.00000000  0.00036580  40.00000000  1018.08679753  0.22297415
0.00422614  38.00000000  0.00422614  40.00000000  1554.83991282  0.22326171
0.00050481  37.00000000  0.00033126  40.00000000  943.75352823  0.22354928
0.00101061  30.00000000  0.00092908  40.00000000  1568.27933397  0.22383685
0.02696212  36.00000000  0.02556275  40.00000000  1077.93269628  0.22412442
0.00033017  36.00000000  0.00032557  40.00000000  1074.90359082  0.22441199
0.03249458  38.00000000  0.03249458  40.00000000  1924.45489032  0.22469956
0.00124511  24.00000000  0.00042744  40.00000000  1849.71005816  0.22498713
0.00015900  35.00000000  0.00006685  40.00000000  893.74362812  0.22527470
0.00003761  33.00000000  0.00002674  40.00000000  984.19410988  0.22556227
0.00025790  25.00000000  0.00004299  40.00000000  1045.31131629  0.22584984
0.00026968  38.00000000  0.00026968  40.00000000  919.94047375  0.22613741
0.01637254  38.00000000  0.01637254  40.00000000  1606.91541249  0.22642498
0.00001694  34.00000000  0.00001678  40.00000000  988.42065358  0.22671255
0.00177746  37.00000000  0.00115994  40.00000000  983.31476020  0.22700012
0.02460239  38.00000000  0.02460239  40.00000000  1980.22188591  0.22728769
0.00147306  38.00000000  0.00147306  40.00000000  1879.67237282  0.22757526
0.00188420  32.00000000  0.00007702  40.00000000  1821.39190995  0.22786283
0.00172887  26.00000000  0.00052139  40.00000000  1950.49235775  0.22815039
0.00564585  32.00000000  0.00254071  40.00000000  1307.94827016  0.22843796
0.00410939  33.00000000  0.00321178  40.00000000  2335.42294802  0.22872553
0.00336756  38.00000000  0.00336756  40.00000000  1519.34735216  0.22901310
0.00521689  33.00000000  0.00117561  40.00000000  1097.50957341  0.22930067
0.00024497  28.00000000  0.00005905  40.00000000  1704.22054521  0.22958824
0.01112693  38.00000000  0.01112693  40.00000000  1127.61066122  0.22987581
0.00683892  35.00000000  0.00419324  40.00000000  1566.02563977  0.23016338
0.00284090  38.00000000  0.00284090  40.00000000  1751.39206445  0.23045095
0.02174210  32.00000000  0.01030664  40.00000000  1641.08620410  0.23073852
0.00147101  36.00000000  0.00100787  40.00000000  1237.11975906  0.23102609
0.00082112  38.00000000  0.00082112  40.00000000  2002.65196869  0.23131366
0.00152230  33.00000000  0.00111830  40.00000000  968.31703961  0.23160123
0.00034142  29.00000000  0.00026929  40.00000000  2055.43736234  0.23188880
0.00923230  38.00000000  0.00923230  40.00000000  1505.26443126  0.23217637
0.00023319  19.00000000  0.00021926  40.00000000  1111.09959873  0.23246394
0.00059985  37.00000000  0.00054928  40.00000000  1026.00083046  0.23275151
0.01571640  37.00000000  0.01488900  40.00000000  1857.78911063  0.23303908
0.00912809  38.00000000  0.00912809  40.00000000  2021.49736260  0.23332664
0.00499812  38.00000000  0.00499812  40.00000000  1822.71681570  0.23361421
0.00253583  32.00000000  0.00130703  40.00000000  1458.27828083  0.23390178
0.00630812  37.00000000  0.00465335  40.00000000  1437.39121464  0.23418935
0.00426883  30.00000000  0.00160217  40.00000000  1388.85014627  0.23447692
0.01654625  38.00000000  0.01654625  40.00000000  1769.37667836  0.23476449
0.00485403  38.00000000  0.00485403  40.00000000  1153.89169735  0.23505206
0.00162274  30.00000000  0.00109308  40.00000000  1432.36881461  0.23533963
0.00018004  36.00000000  0.00009908  40.00000000  978.40809669  0.23562720
0.00269751  32.00000000  0.00199314  40.00000000  1065.99845349  0.23591477
0.02747213  33.00000000  0.01698758  40.00000000  1295.95482969  0.23620234
0.00474679  30.00000000  0.00171365  40.00000000  1744.65009173  0.23648991
0.00069258  35.00000000  0.00066838  40.00000000  1372.72287320  0.23677748
0.00099540  34.00000000  0.00093892  40.00000000  1744.22004572  0.23706505
0.00068544  38.00000000  0.00068544  40.00000000  1025.23021441  0.23735262
0.00173624  34.00000000  0.00033913  40.00000000  1295.65995416  0.23764019
0.00496135  38.00000000  0.00496135  40.00000000  1104.57856050  0.23792776
0.04051690  38.00000000  0.04051690  40.00000000  1990.08774058  0.23821532
0.00149758  38.00000000  0.00149758  40.00000000  1242.79645891  0.23850289
0.00161158  23.00000000  0.00095486  40.00000000  1594.27209259  0.23879046
0.00567843  36.00000000  0.00558436  40.00000000  1465.57306672  0.23907803
0.00696407  34.00000000  0.00079229  40.00000000  2029.26841086  0.23936560
0.00848154  37.00000000  0.00696205  40.00000000  2168.13538864  0.23965317
0.01704246  36.00000000  0.00869250  40.00000000  1933.32630009  0.23994074
0.00193034  32.00000000  0.00161772  40.00000000  1192.10336736  0.24022831
0.00573725  31.00000000  0.00284644  40.00000000  1870.80447309  0.24051588
0.00430230  38.00000000  0.00430230  40.00000000  1596.67521258  0.24080345
0.00095709  26.00000000  0.00047698  40.00000000  1589.85510958  0.24109102
0.00102764  35.00000000  0.00031248  40.00000000  1143.13180811  0.24137859
0.00175867  38.00000000  0.00175867  40.00000000  963.20478305  0.24166616
0.00839022  36.00000000  0.00605215  40.00000000  1187.95553314  0.24195373
0.00061210  31.00000000  0.00024270  40.00000000  1700.56339479  0.24224130
0.02451028  38.00000000  0.02451028  40.00000000  2081.57438093  0.24252887
0.00103063  37.00000000  0.00099289  40.00000000  1232.62247530  0.24281644
0.00414493  37.00000000  0.00408259  40.00000000  1099.02500620  0.24310401
0.00450670  38.00000000  0.00450670  40.00000000  1857.48876777  0.24339157
0.00480453  29.00000000  0.00186875  40.00000000  1138.48558367  0.24367914
0.01201979  38.00000000  0.01201979  40.00000000  2035.83015650  0.24396671
0.00144393  38.00000000  0.00144393  40.00000000  1162.76687481  0.24425428
0.00032467  38.00000000  0.00032467  40.00000000  1543.30771792  0.24454185
0.00026942  38.00000000  0.00026942  40.00000000  981.40587120  0.24482942
0.00220646  38.00000000  0.00220646  40.00000000  1048.09078174  0.24511699
0.00078235  38.00000000  0.00078235  40.00000000  1085.97036217  0.24540456
0.00045188  37.00000000  0.00042771  40.00000000  1185.23331294  0.24569213
0.00085192  36.00000000  0.00038203  40.00000000  1374.68014575  0.24597970
0.04711406  35.00000000  0.02360089  40.00000000  1211.55092496  0.24626727
0.01249574  20.00000000  0.00075873  40.00000000  2022.11993091  0.24655484
0.00393775  31.00000000  0.00145528  40.00000000  998.11999472  0.24684241
0.00158401  38.00000000  0.00158401  40.00000000  1158.95411338  0.24712998
0.02056980  35.00000000  0.02012926  40.00000000  1465.50337092  0.24741755
0.00431051  33.00000000  0.00072967  40.00000000  1134.57087431  0.24770512
0.00026300  38.00000000  0.00026300  40.00000000  924.09786326  0.24799269
0.00218664  35.00000000  0.00210473  40.00000000  1085.38291510  0.24828025
0.00439458  38.00000000  0.00439458  40.00000000  1774.22386772  0.24856782
0.00129279  31.00000000  0.00071653  40.00000000  1442.66335855  0.24885539
0.00137647  29.00000000  0.00077383  40.00000000  996.77442906  0.24914296
0.00041139  38.00000000  0.00041139  40.00000000  1052.78732661  0.24943053
0.00430156  38.00000000  0.00430156  40.00000000  1081.42864975  0.24971810
0.01680886  38.00000000  0.01680886  40.00000000  1512.84498039  0.25000567
0.01754491  38.00000000  0.01754491  40.00000000  1457.25338977  0.25029324
0.00022645  32.00000000  0.00011707  40.00000000  1008.04787082  0.25058081
0.00034253  32.00000000  0.00013066  40.00000000  1229.36689950  0.25086838
0.00127060  38.00000000  0.00127060  40.00000000  1099.50279912  0.25115595
0.00575305  38.00000000  0.00575305  40.00000000  1707.63195554  0.25144352
0.01821130  33.00000000  0.01569783  40.00000000  2675.64709076  0.25173109
0.01602269  38.00000000  0.01602269  40.00000000  2625.76389671  0.25201866
0.00249167  38.00000000  0.00249167  40.00000000  950.20105054  0.25230623
0.01910963  38.00000000  0.01910963  40.00000000  1197.18991211  0.25259380
0.00605794  36.00000000  0.00574643  40.00000000  1134.41131587  0.25288137
0.06895268  37.00000000  0.06456001  40.00000000  2146.11006418  0.25316894
0.01451753  34.00000000  0.01424882  40.00000000  1397.25453941  0.25345650
0.00159659  36.00000000  0.00001569  40.00000000  1173.45067828  0.25374407
0.01491972  36.00000000  0.01027295  40.00000000  1528.04690448  0.25403164
0.00000318  33.00000000  0.00000076  40.00000000  1056.30444643  0.25431921
0.01077990  38.00000000  0.01077990  40.00000000  1935.55185257  0.25460678
0.00022165  33.00000000  0.00016532  40.00000000  918.27122751  0.25489435
0.00277274  33.00000000  0.00145564  40.00000000  1134.58049318  0.25518192
0.01592849  38.00000000  0.01592849  40.00000000  1610.24906066  0.25546949
0.01679878  38.00000000  0.01679878  40.00000000  2397.50818896  0.25575706
0.00068216  38.00000000  0.00068216  40.00000000  1051.68969064  0.25604463
0.00089636  38.00000000  0.00089636  40.00000000  1604.63857889  0.25633220
0.00675416  36.00000000  0.00669374  40.00000000  1579.10571156  0.25661977
0.00368028  26.00000000  0.00347787  40.00000000  1693.49835782  0.25690734
0.00027371  37.00000000  0.00024313  40.00000000  993.71161889  0.25719491
0.00186977  36.00000000  0.00073935  40.00000000  1212.13407356  0.25748248
0.00205867  38.00000000  0.00205867  40.00000000  926.83833208  0.25777005
0.00025107  38.00000000  0.00025107  40.00000000  1576.07172060  0.25805762
0.00011372  38.00000000  0.00011372  40.00000000  1191.37525896  0.25834518
0.03585350  36.00000000  0.02293979  40.00000000  1997.36132774  0.25863275
0.01164215  37.00000000  0.01115691  40.00000000  1073.97731743  0.25892032
0.01538691  35.00000000  0.00170208  40.00000000  2153.07847820  0.25920789
0.00117590  38.00000000  0.00117590  40.00000000  1287.62581847  0.25949546
0.00100479  38.00000000  0.00100479  40.00000000  1818.28532602  0.25978303
0.00050275  37.00000000  0.00041006  40.00000000  1089.77588195  0.26007060
0.00026706  38.00000000  0.00026706  40.00000000  1227.52926538  0.26035817
0.00016163  34.00000000  0.00014575  40.00000000  996.64111883  0.26064574
0.00161868  20.00000000  0.00158407  40.00000000  1675.30707231  0.26093331
0.00020330  31.00000000  0.00010868  40.00000000  1534.75198038  0.26122088
0.00014943  25.00000000  0.00010881  40.00000000  1025.39552291  0.26150845
0.00061933  38.00000000  0.00061933  40.00000000  1015.06296249  0.26179602
0.01212602  38.00000000  0.01212602  40.00000000  1547.12022636  0.26208359
0.00183524  38.00000000  0.00183524  40.00000000  997.48516175  0.26237116
0.00079290  31.00000000  0.00016262  40.00000000  935.97739147  0.26265873
0.00558927  37.00000000  0.00549576  40.00000000  1502.56136065  0.26294630
0.00282687  25.00000000  0.00011488  40.00000000  1634.50308169  0.26323387
0.00114879  26.00000000  0.00042744  40.00000000  1514.23843686  0.26352143
0.00136892  27.00000000  0.00002551  40.00000000  1174.58825667  0.26380900
0.00018698  34.00000000  0.00007283  40.00000000  896.09212863  0.26409657
0.00365364  26.00000000  0.00173020  40.00000000  1225.03989851  0.26438414
0.00501923  37.00000000  0.00500050  40.00000000  2111.76368705  0.26467171
0.14441904  38.00000000  0.14441904  40.00000000  1376.75219212  0.26495928
0.00296534  36.00000000  0.00020543  40.00000000  1769.09791344  0.26524685
0.00053535  37.00000000  0.00051674  40.00000000  1207.57422231  0.26553442
0.01245323  32.00000000  0.01072470  40.00000000  2152.02646523  0.26582199
0.01023531  38.00000000  0.01023531  40.00000000  1805.88496159  0.26610956
0.00074589  38.00000000  0.00074589  40.00000000  938.67659334  0.26639713
0.04371169  38.00000000  0.04371169  40.00000000  1616.16903734  0.26668470
0.12827397  36.00000000  0.11619303  40.00000000  2110.46864908  0.26697227
0.00498981  30.00000000  0.00038731  40.00000000  1033.24901088  0.26725984
0.00394881  30.00000000  0.00081231  40.00000000  2277.00652666  0.26754741
0.01318828  38.00000000  0.01318828  40.00000000  1258.07581251  0.26783498
0.00133675  27.00000000  0.00024840  40.00000000  1642.95218410  0.26812255
0.00270426  36.00000000  0.00155398  40.00000000  1411.08776770  0.26841011
0.09478556  38.00000000  0.09478556  40.00000000  2870.66541739  0.26869768
0.00872647  35.00000000  0.00130849  40.00000000  2052.63495311  0.26898525
0.00745375  38.00000000  0.00745375  40.00000000  1297.48963725  0.26927282
0.02022002  38.00000000  0.02022002  40.00000000  1967.41700444  0.26956039
0.00058585  36.00000000  0.00056260  40.00000000  1270.75274536  0.26984796
0.00129119  35.00000000  0.00127290  40.00000000  1382.61107097  0.27013553
0.00136916  38.00000000  0.00136916  40.00000000  1379.53611359  0.27042310
0.19741939  37.00000000  0.18913469  40.00000000  1655.96475193  0.27071067
0.00224013  32.00000000  0.00164464  40.00000000  1885.37191545  0.27099824
0.00243628  38.00000000  0.00243628  40.00000000  1304.00251618  0.27128581
0.01438653  38.00000000  0.01438653  40.00000000  1158.01997331  0.27157338
0.00013721  27.00000000  0.00005641  40.00000000  1110.23756960  0.27186095
0.00102660  32.00000000  0.00008974  40.00000000  1180.00481087  0.27214852
0.00792353  38.00000000  0.00792353  40.00000000  1402.89548149  0.27243609
0.00155181  34.00000000  0.00098386  40.00000000  1829.16159613  0.27272366
0.00043744  38.00000000  0.00043744  40.00000000  1495.56200963  0.27301123
0.00272030  38.00000000  0.00272030  40.00000000  1225.65399772  0.27329880
0.00018425  19.00000000  0.00008348  40.00000000  1163.22939868  0.27358636
0.01351091  38.00000000  0.01351091  40.00000000  1569.61447241  0.27387393
0.02408584  29.00000000  0.01638497  40.00000000  1713.27455667  0.27416150
0.00586266  38.00000000  0.00586266  40.00000000  975.87434444  0.27444907
0.01894945  35.00000000  0.00901783  40.00000000  1365.43327893  0.27473664
0.00412252  35.00000000  0.00206857  40.00000000  1534.92341677  0.27502421
0.00098239  20.00000000  0.00031814  40.00000000  1114.72111946  0.27531178
0.00625453  36.00000000  0.00417880  40.00000000  1872.36039597  0.27559935
0.00498476  33.00000000  0.00496922  40.00000000  1894.05968380  0.27588692
0.00032872  34.00000000  0.00002115  40.00000000  1303.90965916  0.27617449
0.00063139  37.00000000  0.00061233  40.00000000  1328.83529281  0.27646206
0.00018249  38.00000000  0.00018249  40.00000000  1515.80479806  0.27674963
0.08460175  38.00000000  0.08460175  40.00000000  1378.41905530  0.27703720
0.00717546  38.00000000  0.00717546  40.00000000  1684.76792601  0.27732477
0.00188194  36.00000000  0.00184165  40.00000000  1793.98962392  0.27761234
0.00133699  38.00000000  0.00133699  40.00000000  1400.28582669  0.27789991
0.00048568  35.00000000  0.00033420  40.00000000  1769.24383681  0.27818748
0.00567239  37.00000000  0.00546590  40.00000000  1472.16852828  0.27847504
0.02617849  33.00000000  0.02118412  40.00000000  1994.20674324  0.27876261
0.00841821  38.00000000  0.00841821  40.00000000  1625.93930161  0.27905018
0.00872522  34.00000000  0.00691087  40.00000000  1727.96491213  0.27933775
0.00215264  38.00000000  0.00215264  40.00000000  1408.41957904  0.27962532
0.00144298  34.00000000  0.00091225  40.00000000  1127.79345885  0.27991289
0.00390160  38.00000000  0.00390160  40.00000000  1104.08271773  0.28020046
0.01072962  38.00000000  0.01072962  40.00000000  1716.68631806  0.28048803
0.00090287  38.00000000  0.00090287  40.00000000  1675.75352843  0.28077560
0.00111177  33.00000000  0.00075055  40.00000000  990.89337092  0.28106317
0.01541252  31.00000000  0.00342474  40.00000000  1490.39213345  0.28135074
0.00826814  32.00000000  0.00327356  40.00000000  1776.54620565  0.28163831
0.00782664  33.00000000  0.00245381  40.00000000  1494.59927578  0.28192588
0.05265273  33.00000000  0.00375361  40.00000000  1954.72265028  0.28221345
0.01153945  28.00000000  0.00799769  40.00000000  1289.39643874  0.28250102
0.02815277  35.00000000  0.02684015  40.00000000  2585.56415800  0.28278859
0.00040396  32.00000000  0.00021282  40.00000000  1057.59282255  0.28307616
0.05505195  36.00000000  0.05140768  40.00000000  2792.91817482  0.28336373
0.00063194  24.00000000  0.00003171  40.00000000  1300.25134638  0.28365129
0.00197549  38.00000000  0.00197549  40.00000000  1757.43881443  0.28393886
0.00620848  31.00000000  0.00253535  40.00000000  2291.30059921  0.28422643
0.00148135  35.00000000  0.00024027  40.00000000  1088.65679485  0.28451400
0.00002912  38.00000000  0.00002912  40.00000000  1125.92304024  0.28480157
0.00312042  37.00000000  0.00245954  40.00000000  1675.88754124  0.28508914
0.00349840  38.00000000  0.00349840  40.00000000  1025.54349589  0.28537671
0.00237410  38.00000000  0.00237410  40.00000000  1084.61412800  0.28566428
0.00037325  38.00000000  0.00037325  40.00000000  1818.92875625  0.28595185
0.00289086  32.00000000  0.00079991  40.00000000  1448.23005760  0.28623942
0.00652327  38.00000000  0.00652327  40.00000000  2542.49305776  0.28652699
0.00006959  37.00000000  0.00005837  40.00000000  1158.42678642  0.28681456
0.03109209  35.00000000  0.01851356  40.00000000  3000.29019058  0.28710213
0.02938678  36.00000000  0.02921811  40.00000000  1157.35918500  0.28738970
0.00027560  32.00000000  0.00010420  40.00000000  1209.16543082  0.28767727
0.00129348  38.00000000  0.00129348  40.00000000  1321.60333514  0.28796484
0.03737076  38.00000000  0.03737076  40.00000000  1772.13742077  0.28825241
0.00013918  33.00000000  0.00007345  40.00000000  1185.36646474  0.28853997
0.00375210  34.00000000  0.00264249  40.00000000  1726.17236108  0.28882754
0.03952075  38.00000000  0.03952075  40.00000000  1175.68709556  0.28911511
0.00053955  30.00000000  0.00013243  40.00000000  988.91604024  0.28940268
0.00120805  38.00000000  0.00120805  40.00000000  1783.61254564  0.28969025
0.00142459  37.00000000  0.00036055  40.00000000  1092.93252501  0.28997782
0.00135606  28.00000000  0.00092570  40.00000000  1354.18481852  0.29026539
0.12373712  32.00000000  0.08340640  40.00000000  1603.29185386  0.29055296
0.00123798  38.00000000  0.00123798  40.00000000  1050.32569794  0.29084053
0.01038936  38.00000000  0.01038936  40.00000000  994.50893953  0.29112810
0.00134590  35.00000000  0.00031279  40.00000000  1377.61591729  0.29141567
0.00870906  31.00000000  0.00831623  40.00000000  1561.84851079  0.29170324
0.00396327  38.00000000  0.00396327  40.00000000  898.07831487  0.29199081
0.01379741  38.00000000  0.01379741  40.00000000  1163.55820683  0.29227838
0.00125097  38.00000000  0.00125097  40.00000000  1190.96272176  0.29256595
0.00082420  38.00000000  0.00082420  40.00000000  1762.23658569  0.29285352
0.00031646  38.00000000  0.00031646  40.00000000  1527.33144542  0.29314109
0.01795574  38.00000000  0.01795574  40.00000000  1119.95298327  0.29342865
0.00953715  38.00000000  0.00953715  40.00000000  2323.01257551  0.29371622
0.04585510  29.00000000  0.01696893  40.00000000  1346.34159233  0.29400379
0.00106728  38.00000000  0.00106728  40.00000000  1352.78838966  0.29429136
0.04705490  37.00000000  0.04656181  40.00000000  1507.12457551  0.29457893
0.00474759  38.00000000  0.00474759  40.00000000  1726.85529059  0.29486650
0.00014860  33.00000000  0.00011805  40.00000000  1465.04457519  0.29515407
0.00658473  38.00000000  0.00658473  40.00000000  1403.01363861  0.29544164
0.00578411  34.00000000  0.00484676  40.00000000  1408.82862939  0.29572921
0.00446798  38.00000000  0.00446798  40.00000000  1235.82017699  0.29601678
0.00567045  38.00000000  0.00567045  40.00000000  1532.82783509  0.29630435
0.02054245  38.00000000  0.02054245  40.00000000  1458.19884426  0.29659192
0.00117825  28.00000000  0.00070283  40.00000000  1478.67150097  0.29687949
0.00146241  34.00000000  0.00058374  40.00000000  2510.97505317  0.29716706
0.00050313  32.00000000  0.00000843  40.00000000  1784.20043437  0.29745463
0.00025525  33.00000000  0.00011125  40.00000000  1910.55256995  0.29774220
0.16537879  38.00000000  0.16537879  40.00000000  1688.78965543  0.29802977
0.05441529  35.00000000  0.05171166  40.00000000  1288.50786107  0.29831734
0.00015780  38.00000000  0.00015780  40.00000000  1051.62162995  0.29860490
0.01289364  33.00000000  0.01015269  40.00000000  2276.64513112  0.29889247
0.01833221  38.00000000  0.01833221  40.00000000  2054.38807692  0.29918004
0.00014701  38.00000000  0.00014701  40.00000000  1699.31070992  0.29946761
0.00357433  28.00000000  0.00137091  40.00000000  1234.93573941  0.29975518
0.00066196  38.00000000  0.00066196  40.00000000  1566.60068139  0.30004275
0.00428395  38.00000000  0.00428395  40.00000000  1370.68195027  0.30033032
0.01384065  38.00000000  0.01384065  40.00000000  1798.88016836  0.30061789
0.00691316  38.00000000  0.00691316  40.00000000  1242.13374613  0.30090546
0.00061190  38.00000000  0.00061190  40.00000000  1069.88713098  0.30119303
0.01106398  35.00000000  0.00638913  40.00000000  2333.57489854  0.30148060
0.00132465  38.00000000  0.00132465  40.00000000  1434.87552160  0.30176817
0.00706166  38.00000000  0.00706166  40.00000000  2376.47360035  0.30205574
0.00140011  35.00000000  0.00123913  40.00000000  1811.35494137  0.30234331
0.00033647  38.00000000  0.00033647  40.00000000  1041.70801584  0.30263088
0.03936806  36.00000000  0.03508964  40.00000000  2228.00054249  0.30291845
0.00380426  35.00000000  0.00284124  40.00000000  1422.47994100  0.30320602
0.00174614  29.00000000  0.00094643  40.00000000  1980.46376853  0.30349358
0.00006501  38.00000000  0.00006501  40.00000000  1014.66909166  0.30378115
0.00121916  37.00000000  0.00121172  40.00000000  1327.89874391  0.30406872
0.00130874  38.00000000  0.00130874  40.00000000  1140.16302574  0.30435629
0.00006725  37.00000000  0.00006199  40.00000000  994.21564979  0.30464386
0.00856756  34.00000000  0.00509171  40.00000000  1970.50228423  0.30493143
0.00014224  20.00000000  0.00004053  40.00000000  1491.36529160  0.30521900
0.01784780  38.00000000  0.01784780  40.00000000  1937.70874895  0.30550657
0.00065057  34.00000000  0.00048088  40.00000000  1177.32676067  0.30579414
0.00031924  34.00000000  0.00027730  40.00000000  1467.12899149  0.30608171
0.00043500  37.00000000  0.00039737  40.00000000  1334.90869657  0.30636928
0.00021909  33.00000000  0.00012929  40.00000000  1022.64100461  0.30665685
0.00052806  36.00000000  0.00022891  40.00000000  1646.96219221  0.30694442
0.00051321  38.00000000  0.00051321  40.00000000  1561.68957228  0.30723199
0.00158683  38.00000000  0.00158683  40.00000000  1218.07221646  0.30751956
0.00287123  35.00000000  0.00272226  40.00000000  2709.55558960  0.30780713
0.01296507  37.00000000  0.01261555  40.00000000  1509.24069272  0.30809470
0.00013688  30.00000000  0.00000029  40.00000000  958.30931859  0.30838227
0.01133581  35.00000000  0.01092141  40.00000000  1955.19097771  0.30866983
0.00090470  38.00000000  0.00090470  40.00000000  1393.82679918  0.30895740
0.00066229  21.00000000  0.00039375  40.00000000  1397.27672108  0.30924497
0.00537591  30.00000000  0.00394282  40.00000000  2330.48249771  0.30953254
0.00106113  37.00000000  0.00085529  40.00000000  1248.00046875  0.30982011
0.00082979  38.00000000  0.00082979  40.00000000  1185.55168028  0.31010768
0.00109778  36.00000000  0.00079918  40.00000000  1091.10923073  0.31039525
0.00064193  25.00000000  0.00009048  40.00000000  1127.46548293  0.31068282
0.03314474  38.00000000  0.03314474  40.00000000  2221.81742205  0.31097039
0.00326088  38.00000000  0.00326088  40.00000000  1156.89487546  0.31125796
0.00006780  34.00000000  0.00005680  40.00000000  973.07859272  0.31154553
0.00220067  36.00000000  0.00104719  40.00000000  2093.51357283  0.31183310
0.00632485  38.00000000  0.00632485  40.00000000  2262.58805844  0.31212067
0.00015198  37.00000000  0.00013597  40.00000000  1618.70819091  0.31240824
0.00167765  34.00000000  0.00145137  40.00000000  971.04264803  0.31269581
0.00015268  37.00000000  0.00015158  40.00000000  1876.29636878  0.31298338
