15
7
12
12
24
17
7
11
23
7
22
7
10
22
15
24
13
24
24
1
1
9
16
16
1
24
2
2
10
2
10
18
11
3
11
3
0
23
12
18
4
13
4
17
13
14
5
2
5
2
14
21
6
19
15
6
15
15
23
7
16
2
7
16
23
22
8
17
23
20
9
9
9
18
23
19
24
10
1
3
19
11
0
11
11
4
20
12
12
12
24
12
21
8
23
13
22
7
10
22
7
24
2
14
23
15
23
8
16
16
16
24
13
24
10
15
17
10
8
17
17
6
1
10
2
2
4
12
4
0
19
16
15
1
24
23
23
21
23
23
23
21
23
23
1
23
23
22
23
16
23
22
23
22
23
23
23
23
23
23
23
23
23
24
23
23
11
11
22
23
11
23
14
