20
9
21
12
23
0
15
13
11
0
13
22
11
14
8
17
20
0
20
1
9
1
24
14
18
10
2
2
2
14
18
2
24
11
3
24
3
18
2
4
4
4
13
3
4
24
5
20
5
4
14
16
6
23
15
6
20
24
7
19
7
16
4
5
20
19
8
17
20
22
22
9
24
18
3
10
10
24
10
19
23
22
11
20
11
11
20
24
21
12
23
0
21
8
13
0
13
22
13
14
5
14
3
4
23
15
9
1
24
15
3
16
24
16
5
14
2
2
17
11
14
6
3
18
2
4
4
4
2
18
19
19
21
24
23
21
23
16
21
23
1
23
20
23
23
23
21
23
21
22
23
22
10
23
22
23
19
9
24
22
24
6
21
23
23
21
23
22
23
21
21
24
0
