5
20
12
21
22
21
9
7
13
11
7
22
19
7
14
8
8
24
23
1
9
1
15
24
24
10
24
2
16
2
19
11
17
3
3
2
12
3
2
2
12
4
2
13
2
21
16
16
5
21
14
21
17
6
15
21
4
16
7
7
7
16
16
8
8
2
8
21
17
0
20
9
18
20
18
18
9
10
20
19
23
24
11
11
11
20
20
20
12
21
11
0
21
13
13
6
24
22
5
22
14
24
24
24
23
11
23
3
15
24
0
16
24
24
16
5
2
8
17
3
3
18
14
15
17
2
7
18
14
13
11
5
3
3
24
23
23
18
21
23
23
1
24
24
7
24
24
20
24
24
24
24
24
24
23
23
23
24
20
24
24
23
24
24
20
24
24
24
24
24
24
24
13
