7
20
7
9
0
21
6
21
13
7
7
13
22
11
14
12
15
8
0
1
1
15
10
1
16
13
13
2
2
11
2
2
20
3
3
12
3
1
17
18
4
19
4
19
13
13
21
13
5
19
14
1
15
6
23
15
15
15
7
16
7
16
2
24
8
17
8
24
17
9
1
9
5
18
0
24
19
5
19
10
19
24
1
11
20
7
7
20
7
9
0
21
21
21
13
2
1
13
22
8
14
24
10
23
0
15
23
15
10
1
16
13
24
16
3
6
13
14
15
2
7
12
9
16
2
4
15
17
1
19
2
3
0
13
23
21
23
23
24
23
23
21
23
23
23
23
18
23
23
24
24
24
24
24
15
23
23
22
23
23
22
23
4
23
23
24
22
24
21
19
24
7
24
