5
7
12
22
18
21
24
6
9
13
24
12
22
18
23
12
14
8
9
1
1
24
1
1
20
0
10
2
2
17
2
2
18
11
3
12
3
0
3
3
4
1
4
18
0
13
14
5
17
21
0
21
6
16
0
6
15
1
7
0
7
24
16
24
5
8
1
18
17
19
9
9
18
19
18
9
24
10
19
3
19
11
4
11
20
22
20
3
12
22
22
21
24
21
13
9
13
7
22
22
23
23
14
13
23
23
15
12
1
13
0
0
24
24
16
17
17
10
4
11
17
7
3
0
11
18
12
1
11
0
0
10
21
6
21
23
23
21
23
23
23
23
23
23
24
24
19
24
24
6
24
24
20
18
24
22
24
4
24
24
24
20
24
19
24
3
7
24
24
24
24
24
24
