20
14
5
24
24
21
10
21
10
24
22
12
9
8
0
8
0
22
1
23
1
9
0
16
10
18
20
2
24
10
17
18
20
11
3
2
20
0
17
17
4
1
13
4
19
13
5
14
5
24
18
14
6
15
6
15
20
15
7
22
7
7
16
16
16
21
17
8
22
24
24
9
18
19
3
24
10
19
10
19
20
24
11
20
11
1
20
11
12
24
24
21
12
21
5
24
22
8
13
22
7
4
0
5
15
23
5
15
16
16
10
3
24
16
24
10
17
9
12
11
14
13
4
0
17
16
17
16
13
15
0
19
15
14
9
24
24
14
24
22
24
22
2
24
19
22
24
7
23
20
23
21
18
23
22
23
23
23
24
24
17
24
24
24
24
24
24
24
8
23
23
22
3
