5
7
22
8
23
8
7
16
20
7
7
8
15
9
8
14
14
0
12
1
24
1
15
15
0
24
24
10
2
14
11
20
22
3
1
3
3
12
1
3
4
4
13
16
4
14
23
5
1
14
1
23
6
15
6
21
22
17
7
16
20
7
16
21
23
8
17
23
17
2
19
0
9
18
0
24
10
19
10
19
10
0
2
11
7
20
7
12
22
12
21
8
1
13
6
13
13
22
13
13
0
14
14
23
9
23
24
15
5
10
0
24
24
16
10
10
9
2
17
2
16
3
18
18
18
19
4
4
13
13
4
15
19
24
23
23
17
23
23
2
23
21
23
0
23
2
23
22
23
21
23
23
8
23
23
5
23
23
9
23
0
23
10
22
23
3
23
1
24
20
7
24
15
