23
16
6
7
13
12
7
7
18
12
23
12
13
20
14
8
13
13
0
1
1
9
1
1
23
0
10
2
2
17
11
22
11
2
3
3
12
21
17
3
4
4
13
4
19
4
5
20
5
14
21
18
2
6
20
15
1
2
23
7
0
23
16
17
23
23
8
1
23
1
7
9
0
18
1
22
3
10
19
3
19
1
11
5
6
20
23
12
6
12
21
12
7
24
6
13
22
12
13
10
14
14
23
13
5
23
15
1
13
13
24
3
24
24
2
1
15
16
17
2
4
15
17
3
12
3
19
13
13
4
19
7
5
24
23
23
21
23
23
6
23
4
23
21
23
23
0
23
5
23
23
24
24
21
23
17
23
8
23
22
23
6
23
22
0
24
24
22
11
23
23
20
11
