15
8
8
17
6
13
12
11
8
24
13
22
23
16
23
8
18
19
23
1
24
1
23
19
20
24
10
2
11
2
17
2
23
2
3
22
12
16
1
2
4
2
4
13
14
19
4
5
23
23
14
23
6
15
6
2
15
15
16
7
24
4
16
3
7
8
17
6
23
22
9
18
9
18
5
22
10
19
4
19
1
11
2
10
11
20
23
1
4
12
6
21
12
3
0
6
13
22
23
10
23
10
14
23
23
1
15
24
1
0
9
24
24
16
9
2
17
2
17
0
17
15
16
16
18
18
4
2
4
13
3
18
10
24
23
23
18
23
24
24
21
24
24
24
19
23
23
7
0
23
21
23
3
23
23
23
24
24
22
24
24
24
24
24
24
24
24
19
24
22
24
20
11
