21
17
14
12
0
9
21
11
15
20
13
8
22
8
14
15
22
23
8
1
1
15
1
1
22
24
20
2
18
2
11
11
12
11
3
3
13
3
12
4
4
2
19
4
13
3
18
5
23
18
14
16
16
18
6
5
3
21
7
16
16
7
17
16
8
17
0
8
17
9
9
9
3
18
23
0
10
19
19
10
19
2
2
3
4
20
21
12
5
12
0
5
21
4
13
11
8
11
22
13
14
8
23
14
13
1
23
15
1
10
11
24
3
16
11
8
17
17
15
17
3
3
18
3
0
4
18
2
19
4
9
19
4
5
23
24
23
23
21
18
23
23
23
23
21
23
20
23
23
23
23
21
19
24
24
9
22
23
17
18
23
4
22
23
15
22
23
2
2
23
4
8
21
