8 8 8 8 8 8 8 8 8 8 7 7 3 7 7 1 8 1 1 1 2 3 1 7 7 1 7 8 8 7 1 7 7 7 7 7 1 7 7 7 7 1 1 1 1 1 3 1 1 1 3 1 1 1 7 1 7 7 7 7 7 7 7 7 7 7 1 7 7 7 5 1 1 1 1 1 1 1 1 1
8 8 8 8 8 8 8 8 8 8 7 7 3 7 7 1 8 1 1 1 2 3 1 7 7 7 8 8 8 8 8 8 8 7 7 8 8 7 16 12 1 1 1 3 1 8 7 7 7 7 7 2 7 7 7 7 7 1 1 1 1 8 7 7 7 7 7 7 1 7 7 12 7 7 7 7 7 7 7 7
8 8 8 8 8 8 8 8 8 8 7 7 3 7 7 1 8 1 1 16 2 3 3 3 3 3 3 3 3 3 3 3 3 3 3 1 7 7 7 7 7 7 7 7 7 7 7 7 7 7 7 7 7 1 1 1 1 1 3 3 3 3 3 2 1 1 1 2 7 1 7 8 7 7 7 2 2 2 2 2
8 8 8 8 8 8 8 8 8 8 7 7 3 7 7 1 8 1 1 1 2 3 1 7 7 7 8 8 8 8 8 8 8 7 7 6 7 2 3 3 3 3 3 3 3 3 3 1 7 7 7 7 0 7 7 7 7 7 7 7 7 7 7 7 7 7 1 1 7 8 8 8 8 8 8 8 8 8 8 8
8 8 8 8 8 8 8 8 8 8 7 7 3 7 7 1 8 1 1 1 14 2 3 8 1 7 7 7 8 7 7 7 7 1 7 7 7 7 1 1 1 1 1 1 3 3 3 3 1 8 7 7 7 7 7 7 7 7 7 7 7 7 7 3 1 1 1 1 1 3 3 1 1 7 7 7 7 7 7 7
8 8 8 8 8 8 8 8 8 8 7 7 3 7 7 1 8 1 1 1 2 3 1 7 7 7 8 8 8 8 8 8 11 7 1 7 8 7 7 7 7 7 7 7 7 7 7 1 1 1 1 1 1 3 3 3 3 3 3 1 1 3 3 7 7 7 7 7 7 7 7 0 7 7 7 7 7 7 7 7
8 8 8 8 8 8 8 8 8 8 7 7 3 7 7 1 8 1 1 1 2 3 4 8 7 7 7 8 8 8 8 8 7 7 7 7 7 1 1 1 1 1 3 7 7 7 7 7 7 7 7 7 7 7 7 7 7 7 7 7 7 8 8 8 8 8 8 8 8 8 8 1 1 7 7 7 2 3 3 3
8 8 8 8 8 8 8 8 8 8 7 7 3 7 7 1 8 1 1 1 2 3 1 7 7 7 8 8 8 8 8 8 8 14 7 11 7 7 2 3 3 3 3 3 3 3 3 3 7 7 8 7 7 7 2 7 7 5 7 7 7 13 13 1 8 7 3 1 3 3 3 1 1 7 7 7 7 7 7 7
8 8 8 8 8 8 8 8 8 8 7 7 3 7 7 1 8 1 1 1 2 3 1 7 7 7 8 8 8 8 8 8 8 7 7 8 8 7 5 1 1 1 1 1 1 1 1 1 1 1 7 7 7 7 7 7 7 7 5 5 7 13 13 7 1 1 1 1 1 1 7 1 1 1 7 7 7 7 7 7
8 8 8 8 8 8 8 8 8 8 7 7 3 7 7 1 8 1 1 1 2 3 1 7 7 1 7 8 8 7 1 7 7 7 7 7 1 7 7 7 7 1 1 1 1 1 3 1 1 1 3 1 1 1 7 1 7 7 7 7 7 7 7 7 7 7 1 7 7 7 5 1 1 1 1 1 1 1 1 1
