19
13
8
14
15
21
20
21
31
11
34
14
19
35
35
32
1
10
1
1
10
24
10
24
2
2
34
19
26
25
3
3
13
13
20
4
4
22
4
25
0
25
5
15
24
23
6
1
6
36
17
17
7
26
7
17
1
33
18
8
2
35
9
5
19
9
35
20
10
35
5
7
11
21
11
0
22
35
35
8
23
13
12
13
1
34
5
14
24
4
10
0
15
25
35
26
5
16
15
1
34
0
17
27
9
17
33
18
28
12
18
29
36
14
19
5
8
30
15
0
20
21
31
35
21
17
17
4
17
32
36
23
1
36
33
24
11
24
24
12
34
15
12
25
35
3
21
9
20
36
26
14
36
18
28
16
5
8
11
2
29
1
6
17
21
19
30
26
17
33
34
35
23
36
30
35
35
36
36
35
35
35
35
36
35
35
36
35
35
36
1
35
35
23
36
31
36
35
35
35
35
35
36
35
36
32
35
25
35
34
36
36
36
12
35
31
17
35
9
17
36
36
28
12
36
27
36
34
3
