17
29
0
27
14
9
12
13
29
0
0
23
17
20
29
15
1
10
9
21
23
2
2
2
32
31
12
3
31
18
18
12
25
4
1
32
5
0
5
25
22
15
6
15
22
6
1
7
23
7
8
8
18
8
18
28
1
9
26
19
32
20
6
21
6
11
26
31
21
22
12
7
22
22
0
13
23
8
14
14
15
15
24
24
0
32
25
16
0
26
31
17
26
0
27
18
27
18
13
18
28
0
2
17
20
29
32
32
30
20
21
30
22
9
22
32
31
12
21
2
15
13
32
15
4
10
13
5
0
5
6
14
4
26
23
22
4
27
7
6
31
8
31
32
29
31
28
29
31
9
13
32
28
31
26
31
13
31
31
30
31
31
31
7
31
23
30
31
0
31
32
32
32
32
3
32
32
31
11
32
32
31
