26
26
18
18
14
9
18
14
25
7
15
18
13
29
16
29
1
19
21
0
18
20
2
31
30
11
17
3
32
3
3
30
13
4
20
25
1
5
5
5
30
15
21
6
29
0
7
0
17
7
27
25
29
17
27
19
9
8
20
20
20
10
6
20
11
11
32
11
21
11
11
22
13
4
22
13
5
31
31
24
28
14
24
28
0
4
25
26
30
0
26
26
26
27
18
18
8
18
10
10
28
8
8
2
29
0
29
7
30
21
2
30
13
22
31
12
31
11
1
32
24
24
32
13
2
13
25
1
26
21
7
17
15
26
6
20
16
7
25
6
31
27
3
31
28
30
32
32
31
28
31
24
31
11
31
31
29
31
30
31
31
31
30
7
31
30
3
31
31
31
30
31
14
31
32
10
32
29
6
32
0
32
