7
13
31
17
18
11
8
18
21
16
8
14
20
28
21
14
1
13
21
10
32
2
11
14
2
23
15
3
3
3
28
4
19
4
15
0
20
5
14
14
22
6
6
6
6
3
7
3
7
18
3
8
32
8
2
28
19
30
28
9
28
20
10
30
31
11
0
30
22
12
12
9
2
23
8
1
13
24
24
14
25
6
3
32
26
16
16
16
16
11
11
9
17
31
29
18
5
31
18
19
7
19
31
10
20
14
2
20
13
21
10
32
12
22
4
22
0
3
3
23
3
3
4
5
4
25
11
5
9
2
0
17
26
6
30
29
21
29
32
17
29
28
28
16
31
31
28
29
31
7
29
31
29
31
31
17
31
29
31
31
32
12
32
2
30
31
23
31
9
32
32
32
32
32
32
31
31
16
20
31
31
16
