12
5
30
8
28
27
6
13
6
17
9
0
7
9
25
20
1
9
10
9
30
2
11
23
2
22
12
3
22
3
3
12
23
4
28
13
5
20
5
21
21
1
6
16
22
18
7
16
32
8
8
7
19
31
18
9
9
9
23
19
22
10
22
23
20
20
30
21
4
12
1
3
22
31
8
30
4
14
23
1
24
2
15
6
14
16
25
32
16
6
26
7
17
30
8
30
27
6
19
19
28
9
19
15
32
29
20
16
30
10
21
30
2
31
11
23
31
23
2
6
32
3
32
23
22
21
20
5
23
26
20
19
18
18
22
7
12
7
14
32
32
30
7
32
28
15
9
32
22
30
31
31
9
28
31
1
31
30
32
30
31
31
3
31
31
30
31
13
31
2
31
30
31
30
31
14
32
27
32
9
32
32
