4
17
20
23
28
9
32
7
11
10
31
8
10
29
18
1
31
1
30
18
10
12
2
0
11
12
11
3
1
12
32
20
4
25
4
14
15
4
5
15
22
0
6
4
16
27
7
16
1
7
27
4
8
28
18
29
18
9
20
31
1
1
10
2
5
29
21
32
31
12
22
4
22
23
31
1
23
8
14
24
6
6
24
15
0
15
9
8
26
4
26
4
3
27
0
18
32
32
28
11
31
31
20
19
29
18
20
31
1
30
12
30
4
2
18
31
18
12
32
1
12
32
32
3
25
16
14
22
23
11
26
16
0
6
4
11
0
26
32
32
32
31
27
21
31
7
29
4
31
29
31
32
6
32
27
5
32
26
32
32
2
32
4
10
31
31
27
32
29
31
31
5
32
31
31
27
19
31
31
31
31
26
