26
15
27
27
10
17
18
32
30
28
8
9
26
20
19
1
10
30
1
30
11
2
17
2
19
19
27
3
12
13
24
32
4
13
13
24
1
5
14
15
4
15
6
3
4
5
3
7
1
31
17
8
1
18
32
19
9
19
8
19
10
5
10
20
1
25
11
25
7
31
29
22
9
0
13
23
28
10
11
14
24
31
31
15
25
14
4
16
32
26
16
26
15
27
30
27
0
18
0
30
28
8
9
29
20
7
1
18
30
1
30
22
8
22
13
31
12
12
13
12
32
24
32
4
8
24
3
1
4
0
15
4
15
6
17
14
5
26
31
31
31
17
31
29
31
32
32
14
32
30
32
31
31
27
32
27
32
29
20
32
3
32
32
32
7
32
24
5
32
11
32
9
31
31
15
31
31
12
32
32
31
16
