6 6 6 6 6 6 6 6 6 6 6 6 6 8 8 8 8 8 8 6 10 10 10 6 6 6 5 0 0 0 11 11 11 11 11 11 11 11 6 6 6 6 6 6 6 6 6 6 6 6 6 6 6 6 6 6 8 8 8 8
6 6 6 6 6 6 6 6 6 6 6 6 6 8 8 8 8 8 9 6 10 10 6 6 6 6 11 11 11 11 6 0 0 0 0 11 11 11 11 11 6 6 6 6 6 6 6 6 6 6 6 6 6 6 6 6 6 6 6 6
6 6 6 6 6 6 6 6 6 6 6 6 6 8 8 8 8 8 8 3 6 10 10 11 11 11 11 11 11 0 0 0 0 0 11 0 0 11 11 12 6 6 6 6 6 6 6 6 6 3 6 6 3 11 6 6 6 6 6 6
6 6 6 6 6 6 6 6 6 1 6 8 8 8 8 6 6 6 6 6 6 6 6 6 6 0 6 0 0 0 0 0 0 0 0 0 11 11 11 2 6 6 6 6 6 6 6 6 6 6 6 6 6 6 6 6 6 6 8 8
6 6 6 6 6 6 12 6 6 6 6 6 6 8 8 8 8 8 8 6 10 10 6 6 6 6 11 11 11 6 0 0 0 0 0 11 11 11 11 11 6 6 6 6 6 6 6 6 6 6 6 6 6 6 6 6 6 6 6 8
6 6 6 6 6 6 6 6 6 6 6 6 6 8 8 8 8 8 8 6 10 10 10 6 6 5 0 0 0 0 11 11 11 11 11 11 11 11 6 11 11 11 6 6 6 6 6 6 6 6 6 6 6 6 6 6 6 11 11 6
6 6 6 6 6 6 6 6 6 6 6 6 6 7 8 8 8 8 8 6 10 10 6 1 6 6 6 11 11 6 0 0 3 0 0 11 11 11 11 0 0 6 6 6 6 6 6 6 6 6 6 6 6 6 6 6 6 6 6 6
6 6 6 6 6 6 6 6 6 6 6 6 6 8 8 8 8 8 8 6 10 10 10 6 6 1 11 11 11 11 6 0 0 0 0 0 11 11 11 6 6 6 6 6 6 6 6 6 6 6 6 6 6 6 6 6 6 6 6 6
4 6 6 6 6 6 6 6 6 6 6 6 6 9 8 8 11 8 8 6 10 10 6 6 6 6 11 11 11 6 0 0 0 0 0 11 11 11 11 12 6 6 6 6 6 6 6 6 6 6 6 6 6 6 6 6 6 6 6 8
6 6 6 6 6 6 6 4 6 6 6 6 6 8 8 8 8 8 8 8 6 6 6 6 6 6 6 6 11 11 11 11 11 11 0 0 11 11 11 11 12 12 12 6 6 6 6 6 6 6 6 6 6 11 11 11 6 6 6 6
