# Results obtained using DQN. CPU time: 41.463624715805054
0.00147928  57.00000000  0.00146466  60.00000000  1667.44065928  0.00000000
0.00001683  46.00000000  0.00000043  60.00000000  1083.62585984  0.00000000
0.00218270  47.00000000  0.00137384  60.00000000  1648.98091679  0.00000000
0.00011349  58.00000000  0.00011349  60.00000000  1660.47571954  0.00000000
0.00008801  58.00000000  0.00008801  60.00000000  1439.52429250  0.00000000
0.00172992  58.00000000  0.00172992  60.00000000  1369.19439426  0.00000000
0.00281946  58.00000000  0.00281946  60.00000000  1954.86813185  0.00000000
0.00466645  57.00000000  0.00457731  60.00000000  1335.77643147  0.00000000
0.00115228  58.00000000  0.00115228  60.00000000  2803.76024825  0.03233641
0.00098042  58.00000000  0.00098042  60.00000000  1630.74842612  0.08777026
0.00000483  57.00000000  0.00000469  60.00000000  1170.91706563  0.14320410
0.09800966  49.00000000  0.06815971  60.00000000  2938.85378004  0.19863795
0.00734315  50.00000000  0.00390588  60.00000000  1877.42893136  0.25407179
0.00113176  52.00000000  0.00008702  60.00000000  1602.79723004  0.30950564
0.00015511  57.00000000  0.00009706  60.00000000  2119.33988467  0.36493949
0.00251773  58.00000000  0.00251773  60.00000000  2689.28855362  0.42037333
0.00693935  58.00000000  0.00693935  60.00000000  1820.99025703  0.47580718
0.01186720  55.00000000  0.00980050  60.00000000  2450.00259276  0.53124103
0.07614466  56.00000000  0.07608639  60.00000000  2522.59654999  0.58667487
0.00481392  57.00000000  0.00463737  60.00000000  1989.00597246  0.64210872
0.00141466  58.00000000  0.00141466  60.00000000  2032.77216773  0.69754256
0.02301053  53.00000000  0.00708226  60.00000000  2471.02620491  0.75297641
0.07575308  55.00000000  0.05598402  60.00000000  3102.58969481  0.80841026
0.05889116  58.00000000  0.05889116  60.00000000  2487.00914441  0.86384410
0.10637175  58.00000000  0.10637175  60.00000000  3123.95495567  0.91927795
0.10296251  58.00000000  0.10296251  60.00000000  3119.13863763  0.97471179
0.04075715  54.00000000  0.03274665  60.00000000  3098.43882657  0.99000000
0.04075715  54.00000000  0.03274665  60.00000000  3098.43882657  0.99000000
0.04075715  54.00000000  0.03274665  60.00000000  3098.43882657  0.99000000
0.04075715  54.00000000  0.03274665  60.00000000  3098.43882657  0.99000000
0.04075715  54.00000000  0.03274665  60.00000000  3098.43882657  0.99000000
0.04075715  54.00000000  0.03274665  60.00000000  3098.43882657  0.99000000
0.04075715  54.00000000  0.03274665  60.00000000  3098.43882657  0.99000000
0.04075715  54.00000000  0.03274665  60.00000000  3098.43882657  0.99000000
0.04012370  55.00000000  0.03268470  60.00000000  3098.57269937  0.99000000
0.04075715  54.00000000  0.03274665  60.00000000  3098.43882657  0.99000000
0.04701715  51.00000000  0.03873724  60.00000000  3098.90060851  0.99000000
0.04075715  54.00000000  0.03274665  60.00000000  3098.43882657  0.99000000
0.04075715  54.00000000  0.03274665  60.00000000  3098.43882657  0.99000000
0.04075715  54.00000000  0.03274665  60.00000000  3098.43882657  0.99000000
0.04075715  54.00000000  0.03274665  60.00000000  3098.43882657  0.99000000
0.03416153  58.00000000  0.03416153  60.00000000  3096.15226249  0.99000000
0.04059529  54.00000000  0.03199225  60.00000000  3101.08716111  0.99000000
0.04075715  54.00000000  0.03274665  60.00000000  3098.43882657  0.99000000
0.04075715  54.00000000  0.03274665  60.00000000  3098.43882657  0.99000000
0.00996887  53.00000000  0.00356969  60.00000000  3092.77871488  0.99000000
0.04075715  54.00000000  0.03274665  60.00000000  3098.43882657  0.99000000
0.04120024  54.00000000  0.03599043  60.00000000  3098.47339430  0.99000000
0.04075715  54.00000000  0.03274665  60.00000000  3098.43882657  0.99000000
0.01798795  58.00000000  0.01798795  60.00000000  3098.23969483  0.99000000
0.04075715  54.00000000  0.03274665  60.00000000  3098.43882657  0.99000000
0.04075715  54.00000000  0.03274665  60.00000000  3098.43882657  0.99000000
0.04075715  54.00000000  0.03274665  60.00000000  3098.43882657  0.99000000
0.04075715  54.00000000  0.03274665  60.00000000  3098.43882657  0.99000000
0.04075715  54.00000000  0.03274665  60.00000000  3098.43882657  0.99000000
0.04061808  54.00000000  0.03255123  60.00000000  3098.21836569  0.99000000
0.04075715  54.00000000  0.03274665  60.00000000  3098.43882657  0.99000000
0.04075715  54.00000000  0.03274665  60.00000000  3098.43882657  0.99000000
0.04075715  54.00000000  0.03274665  60.00000000  3098.43882657  0.99000000
0.04075715  54.00000000  0.03274665  60.00000000  3098.43882657  0.99000000
0.04075715  54.00000000  0.03274665  60.00000000  3098.43882657  0.99000000
0.04075715  54.00000000  0.03274665  60.00000000  3098.43882657  0.99000000
0.04075715  54.00000000  0.03274665  60.00000000  3098.43882657  0.99000000
0.04075715  54.00000000  0.03274665  60.00000000  3098.43882657  0.99000000
0.03988547  54.00000000  0.03207550  60.00000000  3100.96689040  0.99000000
0.04075715  54.00000000  0.03274665  60.00000000  3098.43882657  0.99000000
0.03979441  55.00000000  0.03134441  60.00000000  3098.37774225  0.99000000
0.04075715  54.00000000  0.03274665  60.00000000  3098.43882657  0.99000000
0.04075715  54.00000000  0.03274665  60.00000000  3098.43882657  0.99000000
0.04075715  54.00000000  0.03274665  60.00000000  3098.43882657  0.99000000
0.04075715  54.00000000  0.03274665  60.00000000  3098.43882657  0.99000000
0.04075715  54.00000000  0.03274665  60.00000000  3098.43882657  0.99000000
0.04899491  53.00000000  0.02887739  60.00000000  3100.36574584  0.99000000
0.03861213  54.00000000  0.01929187  60.00000000  3109.01468848  0.99000000
0.00474797  58.00000000  0.00474797  60.00000000  1711.92878810  0.99000000
0.27382780  56.00000000  0.27149316  60.00000000  3182.15535658  0.99000000
0.04075715  54.00000000  0.03274665  60.00000000  3098.43882657  0.99000000
0.04075715  54.00000000  0.03274665  60.00000000  3098.43882657  0.99000000
0.03416153  58.00000000  0.03416153  60.00000000  3096.15226249  0.99000000
0.01427367  54.00000000  0.00490405  60.00000000  3099.25398065  0.99000000
0.04075715  54.00000000  0.03274665  60.00000000  3098.43882657  0.99000000
0.04075715  54.00000000  0.03274665  60.00000000  3098.43882657  0.99000000
0.04075715  54.00000000  0.03274665  60.00000000  3098.43882657  0.99000000
0.00672932  51.00000000  0.00649769  60.00000000  3095.25998452  0.99000000
0.04075715  54.00000000  0.03274665  60.00000000  3098.43882657  0.99000000
0.04075715  54.00000000  0.03274654  60.00000000  3098.44011115  0.99000000
0.04075715  54.00000000  0.03274665  60.00000000  3098.43882657  0.99000000
0.04075715  54.00000000  0.03274665  60.00000000  3098.43882657  0.99000000
0.04075715  54.00000000  0.03274665  60.00000000  3098.43882657  0.99000000
0.01616191  53.00000000  0.00785194  60.00000000  3099.35911718  0.99000000
0.04075715  54.00000000  0.03274665  60.00000000  3098.43882657  0.99000000
0.04075715  54.00000000  0.03274665  60.00000000  3098.43882657  0.99000000
0.00955354  58.00000000  0.00955354  60.00000000  3146.20386652  0.99000000
0.04075715  54.00000000  0.03274665  60.00000000  3098.43882657  0.99000000
0.04075715  54.00000000  0.03274665  60.00000000  3098.43882657  0.99000000
0.04075715  54.00000000  0.03274665  60.00000000  3098.43882657  0.99000000
0.04075715  54.00000000  0.03274665  60.00000000  3098.43882657  0.99000000
0.02468758  50.00000000  0.00456988  60.00000000  3098.29555428  0.99000000
0.04075715  54.00000000  0.03274665  60.00000000  3098.43882657  0.99000000
0.05563999  53.00000000  0.02850312  60.00000000  3100.91133836  0.99000000
0.04075715  54.00000000  0.03274665  60.00000000  3098.43882657  0.99000000
0.04076598  54.00000000  0.03340027  60.00000000  3098.44019162  0.99000000
0.10196158  58.00000000  0.10196158  60.00000000  3118.20120932  0.99000000
0.04075715  54.00000000  0.03274665  60.00000000  3098.43882657  0.99000000
0.04887239  56.00000000  0.04369540  60.00000000  3098.23072661  0.99000000
0.04075715  54.00000000  0.03274665  60.00000000  3098.43882657  0.99000000
0.01801794  55.00000000  0.01133764  60.00000000  3098.30068443  0.99000000
0.04075715  54.00000000  0.03274665  60.00000000  3098.43882657  0.99000000
0.04075715  54.00000000  0.03274665  60.00000000  3098.43882657  0.99000000
0.02327240  49.00000000  0.00923152  60.00000000  3046.42236176  0.99000000
0.04075715  54.00000000  0.03274665  60.00000000  3098.43882657  0.99000000
0.00505412  58.00000000  0.00505412  60.00000000  3137.66201380  0.99000000
0.04075715  54.00000000  0.03718167  60.00000000  3098.44306552  0.99000000
0.03880653  55.00000000  0.01501959  60.00000000  3131.25097337  0.99000000
0.00258529  58.00000000  0.00258529  60.00000000  2851.38652638  0.99000000
0.04075726  54.00000000  0.03470669  60.00000000  3098.44148594  0.99000000
0.08282618  58.00000000  0.08282618  60.00000000  2729.37922694  0.99000000
0.04075715  54.00000000  0.03274665  60.00000000  3098.43882657  0.99000000
0.12614968  58.00000000  0.12614968  60.00000000  2690.13638264  0.99000000
0.09668550  58.00000000  0.09668550  60.00000000  3150.96058011  0.99000000
0.03847993  54.00000000  0.02699872  60.00000000  3098.42893514  0.99000000
0.04071503  54.00000000  0.03234301  60.00000000  3098.43759643  0.99000000
0.04075715  54.00000000  0.03274665  60.00000000  3098.43882657  0.99000000
0.04075715  54.00000000  0.03274665  60.00000000  3098.43882657  0.99000000
0.04075715  54.00000000  0.03274665  60.00000000  3098.43882657  0.99000000
0.04075715  54.00000000  0.03274665  60.00000000  3098.43882657  0.99000000
0.04075715  54.00000000  0.03274665  60.00000000  3098.43882657  0.99000000
0.04075715  54.00000000  0.03274665  60.00000000  3098.43882657  0.99000000
0.04075715  54.00000000  0.03274665  60.00000000  3098.43882657  0.99000000
0.00734679  57.00000000  0.00732100  60.00000000  3100.66315428  0.99000000
0.04075715  54.00000000  0.03274665  60.00000000  3098.43882657  0.99000000
0.04075715  54.00000000  0.03274665  60.00000000  3098.43882657  0.99000000
0.04075715  54.00000000  0.03274665  60.00000000  3098.43882657  0.99000000
0.01557045  55.00000000  0.01051463  60.00000000  3072.62266850  0.99000000
0.04075715  54.00000000  0.03411935  60.00000000  3098.44181378  0.99000000
0.04014696  54.00000000  0.02892821  60.00000000  3098.42916394  0.99000000
0.04075603  54.00000000  0.03263488  60.00000000  3098.42813296  0.99000000
0.03653322  57.00000000  0.03634865  60.00000000  3098.28960824  0.99000000
0.04265610  53.00000000  0.03852483  60.00000000  3099.87370342  0.99000000
0.04252096  55.00000000  0.04184854  60.00000000  3098.44311873  0.99000000
0.04075715  54.00000000  0.03274665  60.00000000  3098.43882657  0.99000000
0.14152436  56.00000000  0.13157771  60.00000000  2871.81939091  0.99000000
0.04075715  54.00000000  0.03274665  60.00000000  3098.43882657  0.99000000
0.04075715  54.00000000  0.03274665  60.00000000  3098.43882657  0.99000000
0.04075715  54.00000000  0.03274665  60.00000000  3098.43882657  0.99000000
0.04075715  54.00000000  0.03274665  60.00000000  3098.43882657  0.99000000
0.00458201  58.00000000  0.00458201  60.00000000  2680.37942586  0.99000000
0.04075715  54.00000000  0.03274665  60.00000000  3098.43882657  0.99000000
0.03947743  53.00000000  0.01464989  60.00000000  3098.38970562  0.99000000
0.04075715  54.00000000  0.03274665  60.00000000  3098.43882657  0.99000000
0.04665205  55.00000000  0.03076380  60.00000000  3102.30987360  0.99000000
0.04075715  54.00000000  0.03274665  60.00000000  3098.43882657  0.99000000
0.00761781  58.00000000  0.00761781  60.00000000  3098.00708550  0.99000000
0.04075715  54.00000000  0.03274665  60.00000000  3098.43882657  0.99000000
0.04075715  54.00000000  0.03274665  60.00000000  3098.43882657  0.99000000
0.04075715  54.00000000  0.03274665  60.00000000  3098.43882657  0.99000000
0.01512912  58.00000000  0.01512912  60.00000000  3098.17226821  0.99000000
0.11448658  54.00000000  0.06403141  60.00000000  3131.47639413  0.99000000
0.07268352  54.00000000  0.06227704  60.00000000  3101.15167627  0.99000000
0.00048135  58.00000000  0.00048135  60.00000000  3103.11493848  0.99000000
0.04072717  54.00000000  0.03275078  60.00000000  3098.79188536  0.99000000
0.04075715  54.00000000  0.03274665  60.00000000  3098.43882657  0.99000000
0.04075715  54.00000000  0.03274665  60.00000000  3098.43882657  0.99000000
0.04075715  54.00000000  0.03274665  60.00000000  3098.43882657  0.99000000
0.04075715  54.00000000  0.03274665  60.00000000  3098.43882657  0.99000000
0.02089273  54.00000000  0.01834916  60.00000000  3102.18202386  0.99000000
0.11026803  58.00000000  0.11026803  60.00000000  3131.18748816  0.99000000
0.04075715  54.00000000  0.03274665  60.00000000  3098.43882657  0.99000000
0.08536348  57.00000000  0.08456310  60.00000000  2980.07338675  0.99000000
0.06191046  49.00000000  0.01665500  60.00000000  1622.43095435  0.99000000
0.04075715  54.00000000  0.03274665  60.00000000  3098.43882657  0.99000000
0.04075715  54.00000000  0.03274665  60.00000000  3098.43882657  0.99000000
0.04126597  55.00000000  0.03650812  60.00000000  3098.44726339  0.99000000
0.04075715  54.00000000  0.03274665  60.00000000  3098.43882657  0.99000000
0.04075715  54.00000000  0.03274665  60.00000000  3098.43882657  0.99000000
0.01700478  58.00000000  0.01700478  60.00000000  2847.90666053  0.99000000
0.04075715  54.00000000  0.03274665  60.00000000  3098.43882657  0.99000000
0.04075715  54.00000000  0.03274665  60.00000000  3098.43882657  0.99000000
0.04075715  54.00000000  0.03274665  60.00000000  3098.43882657  0.99000000
0.04075715  54.00000000  0.03274665  60.00000000  3098.43882657  0.99000000
0.03839590  56.00000000  0.03304545  60.00000000  3099.02532174  0.99000000
0.03774026  55.00000000  0.02359549  60.00000000  3114.77739225  0.99000000
0.04075715  54.00000000  0.03274665  60.00000000  3098.43882657  0.99000000
0.03988255  54.00000000  0.03207625  60.00000000  3100.95649880  0.99000000
0.04075715  54.00000000  0.03274665  60.00000000  3098.43882657  0.99000000
0.04075715  54.00000000  0.03274665  60.00000000  3098.43882657  0.99000000
0.00554540  49.00000000  0.00182105  60.00000000  3075.64382624  0.99000000
0.03624584  58.00000000  0.03624584  60.00000000  3122.00230207  0.99000000
0.04075715  54.00000000  0.03274665  60.00000000  3098.43882657  0.99000000
0.01599586  51.00000000  0.01149638  60.00000000  3092.87739790  0.99000000
0.10302910  58.00000000  0.10302910  60.00000000  3122.75039935  0.99000000
0.00294989  45.00000000  0.00075787  60.00000000  3145.83473233  0.99000000
0.04075715  54.00000000  0.03274665  60.00000000  3098.43882657  0.99000000
0.04075715  54.00000000  0.03274665  60.00000000  3098.43882657  0.99000000
0.03497633  54.00000000  0.02008102  60.00000000  3098.36394752  0.99000000
0.59292819  57.00000000  0.58857821  60.00000000  3216.90870204  0.99000000
0.04075715  54.00000000  0.03274665  60.00000000  3098.43882657  0.99000000
0.04075715  54.00000000  0.03274665  60.00000000  3098.43882657  0.99000000
0.04075715  54.00000000  0.03274665  60.00000000  3098.43882657  0.99000000
0.04075715  54.00000000  0.03274665  60.00000000  3098.43882657  0.99000000
0.04160879  55.00000000  0.03520024  60.00000000  3098.43534757  0.99000000
