27
27
5
28
28
18
6
19
13
11
13
8
20
1
1
15
1
0
32
2
2
11
12
12
3
27
3
30
4
4
2
1
25
5
5
15
2
6
15
6
18
7
16
7
25
8
31
18
8
9
23
9
4
1
10
20
3
11
5
11
21
12
12
22
9
6
26
32
23
23
14
13
24
30
25
11
15
28
26
26
17
27
27
17
28
28
18
11
19
19
15
10
32
20
12
12
20
1
0
12
18
17
3
13
3
3
20
3
8
15
4
2
24
21
32
5
27
27
27
29
31
27
29
29
29
29
31
32
31
31
31
31
31
31
31
31
31
31
31
31
31
28
31
31
31
25
32
32
9
31
31
31
13
31
31
31
31
31
32
32
32
17
