8
7
9
13
22
12
30
11
8
12
19
15
31
20
1
1
32
21
11
2
2
16
28
12
3
3
27
23
4
4
15
14
19
5
5
1
2
6
16
6
17
7
1
7
2
8
8
19
18
28
9
19
20
27
10
29
10
11
28
6
22
12
6
12
31
13
9
23
24
14
14
30
25
15
31
8
15
16
26
11
16
27
17
5
9
31
12
30
29
19
30
8
15
31
20
8
32
32
21
6
2
22
2
23
17
23
18
18
23
4
24
15
14
32
10
21
1
2
31
23
20
2
27
7
31
29
31
31
31
31
31
31
31
31
31
31
31
31
31
31
31
31
31
31
31
31
32
31
31
31
31
32
31
31
31
31
32
32
32
32
28
32
