0
27
17
29
7
32
28
19
20
28
8
29
0
16
1
20
1
15
11
2
2
12
17
3
32
3
3
13
4
4
23
14
1
5
14
5
15
6
1
2
16
7
29
7
2
8
4
8
31
9
19
19
32
10
10
2
2
3
11
21
30
3
12
22
7
7
5
13
23
24
29
29
5
15
8
9
25
32
16
31
26
31
17
8
1
18
32
28
19
12
19
19
29
0
16
30
13
1
15
21
22
31
22
15
32
32
19
3
16
4
4
3
2
21
11
9
5
18
17
1
1
32
31
20
31
29
31
31
29
31
31
20
31
31
29
31
31
29
31
31
31
31
31
31
31
31
32
31
31
31
32
31
31
31
31
31
32
32
32
32
32
31
