17
9
9
20
18
29
30
9
26
31
16
32
31
1
1
1
18
1
21
2
2
12
23
19
3
3
13
1
4
1
4
1
20
5
5
15
26
6
6
27
4
7
17
7
7
18
31
8
8
9
9
25
31
10
20
7
6
11
11
28
30
12
22
12
12
8
13
8
13
14
30
14
9
6
25
9
29
31
16
6
16
17
13
30
28
18
29
7
30
19
31
19
32
31
9
11
21
32
32
1
18
22
22
20
11
21
4
15
1
4
15
24
32
17
19
5
26
31
6
6
27
4
2
17
31
29
31
31
32
31
31
31
31
31
31
31
31
31
31
31
28
31
31
32
31
31
32
13
31
31
3
32
32
28
32
29
31
31
31
6
31
29
