31
17
31
6
18
7
18
8
8
11
29
30
19
1
1
1
21
10
2
2
2
2
28
1
3
3
0
0
4
14
4
2
14
5
21
5
32
6
6
17
16
7
4
17
7
8
24
8
24
5
9
19
32
10
10
20
31
11
7
21
3
12
12
22
1
13
13
12
0
32
24
14
29
31
15
25
8
16
26
9
31
31
17
31
10
18
28
18
15
8
11
29
30
19
17
11
10
21
31
22
32
22
32
22
22
3
3
8
23
21
22
4
25
14
25
1
14
32
26
17
31
16
29
18
31
29
29
31
31
31
32
32
32
32
32
31
31
31
31
31
31
32
26
31
31
31
24
26
31
31
31
32
14
31
8
31
31
27
32
27
31
31
