13
17
21
28
16
18
20
8
30
19
15
17
31
1
1
1
1
16
31
2
2
22
1
12
3
3
13
14
4
4
17
4
5
5
5
5
28
6
6
16
16
7
4
7
30
8
4
8
19
9
6
1
19
10
10
20
32
10
7
3
12
12
22
32
31
13
12
13
31
13
24
3
9
12
15
25
32
16
16
26
14
13
17
15
28
16
18
14
29
15
19
30
17
31
19
32
21
21
32
22
12
22
22
17
20
23
7
19
14
4
4
25
21
20
23
32
15
21
6
31
16
12
29
28
31
30
31
32
32
31
32
31
31
31
31
31
31
31
31
31
21
31
31
31
32
31
31
32
31
31
31
31
31
25
31
31
31
32
31
17
32
32
