27
17
32
8
7
28
28
7
13
12
8
30
0
1
1
1
1
11
2
28
12
2
2
3
3
3
17
22
4
4
1
19
14
5
5
0
16
1
6
2
1
7
7
25
18
8
8
18
23
9
4
19
19
10
10
9
21
11
21
26
22
11
12
12
23
23
28
13
2
24
14
25
15
15
25
30
26
12
26
16
31
27
17
32
6
28
28
28
29
19
29
6
30
0
20
1
31
1
31
2
22
32
32
22
3
3
10
24
0
4
4
4
25
0
25
5
18
32
1
12
18
31
7
29
31
5
8
31
31
31
31
31
29
31
31
31
29
31
31
31
31
31
31
31
32
31
31
30
31
18
31
31
26
15
31
31
32
31
31
26
29
32
