7
30
17
27
9
32
18
10
19
15
8
29
20
1
1
1
19
1
21
2
2
11
12
3
3
3
3
1
4
4
4
1
1
5
5
23
15
6
27
16
29
7
7
4
6
8
18
8
23
4
9
9
19
20
10
31
29
11
21
11
21
12
12
31
28
13
23
23
9
0
14
24
7
15
15
25
5
11
11
26
17
5
31
17
27
1
32
28
7
19
18
5
29
20
1
30
4
10
21
21
31
32
31
22
32
3
23
23
7
10
4
24
0
12
5
5
23
6
20
27
32
31
17
27
31
29
31
31
29
31
31
31
29
31
23
31
31
29
11
31
31
31
32
31
32
31
31
31
31
9
31
31
31
29
32
32
25
31
31
11
5
17
