32
17
19
9
7
18
28
11
19
26
0
9
27
21
1
1
10
18
17
2
12
2
12
12
3
3
21
23
13
4
4
1
1
5
5
15
15
6
6
16
17
25
7
7
17
8
23
18
31
9
19
9
31
3
20
10
30
11
11
21
32
12
22
30
5
23
13
13
29
0
14
24
4
15
25
30
15
30
30
26
9
17
17
27
16
18
18
28
11
19
4
16
29
20
20
10
30
21
18
17
31
0
22
23
32
32
23
2
20
24
22
1
25
22
22
25
15
26
6
32
25
31
25
13
31
19
31
31
31
31
31
31
31
31
31
31
31
31
32
32
31
32
31
31
31
5
31
31
13
31
14
31
31
30
31
31
31
32
32
3
32
27
