19
0
18
29
29
18
34
33
24
20
18
9
19
1
18
1
13
21
11
2
23
12
13
3
3
3
13
34
4
18
4
15
5
28
5
1
16
6
22
26
33
7
18
18
18
8
3
34
31
9
20
20
20
10
37
39
21
11
22
35
12
22
12
37
23
13
39
24
14
9
14
36
25
15
39
37
16
32
39
27
40
17
18
28
39
18
29
19
10
14
1
30
9
17
31
21
37
40
21
32
13
22
33
37
23
15
34
23
24
0
40
35
40
16
36
26
2
40
12
37
12
2
28
38
3
8
13
29
39
14
23
15
40
28
31
29
25
22
12
29
27
15
8
32
18
34
8
3
31
39
40
39
37
39
37
39
26
39
36
39
38
39
39
40
39
39
39
24
39
26
32
39
25
39
40
37
39
35
39
40
29
39
23
28
39
11
39
12
39
9
36
39
35
39
39
40
40
40
39
39
