37
33
27
40
13
34
8
13
39
25
20
18
25
1
10
1
17
16
17
2
26
12
33
38
3
39
1
1
4
2
4
4
5
5
2
2
6
16
6
5
32
7
24
18
3
8
28
28
26
9
0
3
20
10
1
27
21
27
11
22
12
12
29
36
13
13
39
24
14
4
25
14
10
15
8
39
16
37
27
17
17
17
28
18
11
18
38
29
39
19
30
12
20
36
36
31
21
32
4
16
37
33
6
40
23
34
9
34
39
25
20
35
25
36
40
1
17
27
37
9
12
27
28
38
20
28
1
22
39
22
40
2
18
15
2
18
6
16
28
31
32
7
25
33
8
35
28
32
40
40
40
37
39
28
39
39
39
39
39
39
39
39
39
39
40
39
39
36
40
4
40
9
40
39
39
39
39
37
39
32
35
39
28
18
39
18
39
39
39
39
40
2
40
35
40
31
40
32
40
16
