10
33
22
12
16
34
15
24
0
9
19
25
10
29
1
26
11
24
37
2
19
27
38
13
3
29
39
24
14
4
37
28
15
5
15
16
3
6
39
2
33
7
30
18
32
8
25
2
19
9
29
26
20
10
30
39
11
11
39
11
12
39
12
23
33
13
8
24
2
14
8
25
15
15
26
37
16
27
37
40
17
39
28
33
39
34
29
39
35
39
30
20
19
12
31
21
39
37
32
22
10
33
22
38
23
34
23
24
39
24
35
25
22
40
36
26
21
24
37
25
5
27
28
38
18
29
39
18
14
39
14
28
40
31
0
16
32
6
6
2
33
16
2
9
8
8
25
17
40
39
39
39
39
39
39
39
39
39
39
39
39
39
39
36
39
31
39
39
40
14
39
33
37
39
4
37
39
31
39
40
40
39
39
1
39
3
40
40
4
39
30
40
40
12
39
21
40
40
40
39
