9
33
0
23
10
23
36
12
14
35
18
14
10
10
1
10
37
18
17
2
17
12
40
38
3
13
26
23
4
23
4
30
21
33
5
2
16
6
1
23
4
7
24
18
30
8
26
4
19
9
5
4
20
10
38
37
21
11
38
11
12
6
12
39
23
13
8
24
39
14
39
25
15
25
0
31
16
39
10
27
17
28
5
39
4
13
34
29
19
39
30
39
40
39
31
21
40
36
15
32
22
33
5
23
10
23
34
12
6
35
1
0
25
39
36
40
26
2
21
37
15
28
40
38
15
28
16
39
7
19
19
30
3
40
31
24
5
6
33
33
4
7
32
2
8
8
8
29
9
39
40
39
37
39
37
37
39
30
38
39
36
39
39
39
40
39
39
39
39
39
39
39
39
39
40
39
39
39
39
35
39
37
30
39
35
38
39
29
39
39
39
39
40
40
40
21
40
21
40
39
