6
19
21
23
15
23
22
34
16
23
12
19
35
13
1
27
35
18
10
2
37
0
28
38
3
0
34
31
4
30
4
14
23
5
40
17
6
1
6
17
36
7
17
22
7
8
36
19
34
29
9
20
10
10
10
10
11
11
7
11
22
7
11
12
36
13
24
34
37
26
14
5
25
15
29
27
16
1
27
2
15
27
39
18
15
30
29
19
29
14
19
7
30
32
21
31
13
14
21
0
32
23
33
23
33
23
34
38
34
35
17
24
35
17
22
26
36
18
7
1
37
0
23
38
28
4
0
21
4
39
4
13
23
40
24
40
15
21
15
15
11
20
35
35
25
9
33
29
28
40
39
19
39
39
40
28
40
39
39
37
39
0
12
39
24
39
39
39
30
39
37
39
36
39
32
39
16
39
38
40
40
39
39
10
39
7
40
39
29
39
18
40
40
9
13
39
5
14
19
39
