8
33
33
27
23
19
36
34
39
18
21
36
13
1
1
1
1
18
37
2
39
29
12
12
3
24
35
39
4
36
4
30
5
15
5
26
6
16
6
34
7
17
7
22
8
37
8
32
9
19
9
20
26
10
39
39
21
11
39
22
37
12
10
40
13
13
13
6
24
14
25
3
15
15
15
26
16
5
27
12
17
28
17
15
18
15
29
39
40
6
30
20
17
31
31
31
21
20
32
22
10
22
33
40
23
34
17
34
18
35
21
35
11
2
36
26
27
15
37
19
16
28
5
38
2
9
29
12
39
24
26
31
16
40
18
5
3
8
32
29
23
25
7
30
8
7
8
32
40
39
9
39
35
39
39
39
39
37
39
17
39
36
39
40
40
13
39
32
39
37
39
10
39
15
9
39
26
38
39
8
40
39
20
39
34
40
40
39
40
39
39
40
39
19
39
31
20
39
30
11
