36
7
33
23
17
17
11
29
38
9
35
40
25
1
16
1
40
37
37
2
28
12
38
3
3
3
1
39
4
1
14
4
5
23
5
1
6
6
6
1
17
7
17
4
8
8
8
28
19
9
4
40
10
21
10
6
11
11
11
39
22
12
12
23
13
29
24
13
24
39
14
25
15
38
26
4
13
16
40
27
13
28
28
28
18
39
29
6
19
34
30
20
37
37
31
21
39
21
40
32
36
22
33
23
7
37
34
24
38
21
35
15
25
16
13
36
40
1
37
2
40
28
38
17
38
25
29
39
4
39
30
30
40
10
40
32
31
29
6
18
17
7
17
31
29
8
19
35
19
39
39
40
39
39
39
39
39
39
39
39
39
39
39
39
39
39
40
39
39
39
39
16
39
33
39
40
39
39
40
39
39
40
40
39
39
39
29
40
34
33
39
20
39
3
31
40
17
40
40
32
