21
6
9
13
24
18
20
10
39
11
26
0
37
1
1
1
1
39
40
2
34
28
22
25
3
39
34
31
4
14
31
14
2
5
15
16
33
6
19
33
7
7
7
23
18
8
19
32
0
19
9
35
10
20
10
25
11
40
11
22
12
12
12
39
32
13
32
24
1
14
25
39
5
15
26
16
5
16
34
35
9
17
28
9
18
12
29
39
30
13
30
18
20
20
31
15
2
14
32
22
21
9
33
38
15
39
34
22
14
11
25
35
36
7
26
12
26
27
11
37
4
28
38
12
23
29
18
39
26
4
20
31
40
5
14
20
24
31
23
33
1
17
33
6
18
13
24
32
39
39
39
40
39
37
40
25
40
37
39
39
39
38
39
39
40
39
39
15
39
37
39
39
39
39
39
29
39
11
6
39
38
38
39
3
39
39
39
39
34
40
16
39
39
16
39
9
39
18
40
22
