37
33
19
33
12
27
13
15
24
26
36
35
16
36
1
27
11
40
17
2
12
17
38
12
3
13
19
29
4
26
4
23
5
15
5
31
2
6
31
23
17
7
2
2
8
8
8
1
9
19
9
1
31
10
34
21
11
11
40
11
39
12
23
28
13
39
13
24
39
1
31
39
15
3
32
26
16
27
16
3
17
9
40
28
34
18
11
1
4
10
30
20
10
36
5
31
37
32
22
18
22
33
33
33
12
24
34
15
24
15
35
9
10
40
36
25
11
7
27
37
22
15
24
38
3
13
16
29
39
4
4
4
40
15
5
31
6
28
31
23
4
33
6
30
8
32
33
34
40
40
40
34
39
37
39
39
39
40
40
40
39
39
39
39
40
39
39
39
39
39
39
39
39
39
37
39
22
39
38
39
38
39
34
38
39
18
38
39
14
39
39
39
40
40
39
39
10
39
22
39
