12
9
11
12
34
14
36
37
36
35
9
22
19
1
30
1
14
25
20
2
31
11
36
3
3
3
39
15
4
25
30
30
5
0
15
5
6
26
6
21
7
22
19
7
8
27
8
19
19
29
9
29
25
34
10
31
21
11
39
4
5
12
38
4
33
13
38
24
40
5
7
25
15
25
15
11
26
3
27
17
27
37
6
28
18
34
32
29
10
8
35
34
2
21
31
8
21
32
22
13
1
34
33
23
20
9
34
40
18
35
37
25
9
40
36
20
2
22
20
37
16
13
11
38
20
12
11
24
39
17
30
11
6
40
15
16
19
22
33
16
13
9
5
14
8
18
8
12
40
40
9
40
36
40
40
39
39
26
39
37
39
40
39
4
39
5
39
39
39
39
40
40
39
25
39
22
39
39
40
17
39
35
39
16
40
9
39
10
39
8
40
39
39
16
39
37
39
31
35
16
