33
20
40
31
23
24
8
33
14
35
36
12
25
1
15
1
10
38
2
2
2
35
2
21
3
30
26
26
4
32
0
14
5
5
5
17
6
6
16
6
7
17
7
17
18
8
18
20
2
19
9
28
19
10
4
5
3
11
23
32
4
12
37
26
23
13
38
34
12
4
31
25
15
5
1
26
32
16
39
37
32
15
17
28
17
29
39
13
30
10
8
30
39
20
36
31
37
14
22
32
33
13
22
4
23
24
20
34
24
35
25
14
19
4
40
36
27
15
2
37
28
28
22
9
38
30
30
26
39
28
40
0
12
12
40
32
6
29
0
18
19
15
28
34
13
11
29
8
20
40
40
36
40
5
39
33
39
37
29
39
13
8
39
12
0
39
38
39
35
40
31
39
39
39
39
38
39
32
4
39
20
39
39
39
9
39
31
39
2
39
26
39
7
40
32
40
10
40
34
8
