6
36
38
15
23
36
24
9
35
23
33
19
12
1
12
1
25
20
2
2
2
22
28
3
3
3
3
19
4
19
4
15
5
5
16
15
6
6
1
40
7
6
7
18
8
8
8
31
9
9
9
23
23
20
10
21
11
11
11
22
12
40
12
23
29
13
1
24
25
14
9
29
3
4
26
30
16
30
37
27
17
1
39
28
18
40
29
16
19
40
30
16
20
2
40
31
36
21
32
19
18
33
36
33
23
23
24
34
0
35
25
10
40
25
12
36
40
6
27
37
16
38
28
3
38
2
29
24
39
4
10
25
5
40
15
15
6
28
20
19
3
2
0
4
28
0
8
20
17
39
40
39
1
39
36
39
39
39
36
39
39
40
33
39
40
40
40
39
39
39
38
39
28
34
39
12
39
40
32
39
2
1
39
28
39
40
40
40
39
40
39
39
21
40
40
37
39
32
6
19
