36
22
33
14
19
34
15
24
15
35
40
15
10
1
1
11
1
27
11
2
27
12
38
35
3
22
14
39
20
4
1
15
2
5
28
22
16
6
3
25
17
7
25
33
18
8
0
4
2
9
40
20
39
10
6
35
21
11
22
22
22
12
28
23
13
24
13
39
14
39
25
9
40
15
37
39
40
27
32
8
17
28
10
10
18
29
37
19
19
35
30
19
20
31
15
36
40
32
9
21
22
16
33
17
18
34
8
24
10
35
40
0
39
36
26
1
1
27
37
2
27
16
38
20
29
12
25
39
29
26
30
27
40
14
12
0
23
6
21
17
17
9
30
20
25
16
12
32
39
40
40
40
39
39
39
37
39
20
39
34
39
39
39
39
37
39
36
39
34
39
39
39
40
40
37
39
36
39
40
39
39
39
10
39
38
28
37
39
37
36
39
19
40
40
40
40
40
40
39
39
