35
6
23
17
18
21
35
36
24
10
19
26
9
36
1
32
20
27
24
2
15
35
0
14
3
39
13
32
18
4
15
15
5
5
15
5
21
6
36
33
17
7
17
20
18
8
31
31
19
9
21
39
6
10
21
10
11
21
11
2
22
12
3
23
0
13
40
24
31
14
40
25
15
32
15
26
0
36
38
27
17
28
39
18
38
18
29
39
19
13
30
39
20
11
4
31
21
11
32
10
22
19
23
33
18
23
34
8
24
10
19
35
11
5
19
36
22
27
37
25
37
38
2
26
38
29
39
16
18
39
3
40
5
31
40
20
8
29
9
21
4
24
1
29
8
21
31
21
8
39
40
39
37
39
37
39
39
39
39
39
39
36
40
40
39
38
40
36
40
17
40
40
39
39
39
34
39
38
23
39
17
38
25
39
7
38
39
39
39
31
24
39
20
11
9
39
21
6
40
8
