6
8
33
34
34
10
34
24
9
37
35
17
10
1
20
1
11
34
2
2
2
12
38
3
3
23
3
14
21
4
31
15
31
5
21
25
16
6
1
17
18
7
1
18
4
8
19
29
19
9
20
30
20
10
1
21
11
11
11
22
12
23
12
23
13
24
13
37
34
14
36
25
15
26
15
26
16
33
27
17
17
17
7
28
18
29
13
0
19
30
35
32
32
31
10
5
21
6
32
22
6
37
33
34
34
10
34
24
40
37
35
37
25
36
20
37
26
37
2
37
39
17
38
38
38
19
3
29
39
4
22
24
31
40
15
31
7
15
1
8
18
7
1
2
34
8
1
29
39
40
39
39
39
37
39
28
39
39
39
37
39
7
39
39
32
40
37
39
39
34
40
40
40
39
39
7
39
38
39
39
39
38
39
36
29
39
34
40
40
39
39
39
39
40
40
40
40
3
39
0
