31
8
33
39
7
34
26
12
24
21
35
35
17
18
1
30
30
27
15
2
27
34
28
3
3
3
29
14
4
14
4
15
0
5
15
2
21
6
16
24
17
7
28
25
34
8
2
19
39
9
40
20
5
10
21
34
11
22
11
22
12
22
25
23
13
1
13
24
32
14
25
25
25
15
26
26
26
16
8
40
28
28
37
28
18
11
10
19
39
19
30
33
20
31
40
31
21
32
22
32
1
22
33
17
16
34
34
34
24
35
35
35
36
36
1
36
38
27
13
37
27
28
2
38
3
4
9
39
23
39
4
18
40
8
40
21
32
13
5
16
19
25
30
30
8
10
8
21
10
39
40
40
37
40
17
1
39
38
39
2
40
40
39
29
40
40
27
39
36
40
30
39
25
23
39
8
16
40
40
39
40
39
39
40
9
39
9
21
39
5
30
40
40
40
40
27
39
33
39
22
