16
20
6
37
40
34
34
15
25
20
11
35
10
1
21
1
23
37
33
2
27
38
12
12
3
13
29
13
4
14
4
36
5
5
0
16
6
6
6
17
29
7
17
3
8
23
2
19
9
31
9
8
10
20
10
27
27
11
25
29
35
5
12
23
13
37
13
24
39
14
1
25
31
26
15
16
37
16
27
39
17
11
39
28
12
18
35
29
7
19
30
20
39
20
31
21
9
40
13
32
22
33
39
33
0
38
34
15
9
25
17
35
25
1
21
26
36
37
17
3
13
38
28
19
38
39
29
13
4
39
40
17
5
5
40
32
25
32
19
7
18
32
3
3
8
3
9
21
9
39
40
39
39
39
39
37
39
11
40
39
39
35
39
39
39
39
39
40
37
39
34
39
32
39
3
39
37
39
39
40
39
40
39
39
39
39
27
39
38
39
23
39
34
39
11
39
39
40
40
24
