23
4
36
19
6
24
34
23
38
36
8
28
0
39
1
10
0
27
2
37
2
0
38
3
3
3
22
4
4
4
14
16
5
15
5
27
27
6
0
17
29
7
31
33
3
8
18
1
39
28
9
30
20
10
20
21
40
11
24
27
23
12
1
3
12
0
9
14
36
14
25
35
39
15
26
40
16
11
28
27
17
10
1
12
40
18
12
29
19
30
9
30
3
20
39
31
39
32
21
33
33
23
33
9
23
17
34
38
39
25
35
25
36
26
26
36
1
27
37
37
37
40
38
28
17
3
3
39
15
23
4
29
30
40
18
11
13
6
14
33
33
5
10
0
13
20
6
23
40
40
34
40
36
39
39
39
39
39
37
39
33
13
39
15
24
39
14
14
39
38
39
39
39
32
39
38
14
39
33
38
39
12
40
39
28
39
4
23
39
16
4
39
18
39
39
39
39
39
39
33
