38
33
25
21
23
19
12
11
37
8
8
19
25
1
1
1
1
11
25
2
22
17
0
3
3
3
27
34
4
21
40
30
15
5
32
35
37
6
23
24
36
7
18
4
18
8
18
8
22
9
5
20
29
10
5
21
11
21
11
6
12
36
12
23
39
28
24
14
24
14
2
11
15
39
26
27
26
16
5
17
27
17
40
5
18
29
10
29
18
19
30
20
33
20
31
39
9
32
40
13
10
23
33
7
23
10
34
11
24
38
35
14
25
36
21
36
1
40
37
2
27
0
39
38
21
3
29
29
39
0
24
30
15
40
27
32
15
32
11
2
8
24
14
33
5
8
27
4
40
39
39
37
39
10
38
39
11
36
39
39
40
39
36
39
38
39
39
40
39
39
40
40
39
39
2
39
28
39
39
39
26
39
18
38
16
39
10
33
37
39
39
40
40
3
39
39
40
39
40
28
