40
18
33
27
23
34
17
8
38
35
12
39
20
20
1
36
27
39
11
2
12
18
12
3
3
3
13
40
4
40
14
22
5
1
5
2
31
6
33
17
23
7
17
2
2
8
3
2
3
9
39
29
10
20
10
27
30
11
32
22
22
22
39
39
13
29
24
30
14
13
14
40
25
1
4
16
26
16
32
6
5
0
28
18
39
18
29
39
1
19
30
15
35
39
31
10
31
21
22
9
40
9
33
11
23
34
17
8
5
35
24
7
20
20
25
36
27
40
37
7
10
27
40
3
38
29
29
39
4
40
30
26
5
10
40
30
32
6
20
20
18
34
9
2
28
34
19
22
8
39
39
40
39
39
39
39
39
39
39
37
39
38
39
12
39
39
39
39
40
39
39
40
39
39
32
39
36
39
40
39
40
39
39
39
39
39
39
39
39
39
30
39
35
39
35
39
39
39
40
38
