14
35
31
16
11
17
21
21
36
14
8
22
21
36
35
1
1
1
1
1
1
1
2
2
2
1
13
3
26
3
3
3
3
4
4
4
4
33
5
27
5
5
30
3
6
6
6
16
23
7
7
7
27
24
18
8
8
36
9
19
9
20
33
10
10
21
10
9
2
11
11
9
12
12
12
6
12
23
13
13
6
6
14
36
25
15
14
7
15
30
15
16
16
33
32
17
31
17
17
32
17
18
16
35
19
34
19
33
19
33
20
34
33
18
21
21
34
13
22
22
21
36
35
35
23
0
14
36
22
36
19
25
22
21
25
23
26
23
22
21
27
27
4
27
4
18
17
28
36
36
29
6
6
6
20
35
33
31
35
7
7
21
2
22
33
35
9
35
35
35
28
35
36
35
35
35
35
35
36
28
35
35
35
35
12
35
35
36
35
33
35
36
35
33
35
36
35
30
35
16
16
35
13
17
34
33
35
35
31
35
34
35
29
34
19
36
