8
0
39
32
60
60
31
45
46
40
45
12
1
1
1
1
24
47
1
63
64
1
57
54
64
31
25
3
3
54
42
13
23
21
46
36
28
23
15
15
46
35
5
27
53
57
28
54
17
6
2
7
38
43
3
46
26
6
3
52
19
64
9
27
8
8
21
39
38
44
5
64
47
11
10
40
2
51
64
10
30
50
31
3
59
2
61
3
13
2
41
60
14
58
59
13
13
15
59
38
26
14
35
16
64
27
42
64
55
36
15
64
57
18
8
64
17
57
38
30
57
61
19
4
8
20
44
42
21
32
64
2
20
40
13
40
13
60
40
58
55
49
41
34
23
14
41
59
11
24
24
12
25
64
18
57
45
25
26
26
58
27
60
60
16
26
6
28
39
13
54
11
28
30
49
29
48
29
29
31
55
12
62
49
50
30
19
50
63
11
14
49
11
33
33
34
20
3
25
51
45
60
16
61
6
33
57
33
28
28
61
47
37
36
53
3
58
16
0
10
59
9
39
59
27
60
59
55
7
39
60
56
32
2
41
40
25
12
1
1
57
34
16
29
11
63
9
1
62
59
64
44
25
44
5
45
45
4
23
60
46
36
35
47
64
21
48
28
64
36
47
47
47
64
38
26
2
7
38
18
15
37
50
6
49
23
19
64
29
6
64
8
64
12
40
41
64
5
64
30
13
54
53
8
64
54
41
64
55
56
42
29
29
64
64
56
64
30
64
64
64
64
64
15
59
35
26
59
59
9
64
64
64
64
64
64
64
64
64
64
61
64
64
63
63
64
63
64
63
63
64
62
64
64
21
64
64
63
63
63
63
16
61
64
40
16
64
49
61
64
64
63
55
61
36
58
20
50
53
64
18
64
63
25
60
48
22
63
60
60
16
63
6
28
14
14
59
57
28
56
41
52
54
59
60
44
9
59
56
59
50
56
59
38
15
11
59
62
51
15
25
54
48
58
58
51
40
58
62
59
6
33
3
11
34
62
61
10
62
45
48
60
61
37
34
33
3
42
45
26
27
18
63
