51
53
24
15
44
52
19
35
15
10
61
61
27
1
61
11
1
1
1
43
1
15
24
40
38
47
23
2
13
3
60
40
3
3
47
61
54
4
0
25
4
33
5
5
34
27
59
0
16
48
6
18
6
50
7
7
36
2
58
2
8
52
8
2
9
10
20
9
40
51
9
38
0
33
27
27
5
55
22
46
9
56
6
64
40
12
12
6
13
48
39
25
46
64
14
14
7
15
32
59
38
33
14
27
17
53
16
16
16
34
52
56
36
59
9
35
5
6
61
19
64
47
20
43
19
45
58
59
48
16
38
63
14
52
39
42
22
7
62
41
43
60
8
24
40
23
52
61
23
35
21
17
25
17
45
26
24
61
25
46
27
46
46
45
49
46
63
45
13
29
46
28
46
60
46
46
57
48
5
4
57
24
54
60
59
63
61
61
48
33
51
43
32
32
32
32
7
50
52
34
52
35
29
52
4
9
21
10
60
34
63
57
37
36
53
15
58
17
18
7
64
17
58
38
55
49
60
55
60
15
41
23
40
40
61
56
61
40
27
4
61
24
57
28
21
43
43
15
58
22
3
43
59
59
18
14
60
40
23
30
47
46
3
4
19
34
46
46
24
48
34
64
47
47
27
48
11
21
17
50
49
38
11
49
12
40
8
49
10
41
45
64
51
64
53
64
64
38
40
64
21
45
34
43
36
23
55
40
42
64
40
12
64
64
13
12
64
64
64
64
64
64
15
59
24
59
59
33
58
64
64
64
64
59
64
61
63
64
63
64
64
63
64
64
64
63
64
63
64
5
64
45
58
63
57
33
3
63
14
52
60
62
63
22
62
59
57
39
63
19
47
62
43
61
59
56
16
61
62
34
56
61
51
61
25
4
61
46
19
12
61
43
2
7
60
58
46
60
61
60
46
46
57
51
5
0
57
58
42
60
12
58
61
61
41
33
26
12
21
20
35
58
7
58
23
34
61
35
42
53
62
2
15
28
54
12
63
46
11
12
19
54
64
26
13
8
64
0
21
20
37
13
37
