16
15
24
53
18
40
64
60
16
11
23
43
1
40
1
47
1
1
47
1
1
31
30
38
13
12
21
32
14
3
3
46
4
3
55
45
43
15
46
47
15
5
38
21
34
40
46
30
44
6
18
24
37
7
61
54
31
52
8
32
19
64
19
9
3
57
34
5
2
64
39
28
21
37
10
64
2
11
48
42
12
44
23
45
23
60
13
6
64
32
4
54
47
64
61
52
14
26
15
36
4
16
57
9
17
15
36
15
16
48
55
53
36
48
64
44
0
57
46
12
58
59
38
16
60
20
45
17
31
39
32
14
55
22
41
21
21
23
47
21
44
22
35
34
1
15
60
8
43
22
47
16
49
25
43
9
43
23
17
55
26
8
18
38
52
47
18
47
20
29
28
25
40
47
60
28
28
28
57
28
29
22
31
30
30
18
49
32
22
49
59
12
49
33
27
26
12
51
32
34
63
32
51
45
46
35
14
52
52
57
6
36
13
37
54
36
53
54
54
38
58
55
37
39
6
30
60
15
24
29
18
40
18
42
39
40
61
41
41
40
41
25
29
57
58
1
62
62
19
44
23
59
63
32
64
21
13
59
35
42
60
45
43
35
46
64
47
61
47
46
34
17
46
6
44
48
44
49
49
0
13
44
31
51
9
28
48
64
64
3
50
38
51
5
64
64
51
28
28
37
38
64
2
54
36
55
55
64
56
45
54
64
43
33
64
32
64
64
64
64
64
64
14
59
15
57
60
25
64
19
64
4
64
64
64
64
64
64
64
63
64
64
64
63
64
64
61
63
63
63
64
63
62
52
14
64
20
63
64
64
60
63
63
23
47
58
62
51
54
23
62
60
60
4
0
58
53
4
49
44
63
9
58
60
61
55
60
60
60
38
45
47
64
60
61
60
8
61
44
60
60
57
60
55
57
60
29
26
48
57
18
18
61
63
11
57
63
61
60
55
61
40
60
21
60
4
49
32
62
12
46
34
32
38
52
13
26
29
63
37
32
36
57
63
40
38
25
63
19
6
47
28
43
