37
64
38
17
50
43
53
47
21
38
55
16
1
27
1
1
14
30
1
1
54
44
1
19
43
2
19
3
29
3
62
45
35
28
31
31
4
63
0
25
32
5
50
26
54
25
64
48
6
49
46
61
35
24
7
47
39
45
44
47
8
26
0
29
51
9
54
20
61
27
64
36
48
10
10
0
11
10
11
12
3
6
30
45
6
46
60
3
41
13
53
14
57
64
11
15
57
64
14
7
45
64
5
53
52
14
14
17
16
64
55
28
45
35
41
49
42
18
19
12
16
38
11
9
52
9
37
5
20
21
39
39
18
53
22
47
40
41
41
63
18
21
14
23
63
63
58
16
24
53
62
25
43
14
22
22
26
43
27
51
45
44
19
8
26
26
45
14
28
14
17
29
46
46
27
59
47
64
48
28
41
31
30
59
24
54
59
28
4
2
28
2
28
51
9
33
51
50
33
55
34
60
35
62
52
60
57
63
35
36
28
23
35
62
38
54
22
37
32
58
28
37
33
39
37
33
37
55
38
40
50
11
56
19
41
38
42
16
1
41
39
62
36
63
18
58
16
44
62
19
43
3
44
59
5
11
28
63
35
47
42
24
7
18
0
38
22
46
46
26
26
25
64
48
48
49
46
18
35
24
44
44
39
50
44
51
50
22
64
16
51
64
4
64
53
64
52
30
48
42
64
0
43
64
11
55
3
50
64
0
55
64
0
6
57
64
64
64
57
64
64
64
64
58
59
0
45
60
42
64
64
14
64
64
64
64
59
64
64
63
63
64
64
63
64
64
61
64
54
63
64
46
64
64
64
37
53
63
64
53
22
60
62
41
62
63
64
62
55
62
63
63
62
53
62
53
62
36
62
55
63
62
41
1
63
63
60
63
59
62
26
9
64
64
64
62
22
54
46
27
63
59
24
56
44
62
58
27
59
59
63
54
59
48
56
63
63
62
28
62
59
28
51
3
33
35
14
59
12
62
14
60
57
33
35
62
9
60
35
62
25
54
22
37
60
31
28
63
60
22
37
47
28
