27
8
11
13
28
31
44
39
60
39
29
45
1
64
63
1
1
40
1
17
1
46
38
38
64
2
63
51
3
3
16
39
35
37
32
23
43
4
15
15
59
57
23
47
5
5
48
6
33
49
42
45
49
48
7
18
0
8
7
48
38
51
7
50
20
44
9
29
9
10
8
53
8
22
39
11
44
10
0
43
12
51
59
3
60
2
45
3
64
57
43
11
25
13
14
5
63
59
36
8
15
15
58
16
5
5
1
27
17
35
63
16
64
63
29
61
18
61
62
42
3
63
19
19
52
20
11
21
20
49
50
32
49
14
4
14
53
60
34
15
41
20
52
23
57
24
7
23
42
23
6
25
26
24
24
25
18
8
45
61
56
44
19
7
9
8
27
28
2
49
52
29
46
47
47
49
40
20
54
28
30
31
21
49
50
54
22
51
61
32
24
23
51
34
55
50
44
33
33
52
34
33
33
53
28
8
14
53
52
58
17
60
63
62
14
37
38
58
15
58
14
56
55
49
55
56
27
55
31
39
22
40
13
39
60
39
62
4
42
19
41
21
1
43
20
58
43
1
62
59
64
30
63
5
43
44
27
44
35
44
37
35
46
40
64
15
27
47
47
64
21
12
48
41
33
49
45
48
49
48
64
8
26
39
29
48
33
51
43
51
1
64
64
29
64
10
64
53
4
37
53
64
54
54
52
64
0
16
47
3
47
64
56
56
64
57
64
64
64
64
64
64
40
59
59
59
57
12
58
64
64
64
64
15
64
64
63
64
64
64
64
64
64
64
62
64
64
63
6
23
64
64
19
61
51
64
50
32
55
64
55
60
63
60
58
62
57
63
63
39
57
20
7
27
6
51
63
59
55
57
62
41
62
62
57
55
36
44
19
63
55
57
55
7
1
62
27
53
58
62
2
20
40
55
1
62
45
58
64
30
63
42
22
61
61
56
24
23
61
34
56
58
25
36
62
55
53
4
33
53
61
19
54
57
47
58
30
59
28
62
16
27
8
59
15
3
30
26
25
52
55
49
56
