7
8
18
54
24
32
43
9
39
18
39
60
40
1
1
27
1
1
1
23
61
37
58
55
37
13
44
3
62
25
49
3
56
56
50
4
32
15
41
51
54
5
39
4
34
26
29
6
22
1
31
18
47
50
28
1
7
39
19
27
8
7
2
8
61
64
9
29
21
27
10
47
61
21
28
31
48
10
11
23
51
31
31
12
53
4
7
1
52
13
7
25
13
50
14
13
54
14
59
16
15
8
15
15
8
15
8
38
39
50
1
28
17
17
18
19
52
12
38
18
60
54
42
38
31
49
38
12
9
53
21
14
1
14
22
64
13
14
63
21
49
42
21
7
57
23
35
15
18
24
43
25
5
18
18
26
25
25
16
18
12
27
51
13
19
45
28
50
52
14
46
19
27
29
30
40
29
21
47
52
57
5
22
15
22
25
32
25
50
43
18
50
51
51
25
25
34
61
25
59
59
51
34
33
61
35
57
26
52
57
27
60
20
3
37
48
37
54
38
54
5
29
55
59
39
31
40
8
28
29
23
32
32
57
39
42
15
31
9
41
58
27
16
9
31
23
42
18
43
42
35
37
63
28
63
27
33
45
24
6
44
46
35
47
11
46
37
16
39
10
48
26
15
42
64
40
38
31
49
50
47
16
29
39
26
27
51
49
50
64
52
64
23
51
64
22
64
11
53
21
28
64
51
51
44
64
33
55
55
12
55
64
37
64
57
23
64
64
64
64
64
64
59
14
59
59
58
8
61
64
64
64
64
64
64
64
50
64
64
64
64
64
61
63
64
51
64
63
64
49
64
56
63
63
61
63
63
28
64
14
64
64
56
64
63
21
63
55
63
47
57
30
53
64
62
59
53
38
55
53
22
28
4
62
62
53
1
45
55
53
55
45
28
62
62
62
53
23
62
44
19
39
8
55
62
19
57
28
64
53
57
55
8
51
55
49
37
50
58
51
63
25
15
61
25
35
14
7
25
33
61
56
32
61
27
62
59
19
1
31
37
18
41
43
54
54
2
60
11
62
53
51
36
