58
16
29
54
19
39
54
0
57
22
38
31
1
1
28
1
1
36
1
40
25
58
34
48
44
0
50
3
62
3
45
2
32
35
4
26
14
46
27
42
61
3
55
30
5
64
38
25
6
3
17
49
18
23
34
1
7
50
8
27
50
4
1
5
50
9
55
8
53
43
10
1
64
9
11
50
22
10
3
60
52
60
12
64
24
1
55
4
34
64
13
14
31
37
4
32
11
26
8
60
1
15
4
16
9
6
9
43
50
17
35
2
7
18
0
3
49
47
63
19
17
59
63
60
59
18
20
18
8
14
38
21
45
39
19
40
39
22
60
41
41
23
20
14
1
24
61
16
58
17
42
63
17
56
25
23
18
26
52
61
44
16
27
4
14
45
17
19
13
18
28
29
28
46
40
20
54
22
63
47
49
30
31
30
54
48
14
32
49
1
24
31
32
33
31
34
51
6
0
22
59
52
33
32
19
24
51
35
53
24
0
21
26
37
36
34
38
58
48
54
36
37
36
60
28
40
39
16
29
39
61
39
61
1
23
56
38
57
42
41
26
4
10
24
39
40
35
58
34
43
42
34
40
63
62
22
45
63
63
44
4
46
14
46
27
47
47
6
46
30
17
48
64
48
6
49
18
48
39
64
7
51
5
50
37
50
50
4
37
5
50
64
37
64
53
43
64
38
64
64
52
10
64
52
55
44
52
44
13
64
55
1
55
36
64
64
13
64
64
64
64
64
64
26
16
59
11
49
59
64
21
64
64
64
64
64
61
64
64
63
64
64
64
64
63
64
64
63
63
64
63
63
63
63
14
4
27
53
63
63
64
63
64
25
59
61
64
63
64
61
64
28
61
63
58
20
26
63
48
50
63
21
18
7
60
3
53
53
62
63
39
60
17
42
60
53
28
53
36
57
7
57
59
62
63
47
18
49
52
30
63
57
45
14
49
10
41
62
24
14
31
54
36
52
59
44
59
63
33
62
64
54
44
1
17
24
64
16
3
37
7
7
38
62
62
54
19
62
36
62
62
53
49
