39
52
12
18
52
41
56
34
37
39
36
13
31
1
1
1
1
26
1
12
31
59
1
39
62
3
43
37
13
59
13
3
21
0
22
45
44
4
31
52
36
47
41
64
5
46
6
5
17
42
43
40
6
7
48
30
7
8
40
49
1
9
19
26
26
8
51
47
62
4
37
53
47
21
22
4
11
2
44
1
8
23
61
12
64
38
3
13
49
25
51
58
0
64
14
15
61
26
59
14
60
53
9
6
64
16
8
17
46
52
10
63
10
16
60
2
53
18
16
8
19
54
37
51
51
20
31
12
39
57
54
8
21
64
22
56
51
41
13
40
57
23
60
15
16
19
24
19
15
19
25
43
52
36
62
26
7
19
62
46
16
25
25
27
0
50
28
46
4
29
20
28
30
21
48
48
54
47
41
21
49
27
24
49
21
20
29
29
21
30
25
49
17
17
4
22
33
34
33
51
35
24
13
25
18
45
29
53
52
26
2
9
54
47
26
10
53
26
13
59
54
16
29
59
63
17
39
39
39
39
35
41
56
40
56
39
36
31
31
62
1
36
58
43
36
42
58
44
4
36
62
43
43
45
42
63
35
38
44
64
22
45
44
46
2
21
61
47
47
64
44
46
48
41
38
41
49
40
7
42
48
42
48
50
40
64
3
48
24
51
64
23
64
20
50
10
64
53
64
53
49
64
54
47
55
51
55
53
64
38
46
45
64
46
64
64
64
58
64
64
57
64
64
50
59
39
60
49
60
64
64
64
64
17
63
64
64
63
64
64
64
64
63
64
5
63
64
63
64
64
63
64
64
64
64
64
64
62
21
64
49
63
64
63
58
30
57
2
60
64
24
63
49
19
59
62
0
57
39
62
62
26
53
55
62
57
55
25
62
16
55
61
55
6
24
29
57
28
62
43
48
50
59
35
15
51
43
53
63
60
21
63
63
53
64
64
53
49
60
17
61
64
61
34
61
64
6
12
46
46
33
22
36
7
44
55
62
52
54
6
62
10
10
26
53
10
54
16
38
24
63
17
35
