60
12
15
33
0
61
9
41
41
27
23
41
39
16
63
1
1
1
33
1
1
1
63
2
45
63
24
3
3
2
44
31
21
25
19
64
23
4
15
15
43
44
5
50
55
48
28
6
5
36
46
27
61
42
29
18
34
7
7
19
8
64
58
9
8
46
8
1
52
9
10
54
8
33
22
33
55
49
5
11
11
12
40
3
4
7
6
54
13
6
60
13
39
14
33
14
34
15
13
5
8
42
10
16
43
63
9
17
10
64
36
55
16
6
50
18
64
19
37
11
47
62
6
2
50
64
18
45
45
64
32
56
22
21
41
21
64
21
8
51
13
0
43
14
42
43
23
24
35
50
25
19
24
50
26
24
14
17
43
18
27
19
14
44
44
9
26
39
26
53
19
20
29
52
27
60
41
2
14
30
31
57
48
11
30
9
49
30
54
14
5
25
4
33
64
33
59
34
50
22
27
33
35
53
12
5
15
4
54
53
18
54
36
29
26
37
58
14
9
38
30
1
56
39
56
55
38
40
39
17
56
60
9
41
42
5
32
57
41
16
7
57
41
32
33
25
41
58
41
53
36
59
59
64
45
44
44
60
64
60
46
64
45
47
15
15
43
39
6
64
47
40
3
45
45
47
47
18
7
50
29
51
4
37
50
37
8
51
50
64
64
27
52
43
52
64
53
54
64
33
37
64
55
53
31
11
49
64
14
30
64
45
6
54
13
64
64
64
64
64
64
64
43
40
55
5
23
9
57
64
64
64
59
64
64
64
44
64
64
64
64
64
64
64
64
64
63
64
59
51
25
64
64
64
64
64
50
56
63
63
61
6
64
63
64
52
63
60
52
7
57
63
63
60
50
64
38
5
62
52
26
58
13
5
14
18
38
39
59
63
58
61
61
54
61
54
19
0
52
52
27
56
41
2
58
56
31
61
38
59
42
9
12
46
62
14
5
43
4
33
14
21
59
63
50
22
63
62
35
64
12
13
29
1
5
63
23
54
44
60
6
6
4
61
59
43
49
1
56
59
33
55
3
