51
40
29
47
29
37
1
1
13
29
21
14
3
13
46
15
4
5
18
2
6
25
7
7
8
19
19
33
10
21
7
4
11
7
64
13
5
10
25
26
15
15
16
17
11
28
29
30
64
19
33
20
21
34
34
35
18
34
36
24
36
25
26
40
38
39
28
39
40
41
42
42
25
8
42
25
45
50
45
29
34
28
11
36
47
52
48
19
16
33
39
51
40
41
52
29
37
36
1
56
55
26
60
41
61
46
41
40
60
45
49
44
44
43
7
8
19
40
64
12
47
46
33
11
64
64
13
63
64
27
63
15
60
63
17
64
64
63
63
64
63
64
63
63
64
63
59
64
63
63
63
64
63
63
40
38
50
56
58
53
62
62
60
62
8
62
57
59
63
63
63
0
28
38
59
47
52
42
19
62
62
40
