10
12
14
10
22
28
0
30
19
19
14
12
0
17
0
1
1
32
23
1
10
18
2
10
2
31
22
32
23
3
19
13
19
2
13
4
0
3
14
5
3
21
5
6
15
6
3
0
26
7
23
7
17
32
32
29
32
8
28
32
9
19
5
25
10
6
10
29
7
11
21
27
29
31
12
22
12
28
8
13
29
23
0
8
0
8
29
0
15
25
5
30
32
31
16
26
16
17
12
11
27
7
17
18
8
28
19
2
9
10
29
0
1
5
14
30
1
30
11
22
31
22
31
15
8
23
32
3
13
13
24
25
25
13
19
14
24
19
6
4
24
26
20
3
0
26
32
32
30
32
2
32
29
32
27
28
32
9
9
32
32
31
21
31
29
31
24
31
28
26
31
12
31
31
3
32
13
32
9
6
32
0
32
32
3
32
29
2
32
29
32
32
31
31
