# Results obtained using DQN. CPU time: 59.550270080566406
0.00683599  32.00000000  0.00055614  40.00000000  1326.55100194  0.00000000
0.01047568  38.00000000  0.01047568  40.00000000  1264.14959179  0.00000000
0.00219837  36.00000000  0.00155345  40.00000000  956.85271819  0.00000000
0.00063503  31.00000000  0.00061260  40.00000000  1193.81903516  0.00000000
0.00037544  30.00000000  0.00019663  40.00000000  1161.36117479  0.00000000
0.00035995  38.00000000  0.00035995  40.00000000  947.77154643  0.00000000
0.01453611  37.00000000  0.01357775  40.00000000  1336.13561211  0.00000000
0.00043754  27.00000000  0.00023852  40.00000000  1059.09641511  0.00000000
0.00040436  36.00000000  0.00033704  40.00000000  1212.71951801  0.00000000
0.00140157  38.00000000  0.00140157  40.00000000  1308.21728166  0.00000000
0.00278480  27.00000000  0.00027519  40.00000000  1052.42748596  0.00000000
0.02776397  38.00000000  0.02776397  40.00000000  1196.67310169  0.00000000
0.00124558  38.00000000  0.00124558  40.00000000  1208.72245120  0.27394262
0.02031902  38.00000000  0.02031902  40.00000000  903.09071935  1.00445627
0.00008820  29.00000000  0.00000682  40.00000000  789.15065736  0.99000000
0.00008820  29.00000000  0.00000682  40.00000000  789.15065736  0.99000000
0.01815915  38.00000000  0.01815915  40.00000000  795.29483172  0.99000000
0.00008820  29.00000000  0.00000682  40.00000000  789.15065736  0.99000000
0.00008820  29.00000000  0.00000682  40.00000000  789.15065736  0.99000000
0.04344780  35.00000000  0.03935891  40.00000000  838.71091578  0.99000000
0.00008820  29.00000000  0.00000682  40.00000000  789.15065736  0.99000000
0.00008820  29.00000000  0.00000682  40.00000000  789.15065736  0.99000000
0.00008820  29.00000000  0.00000682  40.00000000  789.15065736  0.99000000
0.00133489  38.00000000  0.00133489  40.00000000  789.58539975  0.99000000
0.00008820  29.00000000  0.00000682  40.00000000  789.15065736  0.99000000
0.00008820  29.00000000  0.00000265  40.00000000  789.15065737  0.99000000
0.00008820  29.00000000  0.00000682  40.00000000  789.15065736  0.99000000
0.00008820  29.00000000  0.00000682  40.00000000  789.15065736  0.99000000
0.00008820  29.00000000  0.00000682  40.00000000  789.15065736  0.99000000
0.00008820  29.00000000  0.00000682  40.00000000  789.15065736  0.99000000
0.00008820  29.00000000  0.00000682  40.00000000  789.15065736  0.99000000
0.00008820  29.00000000  0.00000682  40.00000000  789.15065736  0.99000000
0.00008820  29.00000000  0.00000682  40.00000000  789.15065736  0.99000000
0.01949963  34.00000000  0.01368603  40.00000000  813.67709389  0.99000000
0.00008820  29.00000000  0.00000682  40.00000000  789.15065736  0.99000000
0.00008820  29.00000000  0.00000682  40.00000000  789.15065736  0.99000000
0.00008820  29.00000000  0.00000682  40.00000000  789.15065736  0.99000000
0.00008820  29.00000000  0.00000682  40.00000000  789.15065736  0.99000000
0.00008820  29.00000000  0.00000682  40.00000000  789.15065736  0.99000000
0.00008820  29.00000000  0.00000682  40.00000000  789.15065736  0.99000000
0.01894278  35.00000000  0.01466667  40.00000000  809.70778234  0.99000000
0.00008820  29.00000000  0.00000682  40.00000000  789.15065736  0.99000000
0.00008820  29.00000000  0.00000682  40.00000000  789.15065736  0.99000000
0.00008820  29.00000000  0.00000682  40.00000000  789.15065736  0.99000000
0.00008820  29.00000000  0.00000682  40.00000000  789.15065736  0.99000000
0.00008820  29.00000000  0.00000682  40.00000000  789.15065736  0.99000000
0.00008820  29.00000000  0.00000682  40.00000000  789.15065736  0.99000000
0.00008820  29.00000000  0.00000682  40.00000000  789.15065736  0.99000000
0.00008820  29.00000000  0.00000682  40.00000000  789.15065736  0.99000000
0.00008820  29.00000000  0.00000682  40.00000000  789.15065736  0.99000000
0.01662964  38.00000000  0.01662964  40.00000000  795.29360934  0.99000000
0.00008820  29.00000000  0.00000682  40.00000000  789.15065736  0.99000000
0.00008199  28.00000000  0.00000185  40.00000000  789.15065694  0.99000000
0.00028029  38.00000000  0.00028029  40.00000000  789.15065766  0.99000000
0.00008820  29.00000000  0.00000682  40.00000000  789.15065736  0.99000000
0.00121771  38.00000000  0.00121771  40.00000000  789.58539371  0.99000000
0.00008820  29.00000000  0.00000682  40.00000000  789.15065736  0.99000000
0.00008820  29.00000000  0.00000682  40.00000000  789.15065736  0.99000000
0.00008820  29.00000000  0.00000682  40.00000000  789.15065736  0.99000000
0.00120065  38.00000000  0.00120065  40.00000000  789.41683614  0.99000000
0.00008820  29.00000000  0.00000682  40.00000000  789.15065736  0.99000000
0.00008820  29.00000000  0.00000682  40.00000000  789.15065736  0.99000000
0.00008820  29.00000000  0.00000682  40.00000000  789.15065736  0.99000000
0.00008820  29.00000000  0.00000682  40.00000000  789.15065736  0.99000000
0.00008820  29.00000000  0.00000682  40.00000000  789.15065736  0.99000000
0.00007474  27.00000000  0.00002565  40.00000000  789.15065660  0.99000000
0.00083134  38.00000000  0.00083134  40.00000000  789.40809339  0.99000000
0.00008820  29.00000000  0.00000682  40.00000000  789.15065736  0.99000000
0.00008820  29.00000000  0.00000682  40.00000000  789.15065736  0.99000000
0.00008820  29.00000000  0.00000682  40.00000000  789.15065736  0.99000000
0.00008820  29.00000000  0.00000682  40.00000000  789.15065736  0.99000000
0.00058999  38.00000000  0.00058999  40.00000000  789.26804013  0.99000000
0.00008820  29.00000000  0.00000682  40.00000000  789.15065736  0.99000000
0.00008820  29.00000000  0.00000682  40.00000000  789.15065736  0.99000000
0.00087956  38.00000000  0.00087956  40.00000000  789.41557140  0.99000000
0.00008820  29.00000000  0.00000682  40.00000000  789.15065736  0.99000000
0.00008820  29.00000000  0.00000682  40.00000000  789.15065736  0.99000000
0.00008820  29.00000000  0.00000682  40.00000000  789.15065736  0.99000000
0.00008820  29.00000000  0.00000682  40.00000000  789.15065736  0.99000000
0.01953429  38.00000000  0.01953429  40.00000000  798.66405570  0.99000000
0.00008820  29.00000000  0.00000682  40.00000000  789.15065736  0.99000000
0.00269815  38.00000000  0.00269815  40.00000000  789.79642528  0.99000000
0.00008820  29.00000000  0.00000682  40.00000000  789.15065736  0.99000000
0.00008820  29.00000000  0.00000682  40.00000000  789.15065736  0.99000000
0.00008820  29.00000000  0.00000682  40.00000000  789.15065736  0.99000000
0.00008820  29.00000000  0.00000682  40.00000000  789.15065736  0.99000000
0.00008820  29.00000000  0.00000682  40.00000000  789.15065736  0.99000000
0.00014112  38.00000000  0.00014112  40.00000000  789.15065701  0.99000000
0.00008820  29.00000000  0.00000682  40.00000000  789.15065736  0.99000000
0.00008820  29.00000000  0.00000682  40.00000000  789.15065736  0.99000000
0.00008820  29.00000000  0.00000682  40.00000000  789.15065736  0.99000000
0.00008820  29.00000000  0.00000682  40.00000000  789.15065736  0.99000000
0.00008820  29.00000000  0.00000682  40.00000000  789.15065736  0.99000000
0.00008820  29.00000000  0.00000682  40.00000000  789.15065736  0.99000000
0.00008820  29.00000000  0.00000682  40.00000000  789.15065736  0.99000000
0.00008820  29.00000000  0.00000682  40.00000000  789.15065736  0.99000000
0.00008820  29.00000000  0.00000682  40.00000000  789.15065736  0.99000000
0.00008820  29.00000000  0.00000630  40.00000000  789.15065736  0.99000000
0.00008820  29.00000000  0.00000570  40.00000000  789.15065736  0.99000000
0.00008820  29.00000000  0.00000682  40.00000000  789.15065736  0.99000000
0.00008820  29.00000000  0.00000682  40.00000000  789.15065736  0.99000000
0.00008820  29.00000000  0.00000683  40.00000000  789.15065736  0.99000000
0.00008820  29.00000000  0.00000682  40.00000000  789.15065736  0.99000000
0.00008820  29.00000000  0.00000682  40.00000000  789.15065736  0.99000000
0.00008820  29.00000000  0.00000682  40.00000000  789.15065736  0.99000000
0.00008820  29.00000000  0.00000682  40.00000000  789.15065736  0.99000000
0.00008820  29.00000000  0.00000682  40.00000000  789.15065736  0.99000000
0.00008820  29.00000000  0.00007456  40.00000000  789.15065775  0.99000000
0.00008820  29.00000000  0.00000682  40.00000000  789.15065736  0.99000000
0.00008820  29.00000000  0.00000682  40.00000000  789.15065736  0.99000000
0.00008820  29.00000000  0.00000682  40.00000000  789.15065736  0.99000000
0.00008820  29.00000000  0.00000682  40.00000000  789.15065736  0.99000000
0.00008820  29.00000000  0.00000682  40.00000000  789.15065736  0.99000000
0.00113988  38.00000000  0.00113988  40.00000000  789.41657784  0.99000000
0.00008820  29.00000000  0.00000682  40.00000000  789.15065736  0.99000000
0.01145226  38.00000000  0.01145226  40.00000000  792.00971130  0.99000000
0.00008820  29.00000000  0.00000682  40.00000000  789.15065736  0.99000000
0.00008820  29.00000000  0.00000682  40.00000000  789.15065736  0.99000000
0.00057566  38.00000000  0.00057566  40.00000000  789.26777784  0.99000000
0.00008820  29.00000000  0.00000682  40.00000000  789.15065736  0.99000000
0.00008820  29.00000000  0.00000682  40.00000000  789.15065736  0.99000000
0.01964603  38.00000000  0.01964603  40.00000000  798.67734633  0.99000000
0.00008820  29.00000000  0.00000682  40.00000000  789.15065736  0.99000000
0.00008820  29.00000000  0.00000682  40.00000000  789.15065736  0.99000000
0.00008820  29.00000000  0.00000682  40.00000000  789.15065736  0.99000000
0.00008820  29.00000000  0.00000682  40.00000000  789.15065736  0.99000000
0.00413327  38.00000000  0.00413327  40.00000000  790.36659748  0.99000000
0.01797563  38.00000000  0.01797563  40.00000000  796.17401845  0.99000000
0.00008820  29.00000000  0.00000682  40.00000000  789.15065736  0.99000000
0.00008820  29.00000000  0.00000682  40.00000000  789.15065736  0.99000000
0.00008820  29.00000000  0.00000682  40.00000000  789.15065736  0.99000000
0.00008649  29.00000000  0.00000217  40.00000000  789.15065720  0.99000000
0.00008820  29.00000000  0.00000682  40.00000000  789.15065736  0.99000000
0.00008820  29.00000000  0.00000682  40.00000000  789.15065736  0.99000000
0.00121089  32.00000000  0.00054613  40.00000000  790.79593635  0.99000000
0.00008820  29.00000000  0.00000682  40.00000000  789.15065736  0.99000000
0.00008820  29.00000000  0.00000682  40.00000000  789.15065736  0.99000000
0.00008820  29.00000000  0.00000682  40.00000000  789.15065736  0.99000000
0.00031341  38.00000000  0.00031341  40.00000000  789.20803621  0.99000000
0.00008820  29.00000000  0.00000682  40.00000000  789.15065736  0.99000000
0.00008820  29.00000000  0.00000682  40.00000000  789.15065736  0.99000000
0.00008820  29.00000000  0.00000682  40.00000000  789.15065736  0.99000000
0.00008820  29.00000000  0.00000682  40.00000000  789.15065736  0.99000000
0.00475815  38.00000000  0.00475815  40.00000000  790.41730021  0.99000000
0.00008820  29.00000000  0.00000682  40.00000000  789.15065736  0.99000000
0.00008820  29.00000000  0.00000682  40.00000000  789.15065736  0.99000000
0.00008820  29.00000000  0.00000682  40.00000000  789.15065736  0.99000000
0.00008820  29.00000000  0.00000682  40.00000000  789.15065736  0.99000000
0.00008820  29.00000000  0.00000682  40.00000000  789.15065736  0.99000000
0.00008820  29.00000000  0.00000682  40.00000000  789.15065736  0.99000000
0.00008820  29.00000000  0.00000682  40.00000000  789.15065736  0.99000000
0.00008820  29.00000000  0.00000682  40.00000000  789.15065736  0.99000000
0.00008820  29.00000000  0.00000682  40.00000000  789.15065736  0.99000000
0.01797563  38.00000000  0.01797563  40.00000000  796.17401845  0.99000000
0.00008820  29.00000000  0.00000682  40.00000000  789.15065736  0.99000000
0.00008820  29.00000000  0.00000682  40.00000000  789.15065736  0.99000000
0.00008820  29.00000000  0.00000682  40.00000000  789.15065736  0.99000000
0.00008820  29.00000000  0.00000682  40.00000000  789.15065736  0.99000000
0.01854937  37.00000000  0.01803975  40.00000000  802.99677729  0.99000000
0.00008820  29.00000000  0.00000682  40.00000000  789.15065736  0.99000000
0.00008820  29.00000000  0.00000682  40.00000000  789.15065736  0.99000000
0.00008820  29.00000000  0.00000682  40.00000000  789.15065736  0.99000000
0.00008820  29.00000000  0.00000682  40.00000000  789.15065736  0.99000000
0.00008820  29.00000000  0.00000682  40.00000000  789.15065736  0.99000000
0.00008820  29.00000000  0.00000682  40.00000000  789.15065736  0.99000000
0.00008820  29.00000000  0.00000682  40.00000000  789.15065736  0.99000000
0.00008820  29.00000000  0.00000682  40.00000000  789.15065736  0.99000000
0.00008820  29.00000000  0.00000682  40.00000000  789.15065736  0.99000000
0.00008820  29.00000000  0.00000682  40.00000000  789.15065736  0.99000000
0.00008820  29.00000000  0.00000682  40.00000000  789.15065736  0.99000000
0.00008820  29.00000000  0.00000682  40.00000000  789.15065736  0.99000000
0.02133007  30.00000000  0.00444985  40.00000000  832.26799207  0.99000000
0.00008820  29.00000000  0.00000682  40.00000000  789.15065736  0.99000000
0.00812732  26.00000000  0.00147143  40.00000000  822.19573034  0.99000000
0.00008820  29.00000000  0.00000682  40.00000000  789.15065736  0.99000000
0.02124188  35.00000000  0.01787331  40.00000000  809.21966756  0.99000000
0.00008820  29.00000000  0.00000682  40.00000000  789.15065736  0.99000000
0.00008820  29.00000000  0.00000682  40.00000000  789.15065736  0.99000000
0.00008820  29.00000000  0.00000682  40.00000000  789.15065736  0.99000000
0.00008820  29.00000000  0.00000682  40.00000000  789.15065736  0.99000000
0.00027255  38.00000000  0.00027255  40.00000000  789.15065915  0.99000000
0.00008820  29.00000000  0.00000682  40.00000000  789.15065736  0.99000000
0.00008820  29.00000000  0.00000682  40.00000000  789.15065736  0.99000000
0.00008820  29.00000000  0.00000682  40.00000000  789.15065736  0.99000000
0.00008820  29.00000000  0.00000682  40.00000000  789.15065736  0.99000000
0.00008820  29.00000000  0.00000682  40.00000000  789.15065736  0.99000000
0.00008820  29.00000000  0.00000682  40.00000000  789.15065736  0.99000000
0.00008820  29.00000000  0.00000682  40.00000000  789.15065736  0.99000000
0.00008820  29.00000000  0.00000682  40.00000000  789.15065736  0.99000000
0.00008820  29.00000000  0.00000682  40.00000000  789.15065736  0.99000000
0.00008820  29.00000000  0.00000682  40.00000000  789.15065736  0.99000000
0.00115088  36.00000000  0.00106761  40.00000000  789.81726890  0.99000000
0.00909825  38.00000000  0.00909825  40.00000000  791.36592776  0.99000000
0.00008820  29.00000000  0.00000682  40.00000000  789.15065736  0.99000000
0.00008820  29.00000000  0.00000682  40.00000000  789.15065736  0.99000000
0.00008820  29.00000000  0.00000682  40.00000000  789.15065736  0.99000000
0.00008820  29.00000000  0.00000682  40.00000000  789.15065736  0.99000000
0.00008820  29.00000000  0.00000682  40.00000000  789.15065736  0.99000000
0.00008820  29.00000000  0.00000682  40.00000000  789.15065736  0.99000000
0.00008820  29.00000000  0.00000682  40.00000000  789.15065736  0.99000000
0.00332690  38.00000000  0.00332690  40.00000000  790.81486779  0.99000000
0.00008820  29.00000000  0.00000682  40.00000000  789.15065736  0.99000000
0.00008820  29.00000000  0.00000682  40.00000000  789.15065736  0.99000000
0.00008820  29.00000000  0.00000682  40.00000000  789.15065736  0.99000000
0.00008820  29.00000000  0.00000682  40.00000000  789.15065736  0.99000000
0.00008820  29.00000000  0.00003199  40.00000000  789.15065738  0.99000000
0.01816915  38.00000000  0.01816915  40.00000000  795.29838894  0.99000000
0.00343428  38.00000000  0.00343428  40.00000000  790.07010853  0.99000000
0.00166397  34.00000000  0.00090575  40.00000000  791.01201786  0.99000000
0.00008820  29.00000000  0.00000682  40.00000000  789.15065736  0.99000000
0.01870101  37.00000000  0.01812688  40.00000000  803.01815565  0.99000000
0.00008820  29.00000000  0.00000682  40.00000000  789.15065736  0.99000000
0.00008820  29.00000000  0.00000682  40.00000000  789.15065736  0.99000000
0.00008820  29.00000000  0.00000682  40.00000000  789.15065736  0.99000000
0.00008820  29.00000000  0.00000682  40.00000000  789.15065736  0.99000000
0.00008820  29.00000000  0.00000682  40.00000000  789.15065736  0.99000000
0.00008820  29.00000000  0.00000682  40.00000000  789.15065736  0.99000000
0.00008820  29.00000000  0.00000682  40.00000000  789.15065736  0.99000000
0.00008820  29.00000000  0.00000682  40.00000000  789.15065736  0.99000000
0.00008820  29.00000000  0.00000682  40.00000000  789.15065736  0.99000000
0.00413327  38.00000000  0.00413327  40.00000000  790.36660387  0.99000000
0.01899331  34.00000000  0.01209079  40.00000000  813.66496371  0.99000000
0.00008820  29.00000000  0.00000682  40.00000000  789.15065736  0.99000000
0.00008820  29.00000000  0.00000650  40.00000000  789.15065736  0.99000000
0.00008820  29.00000000  0.00000682  40.00000000  789.15065736  0.99000000
0.00008820  29.00000000  0.00000682  40.00000000  789.15065736  0.99000000
0.00008820  29.00000000  0.00000682  40.00000000  789.15065736  0.99000000
0.00008820  29.00000000  0.00000682  40.00000000  789.15065736  0.99000000
0.00008820  29.00000000  0.00000682  40.00000000  789.15065736  0.99000000
0.00269815  38.00000000  0.00269815  40.00000000  789.79642528  0.99000000
0.00008820  29.00000000  0.00000682  40.00000000  789.15065736  0.99000000
0.00008827  29.00000000  0.00003090  40.00000000  789.15065747  0.99000000
0.00008820  29.00000000  0.00000682  40.00000000  789.15065736  0.99000000
0.00008820  29.00000000  0.00000682  40.00000000  789.15065736  0.99000000
0.00055355  38.00000000  0.00055355  40.00000000  789.26808315  0.99000000
0.00008820  29.00000000  0.00000682  40.00000000  789.15065736  0.99000000
0.00174432  38.00000000  0.00174432  40.00000000  789.58295995  0.99000000
0.01977226  30.00000000  0.00316827  40.00000000  832.45748780  0.99000000
0.00008820  29.00000000  0.00000682  40.00000000  789.15065736  0.99000000
0.00008820  29.00000000  0.00000682  40.00000000  789.15065736  0.99000000
0.00008820  29.00000000  0.00000682  40.00000000  789.15065736  0.99000000
0.00008820  29.00000000  0.00000682  40.00000000  789.15065736  0.99000000
0.02132680  30.00000000  0.00444843  40.00000000  832.26643071  0.99000000
0.00008820  29.00000000  0.00000682  40.00000000  789.15065736  0.99000000
0.00008820  29.00000000  0.00000682  40.00000000  789.15065736  0.99000000
0.00008820  29.00000000  0.00000682  40.00000000  789.15065736  0.99000000
0.00008820  29.00000000  0.00000682  40.00000000  789.15065736  0.99000000
0.00008820  29.00000000  0.00000682  40.00000000  789.15065736  0.99000000
0.00008820  29.00000000  0.00000682  40.00000000  789.15065736  0.99000000
0.00008820  29.00000000  0.00000682  40.00000000  789.15065736  0.99000000
0.00008820  29.00000000  0.00005220  40.00000000  789.15065745  0.99000000
0.01077283  38.00000000  0.01077283  40.00000000  792.08955933  0.99000000
0.00008820  29.00000000  0.00000682  40.00000000  789.15065736  0.99000000
0.00008820  29.00000000  0.00000682  40.00000000  789.15065736  0.99000000
0.00008820  29.00000000  0.00000682  40.00000000  789.15065736  0.99000000
0.00008820  29.00000000  0.00000682  40.00000000  789.15065736  0.99000000
0.00008820  29.00000000  0.00000682  40.00000000  789.15065736  0.99000000
0.00008820  29.00000000  0.00000682  40.00000000  789.15065736  0.99000000
0.00008820  29.00000000  0.00000682  40.00000000  789.15065736  0.99000000
0.00008820  29.00000000  0.00000682  40.00000000  789.15065736  0.99000000
0.00008820  29.00000000  0.00000682  40.00000000  789.15065736  0.99000000
0.02165183  32.00000000  0.00985025  40.00000000  822.26767028  0.99000000
0.00008820  29.00000000  0.00000682  40.00000000  789.15065736  0.99000000
0.00008820  29.00000000  0.00000682  40.00000000  789.15065736  0.99000000
0.00008820  29.00000000  0.00000682  40.00000000  789.15065736  0.99000000
0.00008820  29.00000000  0.00000682  40.00000000  789.15065736  0.99000000
0.00008820  29.00000000  0.00003455  40.00000000  789.15065778  0.99000000
0.00299836  38.00000000  0.00299836  40.00000000  790.04159227  0.99000000
0.00054159  38.00000000  0.00054159  40.00000000  789.30559946  0.99000000
0.00008820  29.00000000  0.00000671  40.00000000  789.15065736  0.99000000
0.00008820  29.00000000  0.00000526  40.00000000  789.15065736  0.99000000
0.00008820  29.00000000  0.00000682  40.00000000  789.15065736  0.99000000
0.00008820  29.00000000  0.00000682  40.00000000  789.15065736  0.99000000
0.00008820  29.00000000  0.00000682  40.00000000  789.15065736  0.99000000
0.00008820  29.00000000  0.00000682  40.00000000  789.15065736  0.99000000
0.00008820  29.00000000  0.00000682  40.00000000  789.15065736  0.99000000
0.00008820  29.00000000  0.00000489  40.00000000  789.15065737  0.99000000
0.02154790  32.00000000  0.00977376  40.00000000  822.21740073  0.99000000
0.00008820  29.00000000  0.00000682  40.00000000  789.15065736  0.99000000
0.00008820  29.00000000  0.00000682  40.00000000  789.15065736  0.99000000
0.01824528  37.00000000  0.01772725  40.00000000  802.97158315  0.99000000
0.02110656  35.00000000  0.01771317  40.00000000  809.20999219  0.99000000
0.00008820  29.00000000  0.00000682  40.00000000  789.15065736  0.99000000
0.00008820  29.00000000  0.00000682  40.00000000  789.15065736  0.99000000
0.00008820  29.00000000  0.00000682  40.00000000  789.15065736  0.99000000
0.00008820  29.00000000  0.00000682  40.00000000  789.15065736  0.99000000
0.00008820  29.00000000  0.00000682  40.00000000  789.15065736  0.99000000
0.00827198  38.00000000  0.00827198  40.00000000  791.36732630  0.99000000
0.00008820  29.00000000  0.00000682  40.00000000  789.15065736  0.99000000
0.00008820  29.00000000  0.00000682  40.00000000  789.15065736  0.99000000
0.00008820  29.00000000  0.00000682  40.00000000  789.15065736  0.99000000
0.00008820  29.00000000  0.00000682  40.00000000  789.15065736  0.99000000
0.00008820  29.00000000  0.00000682  40.00000000  789.15065736  0.99000000
0.00008820  29.00000000  0.00000682  40.00000000  789.15065736  0.99000000
0.00008820  29.00000000  0.00000682  40.00000000  789.15065736  0.99000000
0.00008820  29.00000000  0.00000682  40.00000000  789.15065736  0.99000000
0.00008820  29.00000000  0.00000682  40.00000000  789.15065736  0.99000000
0.02132673  30.00000000  0.00444851  40.00000000  832.26638937  0.99000000
0.00008820  29.00000000  0.00000682  40.00000000  789.15065736  0.99000000
0.00008820  29.00000000  0.00000751  40.00000000  789.15065736  0.99000000
0.00008820  29.00000000  0.00000682  40.00000000  789.15065736  0.99000000
0.02069048  38.00000000  0.02069048  40.00000000  832.54282616  0.99000000
0.00008820  29.00000000  0.00000682  40.00000000  789.15065736  0.99000000
0.00008673  29.00000000  0.00000339  40.00000000  789.15065724  0.99000000
0.00008820  29.00000000  0.00000682  40.00000000  789.15065736  0.99000000
0.00008820  29.00000000  0.00000682  40.00000000  789.15065736  0.99000000
0.00008820  29.00000000  0.00000682  40.00000000  789.15065736  0.99000000
0.00008820  29.00000000  0.00000682  40.00000000  789.15065736  0.99000000
0.00008820  29.00000000  0.00000682  40.00000000  789.15065736  0.99000000
0.00069331  38.00000000  0.00069331  40.00000000  789.26774224  0.99000000
0.00008820  29.00000000  0.00000682  40.00000000  789.15065736  0.99000000
0.00008820  29.00000000  0.00000682  40.00000000  789.15065736  0.99000000
0.00008820  29.00000000  0.00000682  40.00000000  789.15065736  0.99000000
0.00087956  38.00000000  0.00087956  40.00000000  789.41557140  0.99000000
0.00050244  38.00000000  0.00050244  40.00000000  789.24925950  0.99000000
0.00008820  29.00000000  0.00000682  40.00000000  789.15065736  0.99000000
0.01966715  29.00000000  0.00228306  40.00000000  834.09957915  0.99000000
0.00008820  29.00000000  0.00000682  40.00000000  789.15065736  0.99000000
0.00008820  29.00000000  0.00000682  40.00000000  789.15065736  0.99000000
0.00008820  29.00000000  0.00000682  40.00000000  789.15065736  0.99000000
0.00008820  29.00000000  0.00000682  40.00000000  789.15065736  0.99000000
0.02169173  32.00000000  0.00987754  40.00000000  822.27878603  0.99000000
0.01834833  38.00000000  0.01834833  40.00000000  796.36155620  0.99000000
0.02112475  36.00000000  0.01946156  40.00000000  807.84619390  0.99000000
0.00008820  29.00000000  0.00000682  40.00000000  789.15065736  0.99000000
0.01854527  37.00000000  0.01803490  40.00000000  802.99694613  0.99000000
0.00008820  29.00000000  0.00000682  40.00000000  789.15065736  0.99000000
0.00008820  29.00000000  0.00000682  40.00000000  789.15065736  0.99000000
0.00008820  29.00000000  0.00000682  40.00000000  789.15065736  0.99000000
0.00009391  38.00000000  0.00009391  40.00000000  789.15065629  0.99000000
0.00008820  29.00000000  0.00000682  40.00000000  789.15065736  0.99000000
0.00008820  29.00000000  0.00000682  40.00000000  789.15065736  0.99000000
0.00008820  29.00000000  0.00000682  40.00000000  789.15065736  0.99000000
0.00008820  29.00000000  0.00000682  40.00000000  789.15065736  0.99000000
0.00008820  29.00000000  0.00000682  40.00000000  789.15065736  0.99000000
0.00008820  29.00000000  0.00000682  40.00000000  789.15065736  0.99000000
0.00008820  29.00000000  0.00000682  40.00000000  789.15065736  0.99000000
0.00008820  29.00000000  0.00000682  40.00000000  789.15065736  0.99000000
0.00008820  29.00000000  0.00000682  40.00000000  789.15065736  0.99000000
0.00008820  29.00000000  0.00000682  40.00000000  789.15065736  0.99000000
0.00008820  29.00000000  0.00001776  40.00000000  789.15065741  0.99000000
0.00008820  29.00000000  0.00000682  40.00000000  789.15065736  0.99000000
0.00008820  29.00000000  0.00000682  40.00000000  789.15065736  0.99000000
0.00008820  29.00000000  0.00000682  40.00000000  789.15065736  0.99000000
0.00008820  29.00000000  0.00000682  40.00000000  789.15065736  0.99000000
0.00008820  29.00000000  0.00000682  40.00000000  789.15065736  0.99000000
0.02132673  30.00000000  0.00444851  40.00000000  832.26638936  0.99000000
0.01730558  32.00000000  0.00679851  40.00000000  818.15152675  0.99000000
0.00008820  29.00000000  0.00000682  40.00000000  789.15065736  0.99000000
0.00008820  29.00000000  0.00000682  40.00000000  789.15065736  0.99000000
0.00008820  29.00000000  0.00000682  40.00000000  789.15065736  0.99000000
0.00008820  29.00000000  0.00000682  40.00000000  789.15065736  0.99000000
0.00008820  29.00000000  0.00000682  40.00000000  789.15065736  0.99000000
0.00008820  29.00000000  0.00000682  40.00000000  789.15065736  0.99000000
0.00008820  29.00000000  0.00000682  40.00000000  789.15065736  0.99000000
0.00862707  33.00000000  0.00744129  40.00000000  809.40529147  0.99000000
0.00008820  29.00000000  0.00000682  40.00000000  789.15065736  0.99000000
0.00008820  29.00000000  0.00000682  40.00000000  789.15065736  0.99000000
0.00147983  38.00000000  0.00147983  40.00000000  789.26814444  0.99000000
0.00008820  29.00000000  0.00000682  40.00000000  789.15065736  0.99000000
0.01966870  29.00000000  0.00228355  40.00000000  834.10049603  0.99000000
0.00008820  29.00000000  0.00000682  40.00000000  789.15065736  0.99000000
0.00008820  29.00000000  0.00000682  40.00000000  789.15065736  0.99000000
0.00008820  29.00000000  0.00000682  40.00000000  789.15065736  0.99000000
0.00008821  29.00000000  0.00000367  40.00000000  789.15065738  0.99000000
0.00008820  29.00000000  0.00004835  40.00000000  789.15065786  0.99000000
0.00096801  38.00000000  0.00096801  40.00000000  789.41288537  0.99000000
0.00008820  29.00000000  0.00000682  40.00000000  789.15065736  0.99000000
0.00008820  29.00000000  0.00000682  40.00000000  789.15065736  0.99000000
0.00008820  29.00000000  0.00000682  40.00000000  789.15065736  0.99000000
0.00008820  29.00000000  0.00000682  40.00000000  789.15065736  0.99000000
0.00008820  29.00000000  0.00000682  40.00000000  789.15065736  0.99000000
0.00008820  29.00000000  0.00000682  40.00000000  789.15065736  0.99000000
0.00008820  29.00000000  0.00000682  40.00000000  789.15065736  0.99000000
0.00008820  29.00000000  0.00000682  40.00000000  789.15065736  0.99000000
0.00008820  29.00000000  0.00000682  40.00000000  789.15065736  0.99000000
0.00452718  36.00000000  0.00408510  40.00000000  793.95964026  0.99000000
0.00008820  29.00000000  0.00000682  40.00000000  789.15065736  0.99000000
0.00844991  38.00000000  0.00844991  40.00000000  791.36827007  0.99000000
0.00008820  29.00000000  0.00000682  40.00000000  789.15065736  0.99000000
0.00008820  29.00000000  0.00000682  40.00000000  789.15065736  0.99000000
0.00008820  29.00000000  0.00000682  40.00000000  789.15065736  0.99000000
0.00008820  29.00000000  0.00000682  40.00000000  789.15065736  0.99000000
0.00008820  29.00000000  0.00000682  40.00000000  789.15065736  0.99000000
0.00008820  29.00000000  0.00000682  40.00000000  789.15065736  0.99000000
0.00008820  29.00000000  0.00000682  40.00000000  789.15065736  0.99000000
0.00008820  29.00000000  0.00000682  40.00000000  789.15065736  0.99000000
0.00008820  29.00000000  0.00000682  40.00000000  789.15065736  0.99000000
0.00008820  29.00000000  0.00000682  40.00000000  789.15065736  0.99000000
0.01507911  38.00000000  0.01507911  40.00000000  793.73853680  0.99000000
0.00008820  29.00000000  0.00000682  40.00000000  789.15065736  0.99000000
0.00008820  29.00000000  0.00000682  40.00000000  789.15065736  0.99000000
0.00008820  29.00000000  0.00000682  40.00000000  789.15065736  0.99000000
0.00022883  38.00000000  0.00022883  40.00000000  789.15065938  0.99000000
0.00008820  29.00000000  0.00000682  40.00000000  789.15065736  0.99000000
0.00008820  29.00000000  0.00000682  40.00000000  789.15065736  0.99000000
0.00008820  29.00000000  0.00000682  40.00000000  789.15065736  0.99000000
0.00008820  29.00000000  0.00007456  40.00000000  789.15065775  0.99000000
0.00008820  29.00000000  0.00000682  40.00000000  789.15065736  0.99000000
0.00008820  29.00000000  0.00000682  40.00000000  789.15065736  0.99000000
0.01816915  38.00000000  0.01816915  40.00000000  795.29838894  0.99000000
