# Results obtained using DQN. CPU time: 17.386571645736694
0.00054726  53.00000000  0.00020081  60.00000000  1765.56236939  0.00000000
0.00281128  43.00000000  0.00083731  60.00000000  1344.93029397  0.00000000
0.00124503  50.00000000  0.00042817  60.00000000  1703.21608067  0.00000000
0.00267433  56.00000000  0.00105373  60.00000000  2385.52286372  0.00000000
0.00107423  54.00000000  0.00089257  60.00000000  1306.88296474  0.00000000
0.00014737  53.00000000  0.00011412  60.00000000  1504.27837409  0.00000000
0.00191837  58.00000000  0.00191837  60.00000000  1182.38056318  0.00000000
0.00073218  52.00000000  0.00016186  60.00000000  2596.09853995  0.00000000
0.00022195  58.00000000  0.00022195  60.00000000  1552.09459008  0.00290503
0.00285456  56.00000000  0.00219852  60.00000000  1671.76955936  0.00788508
0.01432921  58.00000000  0.01432921  60.00000000  2409.87398602  0.01286513
0.01529561  50.00000000  0.00879954  60.00000000  1871.19824396  0.01784518
0.00613440  57.00000000  0.00597376  60.00000000  2127.33935075  0.02282523
0.00072816  57.00000000  0.00029331  60.00000000  1373.49002265  0.02780529
0.00009198  56.00000000  0.00008811  60.00000000  1569.66136370  0.03278534
0.00123745  53.00000000  0.00021821  60.00000000  1692.80644453  0.03776539
0.00260217  58.00000000  0.00260217  60.00000000  1720.73512891  0.04274544
0.00317803  57.00000000  0.00284748  60.00000000  2230.49988754  0.04772549
0.00047992  54.00000000  0.00012275  60.00000000  1101.62168567  0.05270554
0.00513575  42.00000000  0.00139230  60.00000000  1973.25761106  0.05768559
0.00058695  58.00000000  0.00058695  60.00000000  1372.86795756  0.06266564
0.00049335  50.00000000  0.00002762  60.00000000  1333.45383463  0.06764569
0.00986491  55.00000000  0.00761690  60.00000000  1423.34814376  0.07262575
0.00009089  41.00000000  0.00005134  60.00000000  1436.63384966  0.07760580
0.00048539  58.00000000  0.00048539  60.00000000  1113.31878406  0.08258585
0.00103012  51.00000000  0.00057435  60.00000000  1707.34835880  0.08756590
0.00051735  58.00000000  0.00051735  60.00000000  1459.04693146  0.09254595
0.02650530  55.00000000  0.02005125  60.00000000  1931.57477698  0.09752600
0.08215340  51.00000000  0.02885925  60.00000000  1462.40157301  0.10250605
0.00156344  48.00000000  0.00125727  60.00000000  1474.35950820  0.10748610
0.00049578  58.00000000  0.00049578  60.00000000  1169.62102435  0.11246615
0.00013607  57.00000000  0.00013173  60.00000000  1384.14216123  0.11744621
0.00444224  58.00000000  0.00444224  60.00000000  1944.24022060  0.12242626
0.00022123  53.00000000  0.00005367  60.00000000  1675.54509671  0.12740631
0.00082796  54.00000000  0.00035747  60.00000000  1927.74424039  0.13238636
0.00003214  44.00000000  0.00002051  60.00000000  1155.09296438  0.13736641
0.00688545  58.00000000  0.00688545  60.00000000  2702.99523512  0.14234646
0.00387204  51.00000000  0.00053040  60.00000000  2037.30483269  0.14732651
0.00082383  58.00000000  0.00082383  60.00000000  1505.29321761  0.15230656
0.00285462  55.00000000  0.00181808  60.00000000  1340.49212897  0.15728662
0.00057535  58.00000000  0.00057535  60.00000000  1410.38499204  0.16226667
0.00043190  55.00000000  0.00038238  60.00000000  1290.30509641  0.16724672
0.00969049  47.00000000  0.00694987  60.00000000  1824.95403610  0.17222677
0.00467482  46.00000000  0.00075891  60.00000000  1719.88734011  0.17720682
0.00960547  58.00000000  0.00960547  60.00000000  1933.34487705  0.18218687
0.00004700  58.00000000  0.00004700  60.00000000  1756.77829038  0.18716692
0.01002773  58.00000000  0.01002773  60.00000000  1638.10189838  0.19214697
0.01938788  57.00000000  0.01938260  60.00000000  1914.04462380  0.19712702
0.00421713  54.00000000  0.00116021  60.00000000  1765.52121598  0.20210708
0.00319212  53.00000000  0.00284626  60.00000000  1688.19879540  0.20708713
0.01270896  58.00000000  0.01270896  60.00000000  2074.34270977  0.21206718
0.00015564  52.00000000  0.00002459  60.00000000  1343.63483568  0.21704723
0.00057400  46.00000000  0.00002034  60.00000000  1799.33363132  0.22202728
0.00150726  58.00000000  0.00150726  60.00000000  1920.25539070  0.22700733
0.00041470  52.00000000  0.00027959  60.00000000  2088.29207526  0.23198738
0.00049907  46.00000000  0.00000480  60.00000000  1885.33430900  0.23696743
0.00228564  54.00000000  0.00208916  60.00000000  2323.97240663  0.24194748
0.00131531  54.00000000  0.00058354  60.00000000  2179.45163624  0.24692754
0.02442228  50.00000000  0.01504481  60.00000000  2553.81230267  0.25190759
0.00031289  58.00000000  0.00031289  60.00000000  1708.73307146  0.25688764
0.00010819  47.00000000  0.00003445  60.00000000  1623.39526975  0.26186769
0.00018400  37.00000000  0.00003985  60.00000000  2052.78549898  0.26684774
0.01058526  58.00000000  0.01058526  60.00000000  1811.13632522  0.27182779
0.00152685  54.00000000  0.00135651  60.00000000  1686.75018532  0.27680784
0.00732872  57.00000000  0.00619012  60.00000000  2149.42172863  0.28178789
0.00164200  46.00000000  0.00015582  60.00000000  2489.78566000  0.28676794
0.00160241  58.00000000  0.00160241  60.00000000  1753.19681698  0.29174800
0.00179818  58.00000000  0.00179818  60.00000000  1727.24501915  0.29672805
0.00701399  54.00000000  0.00519171  60.00000000  1924.06672053  0.30170810
0.00081919  48.00000000  0.00006535  60.00000000  1457.45467129  0.30668815
0.00094158  51.00000000  0.00055557  60.00000000  1857.66149526  0.31166820
0.00262545  55.00000000  0.00194575  60.00000000  1841.55397175  0.31664825
0.00002166  51.00000000  0.00001782  60.00000000  1687.28227332  0.32162830
0.00888500  56.00000000  0.00879952  60.00000000  2047.68788692  0.32660835
0.00038001  58.00000000  0.00038001  60.00000000  1458.73278223  0.33158840
0.00021509  58.00000000  0.00021509  60.00000000  1404.03218537  0.33656846
0.03787019  58.00000000  0.03787019  60.00000000  1878.78803685  0.34154851
0.00673114  54.00000000  0.00160791  60.00000000  2075.24199766  0.34652856
0.00016477  58.00000000  0.00016477  60.00000000  1750.23141044  0.35150861
0.00264295  58.00000000  0.00264295  60.00000000  1223.18765410  0.35648866
0.00002713  58.00000000  0.00002713  60.00000000  1565.62888222  0.36146871
0.00762471  58.00000000  0.00762471  60.00000000  1730.30839742  0.36644876
0.00260373  55.00000000  0.00214469  60.00000000  1935.69800144  0.37142881
0.00232484  58.00000000  0.00232484  60.00000000  1600.65627820  0.37640887
0.00997358  56.00000000  0.00919564  60.00000000  1642.19492125  0.38138892
0.00533990  58.00000000  0.00533990  60.00000000  1716.01681284  0.38636897
0.01236266  56.00000000  0.01126233  60.00000000  2236.04470397  0.39134902
0.01380948  46.00000000  0.00014637  60.00000000  1811.19535985  0.39632907
0.00304122  57.00000000  0.00299652  60.00000000  2015.96042622  0.40130912
0.00060337  55.00000000  0.00035475  60.00000000  1885.65987968  0.40628917
0.00035184  58.00000000  0.00035184  60.00000000  1066.66056041  0.41126922
0.00071244  51.00000000  0.00009874  60.00000000  1324.87928584  0.41624927
0.00011512  58.00000000  0.00011512  60.00000000  1653.55834613  0.42122933
0.00125956  58.00000000  0.00125956  60.00000000  1905.42136610  0.42620938
0.00034032  49.00000000  0.00018423  60.00000000  1668.52428023  0.43118943
0.00087521  58.00000000  0.00087521  60.00000000  1706.07620518  0.43616948
0.00049422  58.00000000  0.00049422  60.00000000  1751.80802418  0.44114953
0.00197616  50.00000000  0.00049821  60.00000000  1821.55543813  0.44612958
0.00258353  58.00000000  0.00258353  60.00000000  1900.39200871  0.45110963
0.00021882  58.00000000  0.00021882  60.00000000  1465.50885278  0.45608968
0.00014152  58.00000000  0.00014152  60.00000000  1851.31723900  0.46106973
