12
8
13
10
15
21
24
9
7
13
7
7
22
24
13
9
8
12
9
23
1
1
0
9
0
1
16
2
2
2
11
17
2
11
3
11
3
3
12
1
3
3
4
4
1
19
1
19
5
5
14
5
5
1
5
6
15
6
3
23
7
2
7
16
6
6
17
8
3
8
17
23
8
18
9
18
18
19
2
10
10
6
19
23
11
8
11
20
24
10
12
24
12
7
21
5
4
0
13
6
12
22
0
14
24
3
12
12
23
15
6
15
15
12
13
24
2
16
9
12
17
8
17
17
11
3
3
18
7
18
0
12
2
1
11
4
19
19
24
23
23
5
1
23
21
23
19
23
23
23
23
23
0
23
18
23
19
22
23
22
23
22
18
23
23
15
24
21
23
23
5
23
24
24
24
24
20
24
22
