8
22
12
22
23
21
12
13
7
10
7
13
14
20
14
17
14
20
24
9
1
9
1
9
23
17
10
0
18
2
20
11
11
20
17
3
17
12
3
1
12
1
4
17
13
16
4
22
5
23
5
14
5
21
5
6
15
6
24
1
7
16
7
7
16
18
8
8
17
8
17
23
3
9
18
21
18
9
21
10
10
24
19
10
21
22
11
22
20
8
22
12
22
6
21
12
13
7
13
22
13
22
22
14
2
14
23
0
23
23
15
7
15
0
16
24
24
16
16
9
0
17
9
17
11
17
18
11
6
15
9
4
9
19
14
14
10
5
24
5
23
23
21
21
23
23
21
23
23
23
23
23
18
23
23
8
23
23
12
24
24
3
23
23
21
23
0
10
19
24
1
24
10
21
20
24
24
2
1
