13
14
24
12
14
20
12
24
22
8
10
8
7
14
8
8
13
8
19
23
1
14
1
9
19
16
0
24
2
10
2
16
21
11
19
3
17
16
3
21
12
12
4
13
13
18
18
14
13
5
2
23
15
23
6
20
6
15
6
23
15
0
7
16
4
17
17
8
4
23
17
0
18
9
9
23
18
22
22
22
9
19
3
22
11
20
24
11
1
4
20
24
12
5
21
5
8
3
24
7
22
1
14
22
13
14
14
0
23
2
9
16
16
0
16
12
24
7
24
11
10
12
11
14
15
18
16
3
16
12
15
15
14
10
20
18
20
13
20
23
23
5
23
23
24
23
23
5
23
18
23
2
23
23
24
24
24
23
23
23
22
23
23
9
23
8
23
22
23
22
23
6
23
23
24
24
24
24
8
