16
7
12
0
10
8
10
11
22
13
0
9
22
0
22
8
9
7
15
15
1
1
12
9
14
16
24
2
2
2
0
1
2
11
11
3
17
3
23
12
23
12
17
19
4
13
13
5
13
5
5
14
14
21
14
6
16
6
15
4
4
7
2
16
1
16
8
8
3
8
17
6
18
9
9
18
6
18
19
10
10
2
5
19
10
3
0
2
11
20
10
12
21
10
1
10
21
6
13
0
22
22
14
22
14
23
7
15
15
15
23
10
7
0
16
24
16
2
0
0
1
17
11
11
11
11
4
9
18
16
15
17
19
7
19
14
5
3
21
23
24
23
23
21
23
21
23
23
23
23
23
6
23
20
23
23
8
3
23
23
1
21
24
23
23
19
23
3
23
22
23
23
9
1
24
24
22
9
12
