21
8
14
10
7
6
7
13
17
13
7
14
22
11
8
14
8
9
8
1
1
1
15
15
1
24
16
2
10
2
11
11
23
17
3
11
1
3
16
12
18
4
17
1
4
13
1
2
17
5
14
3
21
23
21
2
6
15
23
23
16
7
23
0
23
21
17
4
8
17
4
18
5
21
9
19
18
21
21
24
10
24
19
24
2
5
11
20
1
7
21
12
24
21
12
21
13
13
13
24
6
22
14
14
5
8
14
23
1
0
3
15
2
24
6
16
24
3
12
4
5
14
17
12
10
1
14
3
5
18
17
17
1
4
3
18
8
12
23
24
23
23
11
21
23
6
23
23
23
20
23
23
0
21
24
24
4
5
24
24
18
24
22
24
19
24
21
24
24
24
24
19
24
2
24
24
23
23
21
