23
11
0
21
12
10
21
22
22
9
13
22
18
20
8
21
9
13
13
9
1
1
9
0
15
14
10
2
21
2
15
11
1
16
3
15
18
3
12
2
12
18
1
4
13
13
19
0
5
23
14
14
3
21
14
6
3
15
23
22
2
7
16
16
23
16
8
24
8
17
8
24
1
9
0
18
9
24
24
10
10
24
19
5
22
10
11
23
20
23
11
0
21
12
6
21
4
6
2
13
22
8
22
8
6
14
23
3
23
23
15
9
0
5
16
24
24
10
16
0
3
17
16
5
2
12
9
12
2
12
14
19
4
13
2
19
0
16
23
23
23
21
23
23
21
23
23
24
23
23
15
21
23
23
19
24
24
24
18
23
23
17
19
23
23
9
24
24
24
1
24
24
1
24
24
10
24
20
14
