20
11
13
7
10
23
7
21
12
22
6
24
18
22
22
16
23
8
23
15
1
1
24
24
13
23
10
11
2
11
2
1
16
11
17
12
3
18
18
12
17
4
18
4
13
4
2
13
5
14
5
14
2
14
6
20
19
6
15
15
15
7
20
16
17
24
8
17
24
23
3
17
9
8
9
18
19
19
10
10
10
0
19
19
20
11
4
11
7
20
11
21
8
21
12
1
21
13
13
22
1
22
0
22
1
14
0
23
15
3
23
24
24
5
1
24
15
24
6
5
0
17
8
17
1
3
18
8
12
0
4
12
12
13
19
8
13
3
23
24
21
17
23
23
18
17
23
24
24
18
24
20
24
20
24
24
24
24
24
0
24
24
24
23
2
23
20
23
10
11
23
23
23
24
11
24
24
7
2
