12
12
13
0
21
23
11
24
23
11
15
7
22
22
14
8
8
9
23
1
1
9
1
9
16
16
12
23
2
14
2
16
11
1
16
3
3
18
3
3
0
4
13
13
4
24
22
13
5
14
5
14
1
3
3
6
15
6
22
23
16
7
7
16
7
16
7
8
20
8
3
22
9
9
18
3
9
24
10
4
19
10
10
22
22
11
3
2
20
3
12
12
11
21
23
12
6
23
22
9
23
22
22
7
14
9
9
23
23
15
9
6
0
16
16
24
24
0
0
2
16
6
0
4
3
3
18
17
15
3
4
1
9
4
4
19
13
5
23
23
7
23
23
24
23
23
6
23
21
23
21
23
13
23
6
13
23
2
23
3
22
23
23
22
23
23
23
10
23
22
23
23
24
22
24
24
22
23
23
