17
27
15
19
31
15
11
9
16
11
29
16
12
29
31
1
20
1
1
10
10
12
2
28
2
17
12
3
12
3
3
13
13
4
13
14
4
26
14
5
23
15
2
6
16
6
2
16
29
7
29
17
28
23
8
18
0
2
9
28
31
20
10
31
20
20
10
31
26
11
28
22
12
32
31
32
32
23
23
13
31
14
24
6
24
14
25
0
7
25
26
16
13
30
3
17
27
14
27
31
15
9
31
16
19
29
32
11
29
6
20
30
21
1
31
21
12
16
31
32
20
15
3
23
13
14
15
15
11
23
14
3
20
0
5
23
22
9
23
22
32
27
31
29
31
27
17
31
29
31
31
31
31
31
31
31
31
28
31
31
31
7
31
31
31
31
30
31
7
31
30
31
11
31
30
31
31
28
31
31
31
25
32
32
32
26
28
13
32
3
