7 10 10 10 7 7 10 9 9 10 10 11 11 1 1 13 1 10 10 10 15 10 10 11 15 11 11 4 4 4 0 0 5 5 3 6 14 4 4 4 15 15 15 15 8 8 4 8 9 9 9 9 9 9 9 9 0 0 0 0 0 0 0 0 0 0 8 8 8 8 10 10 10 10 10 10 10 10 8 8
14 14 14 14 14 14 14 14 14 14 14 14 14 14 1 14 13 13 13 13 13 13 13 11 11 11 11 4 4 4 13 13 13 0 14 6 4 6 14 14 14 14 0 5 5 5 5 9 9 9 9 9 9 9 9 9 9 9 9 9 9 12 9 9 9 9 9 9 9 9 9 12 12 9 9 9 9 9 9 9
0 11 11 0 0 5 5 10 10 10 10 10 10 1 1 1 10 10 10 10 10 10 10 10 2 2 11 4 4 4 5 5 5 5 3 6 6 6 6 7 14 6 5 5 5 5 3 3 4 4 4 10 10 9 9 9 10 10 10 10 10 6 6 6 6 6 4 4 4 4 4 10 10 10 10 10 10 10 10 10
3 11 11 11 11 11 5 9 8 8 8 8 8 8 1 9 9 9 10 2 10 15 15 3 14 13 13 13 13 13 16 15 15 15 15 15 15 15 15 15 7 6 15 15 15 15 9 9 9 8 9 9 9 9 9 9 9 9 9 9 9 9 9 9 9 9 8 8 8 4 4 4 4 4 4 4 4 4 4 4
3 5 15 15 5 5 7 7 7 7 7 7 7 7 1 11 11 11 2 2 2 1 1 3 1 1 1 1 1 1 3 0 0 0 14 14 14 14 14 14 14 2 8 8 8 8 8 8 8 8 10 10 10 10 10 10 10 10 10 10 10 10 10 10 10 10 10 10 10 3 16 10 10 10 12 5 5 5 5 5
0 5 5 5 5 15 9 9 9 9 9 9 9 9 1 9 9 9 9 2 1 15 15 3 3 3 15 15 4 3 3 2 2 2 14 6 6 6 6 6 14 1 1 1 1 8 8 8 8 5 5 5 5 5 5 5 5 5 5 5 5 12 12 12 12 12 12 12 12 12 12 12 12 12 12 12 12 12 12 12
14 9 9 11 11 11 12 12 12 12 12 16 16 13 1 16 13 13 2 2 2 2 11 3 3 3 16 12 11 11 5 5 5 15 15 15 14 14 15 15 15 5 5 1 15 2 2 2 10 10 10 2 2 2 2 2 2 2 2 2 2 2 2 2 2 2 2 2 2 2 2 2 2 2 2 2 2 2 2 12
9 9 9 9 9 9 9 9 9 13 13 13 13 1 1 0 1 11 2 2 2 11 11 12 12 12 11 12 13 13 13 13 13 5 5 14 6 6 14 14 14 14 14 5 3 3 3 8 4 4 4 4 4 4 4 4 4 4 4 4 4 4 4 4 4 4 4 4 4 4 4 8 4 8 8 4 4 4 4 4
6 11 11 11 11 11 11 11 11 11 11 11 11 1 1 1 1 1 2 2 2 0 0 0 0 0 0 0 12 12 0 0 0 0 15 6 14 14 14 6 6 6 8 8 8 8 8 8 16 16 16 5 5 5 5 5 5 5 5 5 5 3 3 3 3 3 5 5 5 5 5 5 16 2 16 16 3 16 3 5
3 4 4 5 5 5 6 6 11 7 14 8 8 8 1 14 10 14 2 2 2 12 12 12 12 1 1 1 12 12 1 5 5 2 2 6 16 6 15 15 15 15 16 16 15 15 1 8 8 8 8 8 8 8 8 8 8 8 12 12 12 12 12 12 12 12 12 12 12 12 12 12 12 12 12 12 12 12 12 12
