28
14
14
11
14
31
28
29
0
11
9
21
17
9
9
9
23
15
25
10
1
22
10
10
19
16
16
34
2
19
12
1
19
22
22
3
0
13
26
23
29
1
29
4
28
15
1
28
5
28
16
28
6
28
16
36
29
6
17
7
1
33
1
24
35
18
8
33
19
31
9
30
19
9
2
33
10
20
5
10
0
2
21
11
35
7
1
22
12
33
0
23
30
13
13
13
24
35
35
14
24
4
30
5
0
15
3
4
4
0
16
26
7
27
7
32
17
35
7
7
1
12
18
2
36
30
2
29
18
10
7
6
34
11
20
31
8
7
12
31
36
16
11
12
15
32
22
15
33
10
8
8
10
23
19
16
0
34
17
19
25
11
14
35
1
21
0
23
14
23
36
8
14
15
28
9
1
28
16
28
16
28
7
28
16
9
2
19
17
7
2
11
1
36
35
18
35
33
19
35
9
6
35
33
2
12
35
8
15
35
35
36
33
6
35
35
3
22
36
33
0
35
29
35
33
36
36
35
35
34
31
34
35
9
7
15
5
35
26
7
10
26
36
34
24
36
11
35
29
36
22
21
36
35
36
30
7
36
24
36
