36
20
7
17
11
15
16
13
33
17
8
34
28
21
22
30
9
0
36
24
21
1
33
19
32
17
11
25
2
22
17
22
28
19
12
3
12
12
23
26
27
4
0
14
31
1
20
5
22
23
28
29
22
6
2
26
2
2
30
25
7
31
26
2
2
8
18
3
32
1
19
35
9
1
31
32
4
31
10
36
33
2
30
33
11
0
28
22
3
3
12
33
23
33
1
3
1
1
24
36
36
14
24
15
1
25
26
15
31
32
16
36
7
10
10
34
0
36
36
34
36
28
7
18
6
14
11
29
6
10
36
20
13
3
30
15
4
31
21
1
5
6
3
7
32
5
9
0
36
22
0
10
33
9
34
16
11
16
2
10
8
12
21
35
26
3
7
26
25
1
6
36
0
24
18
20
5
12
23
29
19
29
28
29
2
26
2
22
30
3
16
31
25
2
35
36
8
21
35
1
9
35
3
35
35
34
36
35
32
35
18
2
30
14
35
6
2
10
8
35
12
32
20
35
1
35
35
35
35
36
35
24
36
15
35
32
35
13
10
32
34
36
13
30
36
34
11
36
36
16
36
36
35
3
35
14
35
12
7
36
