19
20
11
30
8
8
25
36
11
31
8
18
22
21
22
27
30
9
0
1
22
1
10
10
19
10
33
2
32
2
23
18
23
27
3
13
2
3
21
28
4
26
14
4
25
25
5
1
5
36
3
2
16
6
28
23
29
1
17
7
26
1
27
7
32
18
8
18
18
27
26
31
27
9
0
29
10
20
31
4
10
21
11
27
21
30
11
22
12
34
31
8
35
23
13
31
29
29
14
24
10
10
10
33
15
30
25
4
15
7
16
16
26
16
17
27
17
6
0
12
32
12
18
28
10
3
1
29
36
9
19
2
34
30
20
8
14
36
21
31
5
21
22
32
15
22
6
32
12
1
9
33
10
10
13
34
36
24
7
34
23
18
15
25
17
35
2
15
21
17
4
26
5
36
11
28
21
28
19
6
9
28
1
19
22
21
29
30
17
24
6
1
14
19
36
35
33
35
35
35
35
32
35
35
34
36
32
36
23
36
29
35
35
27
36
35
11
35
28
34
23
10
35
23
25
31
34
36
36
25
26
10
35
7
15
34
35
14
19
7
35
16
35
16
34
36
34
10
0
17
35
35
1
6
36
3
1
36
36
0
