33
9
17
36
8
23
20
10
34
31
31
13
26
23
30
21
10
28
22
1
33
10
1
31
33
15
23
22
2
11
22
12
23
35
20
3
29
21
1
1
13
4
36
23
36
28
2
32
5
15
26
27
25
6
23
16
24
31
7
17
7
2
4
32
32
8
18
33
19
25
9
32
25
9
19
31
5
35
10
28
21
31
28
11
36
27
22
35
12
22
31
29
23
0
35
13
36
34
36
4
24
35
1
34
15
10
5
3
35
31
26
34
16
35
2
36
35
3
36
36
35
28
2
35
18
8
7
4
36
29
36
20
30
12
20
3
7
10
34
31
9
7
14
22
12
35
10
32
22
7
33
10
17
14
36
14
17
34
25
20
22
2
23
35
22
3
35
23
20
13
18
26
36
18
36
28
6
10
7
7
26
6
6
21
26
16
18
6
14
17
17
7
18
32
32
35
36
36
27
36
26
35
35
33
35
30
10
35
10
28
29
17
35
11
26
27
33
35
24
9
35
12
35
0
35
11
36
35
30
36
35
35
26
34
35
6
35
32
35
31
35
11
29
35
13
33
35
0
36
36
36
23
36
34
14
36
19
25
36
34
