22
15
9
7
14
14
35
30
32
36
28
31
29
20
32
15
36
16
9
1
1
23
33
1
25
11
2
2
20
2
23
34
30
12
3
20
3
24
13
3
27
4
36
23
21
1
5
21
5
30
24
1
28
16
6
23
16
32
25
31
7
1
23
23
30
8
34
18
19
6
9
5
20
6
9
6
10
4
3
21
10
35
35
35
11
35
22
12
36
22
12
1
33
23
13
23
33
6
14
14
6
0
25
35
15
15
25
1
36
15
16
26
6
16
8
5
7
27
0
1
28
10
36
18
8
33
19
1
29
13
13
9
9
30
14
14
35
21
31
15
13
31
5
22
32
22
36
32
23
23
1
23
33
23
15
11
19
8
20
34
21
35
17
22
25
6
23
24
20
15
18
27
36
21
21
26
1
21
4
27
1
1
3
0
27
2
24
23
25
31
7
27
23
28
35
36
4
35
33
35
0
35
35
27
35
34
35
30
35
35
10
35
35
36
14
35
30
19
35
22
6
35
30
35
35
36
32
35
35
14
35
0
8
35
30
2
9
1
14
35
28
28
3
35
16
8
35
34
35
1
34
33
35
3
25
32
0
1
3
13
