36
10
25
30
36
21
35
16
25
21
31
14
24
9
21
32
31
15
9
1
1
23
1
1
16
10
16
2
25
33
2
11
20
19
1
3
34
1
29
26
4
4
4
20
21
21
35
5
2
2
27
15
36
6
26
30
27
32
0
7
2
31
17
36
18
8
30
24
8
27
18
1
9
33
32
28
35
32
2
10
26
2
11
21
4
30
27
0
12
6
2
1
12
33
23
13
35
32
24
14
7
24
33
0
6
31
15
30
25
10
10
0
6
0
34
32
5
27
17
3
28
32
9
7
6
9
5
2
19
29
5
10
8
30
9
21
35
0
7
21
31
35
8
5
5
3
32
8
36
7
7
23
1
33
11
10
9
7
18
18
34
25
35
1
2
5
12
20
35
14
27
36
4
0
28
36
15
19
28
17
16
29
18
17
30
30
4
15
18
7
2
31
17
22
18
36
35
31
35
22
35
27
35
33
35
35
35
32
35
34
35
36
35
15
35
31
14
35
12
34
36
36
34
33
14
35
14
32
35
12
36
35
33
36
30
36
15
34
36
10
9
36
6
0
34
35
4
2
35
32
21
36
35
32
35
8
35
2
36
34
