20
15
9
13
32
30
15
33
20
27
16
15
19
29
30
15
24
33
23
1
10
1
22
0
34
11
2
2
20
2
1
26
26
26
3
35
13
3
34
26
19
4
20
36
21
14
15
5
28
3
1
29
6
6
6
3
25
29
7
23
2
7
28
23
1
8
18
28
6
24
9
35
33
29
9
10
20
10
30
26
32
3
11
30
27
27
22
12
4
8
12
6
23
28
4
9
24
29
14
1
2
14
25
6
34
25
15
2
34
16
15
1
16
1
27
1
17
3
13
13
28
34
18
5
33
29
19
6
6
19
30
10
13
2
5
30
5
11
21
6
3
11
1
35
22
32
16
33
0
11
10
23
5
0
34
24
2
8
11
0
18
35
26
26
24
35
13
16
36
26
20
13
20
36
21
14
13
0
28
15
23
24
8
6
29
24
29
29
15
23
27
7
28
36
30
35
32
35
11
35
5
35
29
1
24
11
35
34
29
32
35
28
31
36
35
27
35
12
7
35
12
29
35
32
35
34
36
9
35
0
32
35
13
6
33
35
19
35
34
0
36
0
36
35
27
10
36
33
13
33
33
27
35
14
33
35
19
33
6
13
