6
6
34
7
35
19
19
31
24
35
8
32
28
34
32
35
15
18
17
0
1
17
24
33
22
35
1
2
12
30
34
20
25
3
3
3
18
3
3
23
4
33
31
4
14
21
23
5
22
3
31
3
1
6
23
16
6
26
16
7
17
7
18
2
8
35
8
18
2
36
33
9
19
35
25
10
26
1
10
36
21
27
35
21
36
11
22
12
6
22
35
29
23
13
28
23
13
30
2
2
14
34
35
36
15
25
15
35
15
4
26
4
16
35
16
0
27
36
17
34
35
28
18
6
18
4
19
29
1
19
6
6
6
7
35
30
36
31
21
35
10
21
36
22
0
8
32
22
17
36
23
17
3
33
11
34
7
2
15
24
34
0
14
26
3
35
0
0
26
0
7
36
19
4
14
14
19
18
12
15
23
24
4
24
23
8
14
3
30
7
16
7
15
16
31
35
33
35
36
35
32
30
35
30
2
29
35
29
35
24
36
32
35
36
36
9
35
35
6
35
22
35
24
35
35
36
5
35
31
28
35
34
35
36
15
35
2
35
31
15
35
20
16
35
17
29
4
36
17
35
35
0
18
12
13
35
26
23
13
23
