20
19
0
8
31
16
10
36
31
8
22
0
32
29
20
22
23
23
1
1
25
1
21
16
21
34
2
2
2
22
12
2
25
25
3
1
13
35
35
21
4
3
14
4
35
15
25
5
2
1
22
22
16
2
6
16
25
25
29
7
31
35
18
7
8
8
5
8
5
29
9
0
9
4
20
33
10
34
10
36
34
5
35
11
35
22
28
12
33
2
5
23
12
13
8
13
30
32
33
33
14
25
33
3
4
36
5
15
36
26
16
36
11
16
27
5
17
11
8
17
35
18
36
29
3
18
19
11
2
35
30
19
0
0
31
20
35
36
31
13
16
15
22
32
13
22
1
23
36
15
23
18
19
16
24
34
2
1
2
8
35
25
25
23
25
22
25
0
36
21
15
3
3
28
19
12
9
20
27
1
22
22
1
29
29
6
27
19
4
7
31
36
18
5
8
35
15
1
33
23
33
35
34
24
34
36
36
36
26
36
13
33
35
22
35
8
36
12
36
8
36
36
36
33
27
35
30
6
36
33
36
8
33
11
28
36
34
15
36
28
35
36
35
11
36
5
14
36
0
9
36
5
36
29
10
35
19
10
35
28
