6
13
34
7
9
23
31
0
34
33
14
8
35
14
13
30
35
14
20
1
22
23
1
24
19
29
20
2
11
11
2
12
22
36
13
3
20
19
19
26
4
36
24
4
0
22
2
5
24
15
2
34
21
21
24
6
0
29
31
7
17
27
17
1
26
8
30
19
19
34
9
19
9
35
31
20
3
10
20
6
33
11
32
21
11
21
29
36
3
35
5
12
13
5
23
5
13
8
14
14
14
36
36
25
8
0
15
3
6
26
35
16
35
31
17
0
27
4
0
17
0
4
28
9
3
36
5
19
10
6
11
13
30
12
15
20
14
0
31
36
14
2
35
4
15
32
33
14
18
1
2
23
4
24
10
1
5
34
17
17
24
17
4
35
1
3
2
0
0
24
4
36
24
4
28
22
2
9
26
15
17
28
21
21
21
1
7
17
12
30
17
19
17
28
36
3
36
4
19
36
32
28
9
35
33
35
7
10
35
5
26
28
35
30
35
35
35
10
21
35
6
35
4
35
35
29
36
28
36
31
36
36
36
35
35
0
35
2
35
21
35
16
35
31
35
16
36
15
35
17
35
26
19
12
35
4
36
36
9
16
