20
20
20
9
8
21
8
9
10
8
23
14
10
1
1
1
1
12
2
2
2
2
22
3
3
3
4
14
4
4
14
5
16
5
15
6
6
17
6
17
7
17
7
8
18
8
8
8
9
7
7
10
20
10
11
10
11
22
22
12
7
12
12
13
23
12
14
14
24
14
15
25
15
15
26
16
16
11
17
27
33
17
18
18
29
19
17
19
5
20
20
9
21
21
31
36
36
36
23
22
36
15
23
1
23
19
24
24
19
25
25
25
24
20
0
21
21
21
27
36
36
36
29
21
28
16
35
35
31
17
24
23
9
23
35
35
35
7
36
36
36
36
36
36
35
35
36
35
35
36
35
36
35
35
36
35
36
35
21
36
36
36
35
35
36
11
36
27
33
36
33
31
35
19
36
19
11
