24
9
9
20
24
17
12
7
10
13
21
22
20
23
8
23
13
14
16
23
1
9
1
9
0
10
1
1
2
0
2
0
17
11
14
3
2
3
13
12
20
4
4
4
13
4
13
5
5
24
5
14
4
21
23
6
3
15
23
23
7
7
16
7
6
23
23
8
17
8
22
0
9
9
9
18
1
24
24
10
6
19
10
3
1
24
11
24
20
6
6
12
6
24
21
12
7
13
13
13
5
22
14
14
1
7
14
7
23
15
9
1
10
15
16
24
1
1
16
2
6
17
11
3
9
14
8
9
3
18
5
4
16
19
12
11
18
7
24
5
23
18
21
23
22
21
15
23
23
24
23
23
18
23
23
23
23
23
23
24
24
22
24
18
24
3
24
24
24
21
24
6
19
24
24
24
24
20
24
