4
6
22
22
8
12
21
18
18
18
15
11
14
11
24
18
13
15
14
23
1
20
1
9
9
10
9
2
2
1
2
11
17
1
3
3
3
17
3
12
18
4
4
4
13
4
19
5
5
1
0
5
14
14
14
4
6
23
15
21
21
16
7
0
23
2
17
8
21
8
1
17
3
4
9
18
4
4
23
10
19
19
6
19
10
11
0
11
20
21
21
6
6
12
11
21
13
13
0
13
22
24
13
4
14
13
1
14
23
1
15
7
5
15
10
16
24
2
16
12
11
17
17
3
3
7
1
9
12
12
17
19
19
12
18
19
20
20
1
23
24
23
23
17
21
23
23
7
23
16
23
19
9
23
22
23
8
5
23
20
23
3
24
23
23
21
23
23
23
19
23
5
23
22
23
24
24
4
18
