17
26
6
7
9
19
8
17
11
28
14
19
19
22
18
19
29
16
31
14
9
1
10
18
10
16
10
2
27
32
2
13
13
11
27
3
32
24
13
0
19
27
4
22
23
14
14
5
25
5
1
15
15
6
23
6
25
0
29
7
0
17
7
25
18
23
29
3
8
27
18
32
29
31
9
19
30
19
10
31
10
20
29
30
11
6
26
32
31
0
7
12
2
22
4
27
23
7
14
14
9
24
31
0
9
15
29
30
15
25
1
29
1
16
13
4
26
2
13
11
31
8
27
18
8
18
11
28
16
31
19
19
5
19
29
3
4
12
9
9
30
8
1
0
3
2
22
0
31
13
13
3
3
23
3
32
8
3
0
9
15
1
0
14
5
5
25
14
5
15
1
6
25
9
25
27
7
12
32
32
32
16
31
19
29
28
31
11
12
32
29
32
20
19
32
32
29
31
29
31
29
31
11
31
32
31
31
29
31
12
31
11
11
27
32
24
17
32
29
31
31
31
9
31
30
30
15
31
1
29
13
26
31
9
13
26
