28
6
30
26
24
10
7
11
20
19
13
31
12
22
13
0
15
19
1
1
17
10
1
27
10
0
29
2
1
2
16
32
1
12
21
3
25
1
24
0
13
4
19
4
20
0
2
21
5
4
24
3
24
1
6
0
16
0
24
7
3
7
26
0
17
29
8
32
24
1
24
1
9
0
19
28
31
26
10
31
20
6
20
30
6
10
11
4
22
31
12
2
22
22
13
1
5
7
23
24
23
13
14
25
29
30
0
11
25
15
25
16
30
26
8
16
1
29
29
6
5
27
0
6
7
31
3
0
28
19
28
8
32
12
29
19
32
30
15
10
11
21
10
10
15
31
1
21
16
32
12
7
14
3
7
16
24
0
24
19
0
8
20
24
2
4
3
12
1
13
24
23
6
28
13
8
30
1
22
27
32
0
8
29
20
31
31
17
24
1
31
25
31
3
32
32
32
31
12
27
31
29
27
2
31
3
15
31
12
7
30
31
10
26
31
7
24
31
31
32
30
25
29
31
0
20
26
31
25
24
30
32
8
32
1
32
