17
32
15
9
30
13
7
19
30
15
19
20
8
21
0
21
16
0
0
1
1
10
27
1
22
28
18
2
31
2
31
12
22
25
3
3
12
3
31
18
32
4
0
20
4
23
25
20
25
5
25
25
23
15
6
15
6
6
25
28
7
4
27
17
0
7
8
24
18
23
27
2
19
9
19
32
7
7
20
10
26
10
20
11
31
29
11
21
6
27
27
12
32
26
26
31
13
30
31
23
28
23
24
14
9
32
1
29
1
25
30
25
1
16
32
5
26
6
17
32
5
27
17
11
7
0
31
28
19
19
8
19
0
29
11
15
0
1
30
3
12
12
21
31
6
21
31
2
31
22
9
11
32
1
2
32
32
23
0
4
18
14
4
19
25
14
25
6
21
25
27
19
21
15
6
27
25
17
32
25
32
23
0
32
29
31
32
26
32
1
19
31
19
31
21
32
32
28
32
32
4
31
30
31
28
31
28
31
4
7
32
32
6
31
29
31
31
8
31
31
12
32
28
5
1
32
27
7
32
25
30
25
32
14
26
32
