8
32
32
11
26
32
24
12
9
27
12
32
18
24
25
30
9
17
32
1
1
14
1
29
28
10
0
22
2
12
1
22
25
28
3
3
0
3
13
1
28
22
25
4
20
19
14
3
5
22
5
5
3
6
24
23
6
16
31
30
7
2
7
3
25
29
8
18
8
18
26
32
27
9
1
19
26
10
10
10
31
10
26
3
21
11
27
0
1
12
22
32
12
3
22
32
28
23
13
32
29
31
3
24
31
15
29
15
6
25
4
32
32
16
6
32
26
16
12
32
32
0
27
32
18
6
0
28
4
28
2
19
4
4
29
17
19
17
7
20
1
30
10
10
0
15
7
12
31
22
17
1
3
17
32
3
9
1
23
14
14
2
23
22
5
25
8
22
23
5
3
19
13
27
26
16
27
25
31
31
12
31
20
29
31
1
32
32
8
32
27
31
1
31
29
31
31
27
31
31
26
31
25
31
30
32
26
32
16
32
23
28
22
31
0
28
31
8
27
32
30
32
31
28
31
15
32
32
4
32
32
29
30
32
26
15
