10
31
7
17
13
0
7
11
7
7
23
12
8
13
16
8
32
18
24
32
0
1
30
31
32
21
18
2
11
31
2
21
31
32
19
3
22
30
13
20
19
24
4
22
28
14
20
1
31
5
23
22
26
30
6
16
6
24
16
16
30
7
32
17
26
28
8
31
8
3
27
30
9
9
9
19
25
10
20
10
6
10
28
20
10
2
6
11
6
31
12
5
28
22
27
13
30
30
23
13
3
8
24
14
24
24
31
15
31
25
16
25
0
16
9
26
30
7
1
31
4
27
4
5
0
11
18
10
28
12
7
13
16
29
32
18
1
19
2
1
30
6
14
21
18
2
20
31
2
14
31
32
19
21
22
20
32
32
8
24
12
7
11
13
10
1
12
11
16
17
17
27
25
16
6
26
18
15
31
13
31
27
26
31
29
31
8
31
30
30
31
25
20
31
29
27
25
31
26
31
32
16
29
32
16
32
6
31
16
23
31
30
29
32
32
30
30
31
3
30
32
14
32
24
31
31
31
28
31
25
0
8
31
0
3
32
