30
24
29
14
10
7
7
17
13
32
7
28
28
17
12
18
18
19
29
1
1
18
14
10
1
10
25
31
2
11
11
31
12
11
3
24
3
18
23
13
15
0
4
13
14
20
1
23
24
5
21
20
15
1
6
16
17
16
6
7
16
7
16
19
19
0
8
26
8
18
32
0
19
9
30
31
27
19
28
20
10
30
26
20
27
30
21
29
12
27
31
12
22
23
24
22
24
13
4
24
29
31
24
24
30
24
25
15
5
32
26
25
5
16
26
27
5
26
30
31
30
16
32
27
18
10
13
31
28
28
28
5
14
18
14
19
29
30
8
32
19
19
21
30
15
11
22
22
11
31
15
32
23
7
32
16
14
32
7
18
22
9
12
24
15
23
24
5
18
20
13
1
1
20
24
16
25
4
25
31
31
16
31
0
26
31
30
32
32
0
31
5
7
31
27
19
31
29
32
1
23
32
17
0
32
32
31
7
31
12
32
7
32
22
24
13
32
26
32
25
31
30
30
31
30
31
32
32
15
31
5
31
17
32
1
20
