30
6
24
23
8
28
11
17
8
25
21
9
21
30
0
19
22
14
27
0
1
21
19
1
10
1
23
2
11
2
1
11
20
29
3
0
3
19
20
28
19
4
19
25
4
14
20
14
5
1
2
21
30
15
6
4
5
16
22
7
17
5
23
7
27
2
6
8
18
31
4
6
19
8
8
9
19
6
10
24
31
20
11
11
30
27
31
21
1
12
30
4
12
22
31
30
27
13
23
5
9
31
24
29
14
15
15
31
25
2
31
25
32
16
30
31
26
8
30
17
27
32
8
27
18
17
17
18
28
12
13
19
5
12
1
29
4
5
1
30
19
1
21
21
9
10
21
22
31
11
7
17
6
16
15
32
23
17
14
4
17
25
25
9
18
25
20
15
3
21
19
15
6
22
3
24
26
32
31
20
30
31
29
10
31
31
31
31
28
31
8
31
30
8
31
31
32
24
31
31
30
31
21
32
32
30
19
31
1
26
31
28
31
30
16
31
3
5
28
31
27
30
14
21
25
31
3
8
11
25
31
16
30
31
31
10
