20
24
16
13
15
27
18
7
7
15
28
23
19
29
12
19
9
0
9
16
1
0
1
10
18
1
22
11
31
2
22
11
21
12
3
3
3
32
16
16
23
17
4
14
1
24
17
0
5
22
29
0
30
6
16
6
30
28
16
24
7
1
25
17
23
28
8
18
26
0
18
24
3
9
29
31
19
31
10
32
27
10
26
28
26
21
11
31
6
12
29
4
27
22
28
13
23
1
3
23
14
28
14
24
13
15
1
8
32
15
25
3
25
8
30
31
16
26
2
16
16
27
6
27
18
14
12
12
28
4
19
29
32
19
1
32
9
6
32
0
21
30
21
6
7
11
31
8
22
11
14
12
32
3
10
32
32
7
15
3
24
14
1
24
5
0
5
8
17
24
25
21
17
20
12
14
28
24
32
32
15
30
32
28
8
13
32
22
9
31
3
31
29
32
1
31
31
32
18
31
26
5
31
3
11
31
26
31
31
31
31
32
32
24
31
27
20
31
14
30
14
29
31
15
13
31
32
12
31
29
31
6
30
32
16
32
