17
6
7
30
27
9
12
18
7
18
28
27
32
16
19
20
20
10
9
1
30
1
20
28
30
10
1
25
26
2
12
1
25
1
3
12
3
12
1
23
14
4
32
1
4
14
14
5
14
5
28
15
27
32
6
28
27
0
22
16
7
17
24
28
7
31
8
3
19
26
18
28
29
9
0
27
4
25
10
30
20
2
0
25
11
21
11
29
21
12
0
22
12
30
23
7
13
28
23
13
30
14
5
9
14
24
25
1
9
15
6
1
26
5
9
31
4
26
17
6
7
32
27
9
27
18
17
11
28
11
32
32
32
20
20
29
12
20
30
1
20
3
30
20
9
1
22
2
31
22
3
7
3
23
3
32
23
23
3
2
19
1
4
5
5
22
2
15
21
10
20
12
8
19
25
18
27
25
31
31
24
31
28
31
30
31
31
17
32
28
17
30
32
24
23
25
31
30
30
31
21
3
31
8
31
28
32
25
32
11
18
32
3
32
29
31
31
14
32
14
5
30
32
30
8
30
32
15
31
28
31
5
9
31
31
2
