18
10
16
8
8
10
32
18
7
20
18
9
23
23
13
12
27
16
29
1
1
13
1
32
1
10
1
20
2
24
22
31
1
28
3
24
13
3
28
18
1
0
13
4
23
15
14
5
14
5
2
3
16
1
6
16
32
17
4
4
7
32
0
7
0
1
18
25
19
0
8
9
24
25
9
19
20
10
4
10
27
21
1
21
27
11
29
21
31
21
25
12
6
30
23
31
8
13
23
5
26
25
24
13
13
26
15
25
9
25
28
2
2
10
2
26
17
0
8
8
27
17
27
0
8
18
28
12
18
1
32
19
14
6
29
30
11
14
20
10
1
14
1
13
11
11
31
9
22
4
11
9
23
2
32
3
32
7
1
13
25
4
23
25
4
16
6
16
2
19
19
21
21
16
17
25
18
32
1
32
1
29
32
22
31
31
31
29
21
31
24
26
9
31
25
10
4
12
31
30
30
30
32
32
29
18
32
21
30
32
21
29
1
31
29
13
29
31
30
25
6
13
31
26
31
32
9
30
32
8
4
31
30
10
27
1
