18
10
7
7
27
0
7
7
22
16
26
23
18
27
16
17
30
19
14
1
30
15
1
30
21
19
21
16
18
23
2
17
12
11
20
11
3
0
1
32
22
13
4
13
1
4
25
21
15
25
5
0
1
23
15
26
6
2
16
7
7
0
22
7
7
7
30
8
31
29
18
25
18
5
9
31
24
31
5
28
20
1
10
20
31
2
11
3
31
21
12
22
12
30
22
7
6
2
5
2
3
23
4
6
14
0
24
7
29
5
25
2
0
25
16
16
16
26
11
17
10
5
6
27
0
27
7
7
18
6
28
19
28
16
17
19
14
29
9
20
15
20
16
30
0
21
10
14
31
10
8
31
9
4
11
5
0
14
32
1
24
1
4
1
13
25
0
15
25
14
0
1
15
2
5
12
5
16
7
7
13
0
31
29
31
31
29
31
29
30
4
31
30
9
31
31
31
31
30
31
1
32
32
26
31
11
27
31
18
31
5
31
30
24
31
29
30
27
32
2
3
32
6
31
31
32
30
32
31
7
31
0
25
32
10
11
31
7
12
