32
9
31
0
9
27
7
12
18
0
7
28
28
18
9
21
22
9
29
0
0
1
20
10
32
0
10
10
2
22
2
11
11
22
3
2
12
28
3
23
2
4
13
4
2
14
25
18
22
5
23
0
15
24
6
15
6
2
0
17
7
7
26
7
32
17
18
8
24
32
8
19
18
20
9
26
4
25
20
21
10
27
10
21
20
22
11
32
3
24
27
29
24
12
3
22
1
4
13
31
14
8
14
30
7
24
1
24
30
8
30
25
16
3
16
3
6
6
26
32
8
31
0
8
27
7
12
18
0
7
28
32
0
9
8
9
9
29
9
0
1
20
10
30
9
10
10
7
22
31
16
3
9
23
10
12
32
4
23
16
4
17
4
4
13
25
18
5
18
4
0
14
19
6
7
26
20
0
19
20
3
30
29
32
29
18
32
18
32
20
30
11
31
20
31
28
32
1
25
32
25
32
29
32
10
32
32
32
29
10
31
26
20
7
31
12
27
18
31
14
8
29
30
31
2
1
32
30
32
1
32
32
31
18
31
2
6
31
6
