26
0
32
30
27
27
7
12
25
27
17
0
8
16
19
17
9
31
0
9
1
30
1
23
1
10
18
2
2
22
2
28
0
23
3
23
3
21
25
14
13
4
13
4
20
15
15
22
4
5
4
15
15
15
22
6
15
15
1
16
7
6
7
29
17
18
30
8
18
8
7
8
9
30
9
8
19
3
19
20
26
10
21
20
11
20
5
2
4
11
1
12
1
27
28
22
12
22
13
23
32
23
31
5
24
7
14
3
0
0
25
7
25
15
16
3
3
26
27
26
0
32
16
27
27
27
27
18
11
17
0
10
28
28
7
19
29
0
9
1
30
3
30
18
30
18
8
2
7
15
31
0
23
3
23
6
21
32
20
3
4
13
24
0
9
20
2
9
19
4
15
13
0
17
6
15
16
19
28
19
20
7
4
31
4
30
6
15
32
22
8
32
32
30
32
19
27
31
20
26
29
31
20
11
31
15
30
25
31
22
12
1
31
28
31
3
31
29
23
31
30
31
5
31
28
30
31
30
0
31
14
29
24
31
3
6
18
31
16
