21
17
8
7
14
15
27
10
18
29
12
30
28
26
9
30
29
0
32
29
1
1
1
10
18
26
24
27
2
0
2
17
27
23
17
20
3
25
2
31
12
12
18
4
30
26
21
25
23
5
23
0
0
2
25
6
15
30
15
2
7
7
26
3
17
7
8
28
8
3
18
18
9
4
9
19
26
4
1
19
19
32
9
26
26
11
10
21
31
28
28
7
22
12
6
2
31
13
32
23
13
5
7
32
4
32
29
24
15
5
32
30
32
15
31
4
30
26
16
27
17
6
17
32
0
27
27
18
28
18
9
28
10
9
4
29
20
32
29
10
7
1
30
20
5
13
0
1
5
31
16
32
1
11
14
32
6
2
32
22
24
18
24
24
25
14
25
23
25
7
5
25
2
25
7
6
27
21
24
26
7
30
29
32
7
8
32
32
26
31
28
31
30
31
27
5
31
8
15
24
32
29
26
31
31
10
3
31
28
8
7
31
30
31
31
31
0
31
13
30
31
7
4
0
32
30
32
32
27
32
30
0
31
14
4
21
18
32
26
