29
29
9
7
29
18
31
13
10
18
18
0
28
8
8
20
29
18
21
9
1
20
0
1
10
1
2
2
26
11
27
2
31
11
23
1
3
1
19
19
32
21
4
14
20
1
22
21
5
4
14
5
14
15
15
6
1
16
16
7
7
6
17
7
3
2
8
8
18
27
8
30
1
26
18
18
25
0
2
10
20
9
28
20
31
0
11
27
21
7
11
0
22
12
0
22
28
0
1
23
14
2
14
32
9
29
32
24
30
24
32
30
25
26
16
2
16
16
9
26
17
9
32
18
18
27
28
17
18
1
0
28
8
0
20
29
20
13
29
29
14
19
3
19
30
13
12
10
1
22
8
31
21
23
0
23
22
12
32
8
8
16
18
19
20
22
8
21
0
23
5
14
16
0
16
5
16
16
16
7
3
17
26
31
29
8
31
30
1
4
31
30
13
26
15
31
10
31
9
31
9
31
7
31
0
26
30
31
28
11
26
22
31
4
22
28
24
31
30
27
6
24
31
0
28
31
24
30
31
20
30
0
31
0
31
16
16
31
12
