26
9
17
14
27
16
8
16
0
14
22
32
29
22
14
9
26
15
9
10
1
30
1
20
1
24
31
2
22
2
29
19
31
25
17
12
3
22
32
31
13
20
23
4
14
22
25
31
14
5
24
22
6
0
6
32
23
24
22
24
16
27
16
7
5
26
18
8
26
32
18
8
9
9
2
19
9
10
10
19
19
20
10
1
27
28
10
4
21
10
3
12
11
22
31
8
7
23
13
23
13
28
30
2
31
24
15
32
15
31
25
1
25
25
32
16
16
6
31
26
7
17
6
27
12
17
18
28
18
7
8
28
28
10
29
29
0
29
20
1
30
20
4
21
30
30
2
22
1
31
22
31
8
14
22
3
3
32
18
19
20
23
7
1
22
17
9
8
15
24
16
4
3
19
8
13
5
18
5
7
1
32
7
5
32
30
21
1
18
32
8
29
32
31
19
31
20
31
28
30
31
18
2
27
32
19
29
32
12
32
32
11
22
31
8
22
23
31
27
30
31
19
2
31
24
15
32
7
1
32
30
32
32
32
9
32
12
31
21
