15
13
10
7
32
25
23
13
18
8
26
10
8
15
26
21
14
29
29
0
13
1
10
14
14
30
11
23
2
11
22
2
28
17
12
3
12
3
20
3
15
4
4
19
4
20
14
21
14
5
23
1
16
17
6
16
6
16
16
21
21
7
26
19
7
25
27
8
32
28
18
23
18
9
8
9
19
32
10
20
10
0
26
31
4
10
11
32
21
1
22
12
1
3
2
1
12
8
23
13
24
14
14
29
24
14
5
15
5
32
25
15
26
31
1
2
1
26
27
2
17
10
7
27
6
12
17
18
28
18
32
10
14
29
19
11
29
29
30
13
20
10
14
30
30
15
9
7
31
22
10
21
1
12
23
12
32
11
3
23
4
4
19
4
20
14
21
25
24
23
6
16
17
18
0
13
16
20
4
7
9
31
30
1
29
21
32
17
28
24
27
13
31
7
25
27
31
29
4
28
32
24
31
31
0
8
32
11
1
28
32
1
0
32
26
29
32
32
32
26
14
32
28
24
31
26
31
7
32
20
24
32
30
12
31
1
0
32
26
