6
26
26
10
27
26
32
27
0
17
32
32
31
13
13
8
9
31
19
21
18
1
25
20
20
24
19
0
2
10
10
2
13
11
0
20
3
13
23
20
22
13
4
4
4
14
30
28
5
25
5
15
31
27
6
2
6
15
29
15
17
24
7
22
23
2
23
3
31
18
8
18
19
18
18
9
26
27
19
2
2
7
11
32
11
4
1
21
4
21
8
8
27
12
8
22
8
22
28
1
5
6
24
7
14
15
15
24
7
9
1
6
15
25
12
25
12
2
16
5
26
26
0
27
18
11
27
0
18
28
28
16
28
5
18
19
11
29
21
29
21
5
20
14
30
19
0
2
10
31
14
13
31
0
20
20
15
23
0
32
23
8
24
24
10
21
9
5
25
5
5
1
12
6
27
15
24
23
15
26
23
21
19
23
31
29
3
31
32
32
3
31
3
30
28
31
27
4
2
32
27
5
32
11
31
1
5
31
30
28
8
31
10
8
27
12
22
31
1
27
6
30
7
31
30
3
31
7
31
1
31
29
31
27
32
26
32
16
4
