6
14
7
15
27
11
24
18
15
8
15
8
8
25
29
30
23
9
9
28
10
1
13
21
30
10
20
2
17
2
28
20
11
12
3
3
23
12
3
24
18
18
4
25
0
4
25
14
24
5
23
20
18
27
16
6
2
24
16
25
7
17
7
31
18
24
2
27
8
19
7
18
25
1
20
9
19
27
4
10
10
10
2
28
20
20
1
11
2
32
1
3
22
12
30
2
26
4
23
6
31
8
14
11
24
1
24
24
28
15
8
25
15
11
16
5
26
16
4
31
16
8
28
27
11
16
18
13
18
17
28
8
9
20
20
29
1
29
3
3
30
12
21
30
30
20
21
17
2
31
15
11
19
3
23
23
12
32
0
21
24
3
21
0
20
15
1
25
22
22
8
19
6
25
27
26
1
16
7
26
32
7
32
26
17
31
30
8
31
25
28
25
32
7
17
30
32
2
27
3
31
2
28
31
29
29
31
2
29
10
6
30
32
8
8
26
4
32
4
32
27
32
11
24
31
22
18
31
15
29
30
32
28
16
29
32
29
4
11
