16
17
13
32
6
11
27
9
32
14
7
7
28
32
27
16
26
20
15
18
23
1
32
10
11
10
31
2
30
2
25
11
20
24
2
3
2
3
28
3
32
32
13
4
13
14
27
14
20
5
14
14
16
5
1
6
16
3
16
17
16
7
3
22
22
17
18
8
7
8
18
25
1
9
19
19
8
4
0
10
9
30
20
1
21
2
2
11
21
0
11
12
22
12
22
11
28
13
6
23
13
14
14
1
30
14
24
14
32
1
25
15
10
2
16
4
31
4
26
16
17
27
7
31
11
27
28
18
31
28
7
28
29
0
10
32
20
29
12
13
20
10
30
11
15
13
13
32
22
14
31
17
21
2
23
22
21
11
3
32
0
13
10
8
24
19
14
10
1
5
20
2
25
19
22
16
3
19
17
16
28
4
31
27
26
18
31
7
8
18
30
32
22
19
32
8
4
32
10
10
30
31
31
31
23
31
4
31
30
20
31
27
32
32
11
28
32
25
23
7
14
32
5
30
14
32
14
32
1
3
31
29
30
31
30
31
4
20
32
