11
16
11
32
27
7
27
31
18
10
12
29
29
31
25
26
20
32
10
23
32
1
17
28
9
9
21
17
2
11
15
18
15
20
28
3
2
23
23
27
13
4
27
4
25
4
20
5
24
5
21
21
28
5
6
1
6
22
16
7
7
0
7
28
17
2
26
8
18
28
1
32
9
28
19
19
19
10
9
10
4
1
31
21
5
25
25
21
2
12
11
22
1
5
13
22
13
2
31
5
13
2
14
24
32
14
8
15
5
31
25
0
15
3
3
16
26
31
11
16
11
27
18
27
27
31
18
7
28
10
29
31
19
13
29
19
29
12
32
8
13
30
12
21
21
15
14
31
31
31
15
23
12
3
23
32
16
13
32
15
14
10
2
14
20
25
18
5
18
19
23
22
24
25
15
5
16
18
28
0
31
0
31
32
6
19
31
30
1
31
32
28
31
4
32
32
6
31
29
31
31
3
2
32
28
29
29
19
11
31
29
26
13
13
16
5
31
5
9
30
22
20
31
14
29
6
5
31
25
28
32
31
2
31
26
7
