15
0
15
9
17
17
21
10
18
18
28
21
14
32
29
15
14
9
16
20
30
1
17
29
0
11
15
2
17
2
22
0
19
12
16
3
21
32
3
16
19
21
4
20
16
15
14
5
25
24
24
5
15
6
1
6
16
4
16
4
24
7
27
30
17
18
8
25
25
8
18
2
18
9
32
32
30
1
10
29
22
6
11
11
22
21
6
32
11
22
12
22
23
22
13
13
23
4
23
13
2
14
24
26
24
6
9
30
25
15
9
25
25
10
2
26
32
32
31
9
9
28
27
18
18
6
0
18
28
29
12
19
29
9
4
29
4
20
30
30
21
30
3
21
14
9
16
31
6
16
11
12
0
23
14
32
3
1
13
8
4
3
0
25
14
25
3
15
24
11
6
5
14
26
16
6
11
19
32
13
26
32
23
29
8
32
29
1
32
30
18
31
22
32
26
30
32
30
22
31
11
31
24
31
4
32
32
26
31
30
23
31
13
31
31
28
29
32
2
16
29
32
24
6
0
31
29
28
30
25
32
30
28
17
32
5
