5
17
16
13
23
27
16
11
18
28
21
12
19
32
31
29
19
9
15
9
1
17
32
1
1
24
30
2
31
2
19
29
12
20
3
2
3
12
30
19
3
19
4
13
13
22
0
25
5
24
15
21
24
6
6
29
6
5
16
2
1
7
23
22
3
8
29
8
18
8
9
9
19
9
9
19
20
27
9
10
30
5
21
20
26
11
3
22
1
12
6
22
12
11
22
22
31
13
23
29
23
14
24
14
1
29
24
30
32
25
16
16
16
1
16
9
3
26
8
17
17
32
17
27
16
11
18
28
13
12
28
13
19
29
19
20
29
20
0
30
20
30
1
30
9
2
8
2
20
31
17
1
18
4
3
14
32
19
19
24
0
13
1
24
16
18
22
25
17
20
3
6
12
3
22
5
10
2
1
31
31
31
3
31
5
31
31
29
32
9
28
32
30
31
1
31
29
10
32
5
30
32
14
32
29
32
27
31
30
13
31
27
28
4
31
31
31
30
23
0
31
14
1
22
32
13
21
32
16
8
32
1
32
9
32
30
