17
27
11
28
7
23
18
14
18
17
19
28
16
13
15
28
29
20
30
1
18
31
1
30
10
30
10
2
16
2
22
11
11
32
2
3
23
30
19
1
22
13
4
3
2
31
0
14
5
31
4
0
5
6
26
6
2
4
16
7
17
25
7
31
3
28
23
19
8
18
25
4
9
0
0
24
10
24
10
20
7
26
20
20
25
21
11
21
21
28
12
1
30
22
31
26
13
32
13
27
23
1
14
27
24
32
1
30
25
30
16
16
25
26
10
10
26
26
17
27
17
28
32
27
18
17
18
32
19
28
16
19
15
15
5
29
30
19
18
31
18
30
10
30
21
10
31
3
10
31
8
32
2
3
32
17
12
32
14
10
14
1
2
17
14
14
0
12
14
2
5
6
14
13
10
4
6
7
6
31
29
31
30
20
31
30
30
3
31
22
1
32
30
32
32
24
32
26
15
31
8
29
31
7
11
23
32
28
25
32
30
22
32
24
22
31
30
31
32
32
31
31
21
31
30
30
25
31
16
29
25
32
10
32
32
26
