12
21
18
8
0
14
30
28
0
9
15
8
8
12
25
29
32
0
28
1
1
30
1
21
0
23
21
2
32
2
31
21
32
23
3
12
3
24
12
3
4
4
23
0
4
14
26
5
32
26
21
5
19
6
16
6
16
21
16
4
7
27
7
19
1
8
22
8
18
8
24
9
9
18
30
2
9
10
0
10
20
31
30
6
31
21
11
28
21
12
22
12
2
12
31
0
24
28
23
14
31
28
14
3
32
24
24
14
26
15
25
30
10
30
6
26
26
0
17
7
17
27
0
27
5
28
9
9
32
28
19
19
14
14
29
0
11
20
1
30
9
21
30
1
13
13
3
6
31
21
32
15
11
32
3
24
32
3
4
24
23
16
0
14
13
12
14
26
26
5
26
26
24
6
13
5
16
4
32
27
22
32
22
8
22
18
30
31
0
14
17
32
30
24
32
13
0
31
28
31
26
7
31
7
11
32
11
32
30
12
32
28
32
0
31
22
31
8
31
27
31
31
29
31
8
14
32
19
32
30
32
28
6
32
4
32
