12
6
8
17
27
16
25
18
10
28
18
28
30
17
12
0
22
25
13
10
1
22
1
1
10
29
31
0
2
21
28
2
20
2
3
3
3
3
3
13
25
31
4
25
19
14
3
28
23
5
23
1
15
30
6
4
16
6
7
28
7
17
2
17
32
17
6
3
7
18
32
19
9
8
19
3
27
19
10
5
7
10
11
11
4
21
11
30
22
5
12
26
12
22
13
1
13
23
26
23
27
23
2
14
0
24
32
15
25
28
31
7
7
31
6
16
26
32
1
32
8
28
27
16
4
18
10
28
19
28
30
19
18
0
11
29
20
10
12
20
10
30
14
15
31
1
20
11
31
2
0
11
3
16
32
4
3
12
13
16
25
25
8
9
3
16
14
23
24
26
15
27
24
28
15
6
14
26
30
32
25
32
27
12
32
29
27
27
32
2
32
3
16
27
31
19
22
31
31
4
29
31
28
21
32
29
31
5
31
2
31
3
14
2
30
14
31
23
2
15
11
14
32
29
32
3
32
26
30
32
13
20
32
29
3
32
