5
30
27
24
20
9
23
17
19
31
18
30
7
7
19
14
17
29
18
13
1
15
10
1
30
20
12
1
2
10
10
20
25
12
0
3
0
29
20
3
21
25
14
4
28
20
25
3
14
15
5
3
23
6
22
21
6
16
28
17
3
17
7
4
1
32
31
18
8
18
18
18
0
26
25
9
6
10
25
10
29
20
21
10
11
7
21
28
29
21
12
2
0
22
12
1
0
23
14
14
23
13
8
3
14
24
2
7
15
7
25
16
16
32
17
17
26
7
7
2
17
11
27
3
32
12
18
1
28
5
32
7
19
15
15
29
20
13
20
12
30
14
30
21
21
1
0
0
31
4
11
23
23
12
12
32
11
3
6
25
25
1
12
7
25
25
1
17
21
4
17
6
22
20
6
26
28
17
30
17
32
28
30
32
30
31
30
26
31
18
32
29
31
30
18
8
31
26
29
30
31
30
12
0
31
1
29
32
15
31
14
16
31
30
0
30
24
31
30
13
8
3
31
29
32
32
15
32
28
32
22
31
17
17
31
7
