10
9
27
22
12
18
30
19
10
8
18
30
24
27
20
29
22
9
15
9
1
20
18
31
1
20
30
22
2
0
32
12
2
18
1
19
3
21
32
13
24
4
2
4
0
14
24
5
20
5
2
24
21
6
15
6
15
16
23
26
0
32
7
28
17
17
8
3
8
32
9
9
25
19
3
4
9
10
10
20
5
5
26
11
2
21
0
29
1
12
27
12
22
5
29
23
13
29
13
10
24
4
13
14
3
12
14
7
25
15
11
11
13
16
26
3
16
32
17
27
27
8
27
18
17
32
13
17
15
32
14
19
18
29
30
9
15
10
1
14
8
31
13
13
5
19
1
21
32
23
2
18
1
23
4
9
15
13
5
4
2
22
0
14
24
25
14
5
2
16
26
6
27
28
29
17
30
26
19
16
32
11
17
29
8
25
1
32
30
32
29
32
3
31
9
31
20
29
32
22
6
32
29
4
13
28
31
29
26
13
31
30
32
25
32
29
32
30
9
32
30
26
31
12
14
7
31
16
3
31
17
31
26
28
32
3
