16
12
15
17
23
12
17
31
14
23
16
16
8
25
29
29
15
32
10
1
1
21
1
14
10
21
21
2
11
2
24
12
2
12
3
13
3
30
13
24
3
4
0
26
4
14
26
14
5
24
4
16
15
31
6
5
23
16
25
23
7
1
17
7
26
19
18
8
2
28
31
9
9
1
20
19
9
0
10
21
9
9
28
11
21
10
11
31
30
12
22
12
23
28
13
13
23
8
13
8
29
32
25
24
32
15
25
25
15
6
9
9
27
26
16
26
0
28
0
12
17
27
0
28
4
18
2
28
12
7
1
20
20
29
19
10
10
20
0
30
19
30
5
21
20
13
31
2
31
12
23
12
3
23
32
0
14
24
15
4
15
24
22
14
25
14
6
24
23
9
15
6
6
10
15
16
6
32
7
32
10
0
31
7
30
27
32
28
9
18
32
1
31
30
26
31
10
31
31
3
31
6
21
31
30
31
30
7
31
25
30
31
13
31
2
32
13
8
29
32
15
25
13
32
25
32
15
32
29
6
15
31
13
26
0
4
