23
0
17
16
29
7
7
16
17
11
27
8
13
27
24
29
9
14
25
1
1
30
1
17
11
10
2
2
16
32
2
26
29
26
0
3
20
28
0
3
25
4
4
4
32
3
14
5
4
5
20
4
5
1
6
26
25
6
6
1
7
24
7
7
17
18
30
8
7
2
29
31
3
29
9
28
29
10
10
10
27
10
20
11
20
21
11
28
0
31
4
1
22
11
13
12
13
3
23
14
13
14
5
13
24
32
13
31
13
7
25
14
4
16
2
26
26
26
32
0
17
16
27
11
17
18
17
32
28
32
10
19
29
29
19
29
20
30
19
30
6
16
30
10
21
10
16
22
31
22
20
14
1
1
23
32
11
7
16
11
23
15
13
15
24
5
21
5
20
11
0
19
26
24
25
26
27
30
29
24
32
28
17
16
31
1
31
21
29
31
2
18
31
28
31
30
10
15
31
30
30
9
29
31
30
28
0
31
22
1
32
11
3
31
30
3
31
30
31
17
31
27
32
29
13
31
13
30
31
9
32
16
31
31
32
8
