11
23
9
6
28
28
25
32
10
31
13
36
21
36
9
18
35
9
22
35
1
24
32
10
17
33
2
28
25
2
28
22
12
3
3
19
3
1
20
27
21
4
31
14
27
20
15
5
21
1
15
21
21
6
35
30
3
34
3
7
28
17
3
24
2
8
18
27
27
36
9
9
31
9
1
20
10
29
10
2
0
11
34
21
11
27
0
22
12
22
12
30
36
13
2
33
35
1
14
24
35
4
14
1
35
15
6
33
36
15
26
6
5
32
27
17
7
35
17
33
36
18
35
34
4
35
29
0
0
13
34
12
12
20
3
8
3
35
31
6
36
15
13
16
11
32
13
22
23
10
36
33
3
17
9
34
23
2
2
17
25
35
3
3
19
8
11
20
8
3
36
14
14
28
23
9
5
4
1
29
21
7
9
24
2
3
26
27
7
28
18
24
25
32
35
35
34
21
36
34
32
31
18
36
27
27
29
3
35
0
35
34
36
11
36
1
35
12
35
12
23
36
24
35
16
35
32
34
24
35
4
27
29
35
7
17
11
36
16
2
36
24
12
17
35
29
35
15
36
27
18
35
34
33
35
29
18
0
35
