16
34
30
16
20
16
0
12
35
10
23
15
0
30
12
32
33
29
21
1
15
1
33
10
1
34
2
2
31
2
18
19
0
12
3
13
36
0
27
0
20
4
3
20
22
14
25
3
3
5
2
1
6
36
25
6
17
17
27
7
0
17
26
36
18
8
2
19
19
34
9
19
9
20
34
20
10
20
2
6
5
21
11
0
35
11
30
11
11
8
12
23
13
32
13
1
24
32
8
14
35
32
25
36
1
15
4
4
33
3
16
26
16
4
17
16
36
35
17
0
0
28
34
13
29
13
19
16
19
16
10
30
1
20
9
6
12
3
31
22
12
36
35
22
32
33
9
9
1
17
12
33
34
24
34
24
2
34
7
19
35
20
12
25
13
36
0
11
16
20
36
13
0
22
23
25
26
6
5
16
1
6
4
10
28
13
18
1
28
27
24
7
33
35
6
34
28
30
36
9
31
33
34
34
36
35
36
23
34
35
34
36
36
29
35
3
11
11
35
33
33
26
35
6
36
36
30
36
35
36
32
25
36
34
4
36
30
35
32
16
35
6
29
35
8
36
35
17
35
12
28
31
35
29
34
19
35
19
18
