22
7
20
31
10
7
16
12
15
8
32
16
8
21
33
13
22
15
10
23
1
30
23
24
22
20
24
0
2
29
27
20
28
12
3
18
24
3
0
30
4
1
4
14
4
14
5
23
5
15
33
21
0
6
22
32
24
17
2
2
7
17
23
36
8
33
18
8
1
35
9
19
9
35
20
1
10
4
32
34
21
35
11
36
32
27
2
22
27
12
28
5
35
23
13
23
9
9
24
14
34
35
25
33
15
6
15
36
7
4
26
16
26
3
5
27
7
17
5
35
34
5
28
18
7
19
29
19
29
19
20
20
30
20
9
35
1
15
8
31
6
36
20
22
13
32
9
10
13
1
36
23
33
24
20
24
0
18
34
18
20
12
25
35
18
12
3
0
18
2
36
0
27
14
14
5
23
5
28
3
21
0
16
22
18
2
3
11
11
1
28
23
23
34
33
36
29
34
36
26
35
36
35
36
26
36
33
35
35
21
35
35
36
36
35
2
35
35
35
35
35
35
9
33
35
13
9
24
35
6
35
34
36
15
11
7
36
26
6
29
36
31
36
35
27
11
36
26
36
34
16
35
13
35
35
35
33
36
5
