18
32
0
8
36
33
23
7
16
7
23
15
34
14
13
22
27
36
19
9
1
16
30
21
31
17
2
0
2
11
24
34
35
3
23
36
3
35
13
28
36
4
13
36
2
14
5
23
5
29
36
15
29
15
6
21
1
16
0
7
23
29
17
33
0
27
32
29
28
8
9
4
4
32
32
30
10
0
20
10
35
0
11
3
21
28
2
21
34
12
33
32
3
6
13
23
5
34
35
33
1
14
7
7
35
25
34
35
11
11
3
17
17
26
7
17
2
7
36
36
4
7
28
5
32
33
19
7
3
29
19
14
33
36
4
6
14
6
31
8
22
34
14
11
22
5
32
13
8
19
9
33
3
3
13
18
6
36
25
17
34
35
15
7
36
3
35
13
10
36
28
17
18
36
28
5
13
5
25
0
5
29
15
30
28
0
20
1
29
31
23
25
19
24
18
36
0
28
35
29
4
34
32
35
7
2
16
36
28
35
0
26
35
21
28
14
35
34
34
27
35
3
14
31
35
33
34
35
35
35
9
35
7
35
35
34
35
29
11
10
35
15
24
27
17
35
34
31
36
32
36
19
4
36
7
36
13
36
9
