7
25
21
35
20
24
19
33
31
21
30
9
9
16
18
12
24
35
9
1
23
1
26
31
23
0
1
2
11
2
11
33
2
29
3
25
32
3
21
13
29
20
4
25
22
21
5
3
5
26
27
27
3
27
6
16
16
16
1
7
24
17
32
1
35
32
8
27
3
19
9
30
9
30
5
31
20
10
5
35
27
30
21
7
11
22
33
36
3
22
35
12
13
35
23
13
4
24
29
24
14
24
33
30
5
15
2
26
15
15
5
26
16
32
7
2
32
27
17
28
32
18
28
7
13
13
29
8
19
20
20
30
35
20
30
0
36
31
35
11
9
4
10
35
32
35
15
35
15
23
1
1
33
2
0
34
24
19
18
35
14
18
35
3
35
6
26
8
36
14
20
4
36
22
16
5
3
29
16
29
27
3
27
22
17
29
15
1
7
25
17
19
1
35
32
34
36
9
34
32
30
20
36
32
31
33
36
5
35
32
35
36
7
35
23
21
35
3
32
35
1
35
18
36
13
36
32
35
30
35
32
9
35
26
35
2
35
32
35
5
29
34
35
31
9
10
34
35
5
15
34
19
35
4
8
11
35
19
33
