20
9
13
13
7
12
16
14
36
28
8
8
21
11
34
24
32
31
10
1
29
1
15
1
0
19
2
2
23
2
27
19
22
3
23
3
13
2
1
13
4
35
26
4
32
22
23
5
24
28
23
29
6
16
6
25
25
28
36
7
25
35
31
25
31
25
8
19
33
36
9
27
27
34
1
34
10
36
21
10
0
29
27
0
11
27
22
12
0
0
7
8
13
13
32
13
32
25
4
24
2
24
29
14
15
6
8
4
30
30
35
16
28
27
4
7
5
34
31
18
0
32
31
10
18
33
33
12
36
20
20
20
0
6
8
7
7
21
15
17
36
21
9
34
15
35
22
35
6
13
10
35
15
23
19
36
14
36
2
36
19
25
13
13
12
20
12
26
13
14
6
20
7
17
22
1
5
5
28
5
23
6
9
6
19
22
21
26
10
6
25
36
33
31
36
36
36
33
36
9
27
27
20
31
34
35
31
36
19
5
33
36
24
31
26
36
19
36
9
27
35
13
33
32
13
35
6
4
32
35
10
35
35
35
32
35
33
30
0
35
8
34
2
2
35
34
13
34
35
0
36
31
35
6
35
2
12
36
1
