14
19
27
36
32
20
30
36
14
21
14
27
20
9
33
9
36
9
1
1
17
1
16
20
1
31
2
2
18
2
23
20
1
23
3
21
21
3
29
23
1
14
4
14
3
26
14
5
3
1
28
2
6
6
6
2
33
27
7
17
7
18
23
24
18
8
18
4
35
36
34
34
2
9
3
10
34
5
10
3
33
21
11
34
5
22
3
12
4
22
12
6
3
8
13
8
9
34
24
14
24
24
3
25
30
15
36
35
26
36
2
32
36
32
27
35
27
27
1
4
18
13
35
34
18
33
29
4
9
14
19
20
3
30
20
6
36
10
21
0
9
7
3
32
9
21
8
36
23
33
12
23
11
14
4
14
34
0
13
17
0
35
2
26
19
1
26
17
19
36
0
15
26
3
8
14
5
3
0
22
1
28
6
13
17
16
13
7
12
9
3
30
24
36
24
36
4
20
21
36
33
2
12
35
10
35
35
30
35
33
35
30
35
33
35
3
35
26
35
33
36
3
36
13
35
36
31
32
36
7
24
3
36
30
29
36
35
36
33
8
3
36
24
31
33
4
36
1
4
5
36
11
12
35
33
0
35
9
20
