10
12
12
23
15
33
7
21
9
13
18
16
32
12
17
20
34
17
27
27
1
23
36
30
11
22
34
23
2
22
0
20
18
3
30
1
33
3
32
14
14
4
25
14
23
14
5
2
36
5
15
16
16
6
16
2
0
3
7
23
7
29
25
27
28
8
1
32
1
33
19
28
33
9
25
10
34
20
5
10
11
11
1
11
22
35
35
1
12
23
35
28
35
13
30
13
31
13
4
24
29
29
9
25
26
6
15
33
16
1
11
16
7
34
4
11
36
17
2
3
28
12
18
34
36
8
7
2
36
30
6
0
20
8
35
14
0
21
31
35
3
11
22
32
13
17
32
3
15
1
22
36
6
24
16
34
11
2
8
0
5
5
35
13
21
25
3
22
0
14
36
12
28
12
14
0
28
16
16
15
0
16
25
7
11
0
3
7
15
22
29
27
15
28
35
32
32
35
33
36
1
36
33
36
36
36
21
5
36
33
35
4
1
35
23
35
4
35
24
35
28
35
34
35
29
27
36
32
36
23
31
11
36
34
32
34
3
35
22
34
35
7
34
14
30
36
17
9
36
10
35
35
6
36
34
7
32
36
33
