31
9
18
31
35
23
33
17
35
31
35
21
35
20
20
17
9
9
21
25
1
30
10
33
10
10
20
2
24
11
2
23
12
3
3
2
3
14
20
19
4
24
4
31
21
24
36
5
15
27
22
28
6
29
6
17
17
36
33
7
23
17
0
6
2
8
1
33
27
25
29
19
9
2
1
36
4
10
35
6
5
8
11
21
27
11
33
22
11
12
11
13
35
13
4
23
5
4
24
35
0
30
14
6
15
31
4
35
35
26
34
7
32
7
35
17
27
32
9
3
17
2
28
36
4
18
19
29
11
5
11
10
35
20
30
10
10
35
31
35
9
12
20
20
21
32
6
12
36
1
6
8
33
18
24
1
0
12
34
2
15
12
4
3
35
18
18
26
16
8
36
4
20
15
24
20
5
15
16
23
26
29
23
22
8
6
0
3
27
19
26
21
6
17
36
35
31
35
33
35
35
32
35
35
36
32
34
35
28
35
26
11
35
28
33
35
22
11
36
36
35
8
13
36
28
31
36
3
35
0
36
34
6
36
31
4
14
35
34
24
10
35
31
35
36
13
35
16
35
17
31
7
36
29
36
19
9
2
19
