29
23
13
30
35
20
14
20
25
7
9
13
18
18
32
9
17
1
33
26
33
11
24
2
35
34
2
34
3
12
3
18
25
32
14
26
4
14
28
15
5
25
15
3
1
6
25
0
28
7
32
7
3
28
8
18
30
8
34
29
3
9
34
30
20
10
6
20
5
11
31
21
4
2
12
35
8
23
35
23
13
14
14
24
35
14
36
10
25
30
15
15
16
26
7
36
17
11
27
12
17
12
3
28
9
5
18
29
29
29
19
13
30
1
20
36
21
31
35
22
22
14
3
32
9
23
14
33
33
33
9
24
5
0
34
25
9
3
35
5
20
2
2
18
26
36
28
28
1
0
25
15
10
9
6
24
16
28
7
0
29
23
31
17
2
35
16
35
30
35
30
34
36
20
35
36
35
18
36
3
22
35
33
0
35
11
26
35
11
13
35
14
36
35
20
36
33
35
30
36
9
16
6
35
6
5
3
36
35
35
30
36
36
9
35
27
22
36
