22
10
8
30
13
9
20
21
19
22
34
9
31
27
20
36
1
36
1
0
16
16
11
2
1
31
0
24
25
3
35
26
24
14
30
4
20
1
14
34
5
1
24
27
3
6
16
22
7
7
30
27
7
31
8
18
8
35
33
19
1
26
32
9
10
36
20
31
2
21
11
30
35
33
12
31
34
34
23
34
13
30
24
14
24
36
14
10
25
15
31
5
16
26
31
16
32
27
17
2
35
28
8
28
29
8
18
34
29
8
5
8
30
13
0
20
21
31
36
5
11
22
32
13
12
1
23
33
23
6
16
19
11
34
25
20
9
5
3
35
26
5
14
36
16
13
17
14
2
4
4
24
27
0
1
0
30
7
26
30
27
31
1
36
36
33
35
33
35
35
35
32
34
36
4
23
35
31
35
31
35
27
35
33
35
34
34
35
28
13
29
35
14
35
34
35
25
33
35
34
27
35
33
36
36
35
36
19
35
32
30
34
35
0
8
14
32
29
