29
34
8
28
30
17
9
0
11
17
13
22
27
28
14
15
1
10
17
1
22
36
2
29
2
34
32
24
12
3
26
27
17
13
17
4
29
36
15
1
5
0
3
15
6
3
1
6
28
22
7
22
17
17
8
28
8
18
9
25
9
32
35
0
36
20
10
5
4
11
4
21
22
7
12
36
6
22
22
29
4
36
13
14
24
9
5
10
35
25
5
6
15
3
26
16
2
31
27
35
31
18
6
35
28
18
36
36
35
29
34
19
15
30
33
20
0
36
21
31
22
35
32
2
22
35
7
17
33
9
33
2
34
25
34
34
8
12
3
35
11
35
27
13
4
27
36
15
1
19
0
19
15
1
22
17
22
0
22
31
22
26
2
8
7
35
36
36
35
35
4
35
9
36
33
35
5
31
35
4
20
36
28
35
10
35
32
28
35
34
36
28
35
24
36
7
10
35
27
25
6
32
35
22
18
34
35
20
35
3
35
3
35
28
35
36
36
36
