24
19
9
30
25
21
16
10
21
31
36
22
36
32
22
23
1
21
1
17
11
28
1
2
21
11
11
12
19
3
13
0
0
27
4
36
14
4
29
24
5
24
25
21
16
6
29
30
17
7
1
23
17
4
8
7
19
8
9
9
5
19
35
31
10
20
32
10
35
21
11
1
7
35
4
32
3
23
13
23
3
24
24
29
24
30
14
25
15
25
31
8
26
16
26
35
32
27
17
27
12
4
34
28
34
10
18
29
11
34
19
20
30
20
6
21
10
21
31
6
22
36
32
22
23
0
23
33
0
0
24
1
3
34
24
11
13
25
35
13
17
8
17
4
36
27
15
17
24
25
0
4
28
16
27
20
30
30
1
30
22
14
4
36
36
4
36
36
35
5
33
35
31
30
26
35
7
35
33
36
6
7
36
12
36
36
35
17
23
35
31
35
11
35
23
33
25
35
27
31
31
35
16
26
35
17
35
17
36
12
4
35
2
36
36
30
35
9
