9
28
30
15
30
0
14
0
31
8
34
30
17
21
29
35
1
31
33
1
0
18
17
2
23
28
2
18
36
3
35
13
27
26
4
25
23
26
4
5
14
5
14
30
6
17
6
28
28
29
7
1
3
36
28
18
8
24
19
36
9
19
19
10
36
26
20
5
20
34
11
7
34
7
22
12
4
12
23
29
23
29
8
5
6
14
25
10
4
25
26
16
32
15
26
16
27
27
27
17
28
35
1
28
13
29
19
36
19
33
11
30
13
30
0
11
9
13
31
34
22
32
10
9
35
1
23
33
24
7
5
24
34
15
34
2
35
10
4
35
13
27
13
14
14
36
21
4
9
0
28
14
1
17
17
6
3
23
29
7
1
31
22
5
35
35
34
33
36
24
23
19
34
36
19
20
36
36
34
35
7
28
36
22
12
35
17
22
36
33
35
36
4
35
33
8
33
35
15
11
36
34
35
25
31
35
7
26
35
28
35
35
35
2
36
19
36
36
