35
30
20
19
30
7
17
18
9
16
11
11
36
34
22
35
34
1
11
25
33
36
36
31
2
12
35
24
27
3
22
35
1
36
4
36
4
14
4
5
25
5
1
15
16
6
30
17
17
28
7
17
2
17
8
17
8
19
30
28
9
20
10
10
35
25
20
33
10
11
27
21
22
32
6
1
7
23
13
31
23
24
8
13
31
14
24
3
4
36
1
35
26
33
35
26
16
27
17
35
27
17
28
11
1
36
18
29
29
29
33
20
35
30
7
4
31
10
0
31
11
36
35
32
35
8
23
11
13
33
36
36
13
7
34
36
15
2
0
3
35
3
17
27
36
18
14
36
5
14
8
1
27
28
20
16
7
27
26
31
25
31
14
0
17
2
23
35
21
33
29
35
7
35
1
35
34
35
19
36
5
36
32
35
1
28
27
36
31
23
31
36
34
31
19
35
8
2
36
2
35
26
33
35
26
27
27
35
32
0
36
28
36
1
36
14
36
5
