36
7
19
12
6
20
9
10
22
35
19
20
9
21
28
24
1
10
1
18
1
0
31
2
11
28
0
12
3
3
22
3
13
2
26
14
4
26
27
15
5
2
3
29
6
0
6
3
24
7
25
7
17
31
29
8
18
35
2
28
9
5
34
20
30
10
36
26
21
6
11
30
36
34
22
3
7
7
13
24
23
34
36
14
2
1
24
0
25
15
33
9
26
32
16
11
5
32
27
17
7
1
35
28
10
9
19
12
29
18
20
19
12
30
20
9
4
21
31
16
21
34
3
32
17
1
36
36
33
1
0
18
10
36
34
19
25
3
3
35
26
35
2
14
13
17
36
27
10
28
2
13
0
6
0
9
30
24
7
9
7
17
31
5
0
35
35
35
16
35
27
34
36
21
36
36
31
35
36
23
35
16
18
20
35
8
2
31
35
6
10
36
34
36
15
36
28
36
15
34
35
9
16
35
8
34
36
30
13
36
0
6
35
10
19
36
34
36
