19
12
8
26
35
19
21
27
9
11
32
21
10
33
14
17
1
36
1
29
23
16
11
2
34
27
1
2
13
3
35
21
14
20
4
4
4
36
28
15
5
16
27
15
24
6
17
2
0
7
1
18
35
7
8
18
8
4
35
9
19
9
36
27
34
6
27
21
11
21
10
11
32
12
22
12
27
23
4
23
13
30
24
7
6
14
1
25
15
25
3
26
26
10
16
9
11
27
8
17
32
28
18
28
35
18
19
29
12
19
12
30
14
30
21
21
36
31
16
32
21
16
11
32
36
22
33
33
33
23
24
11
2
34
8
35
36
35
3
35
26
14
20
10
36
4
36
28
15
28
15
2
24
24
6
17
14
19
27
28
6
0
23
36
31
36
28
35
35
33
36
36
34
35
31
2
36
35
35
7
35
12
36
30
35
27
35
28
23
30
35
24
34
6
14
35
25
32
7
36
2
35
35
13
36
11
35
6
35
19
28
35
28
27
36
31
0
3
