29
12
7
18
15
25
36
29
33
31
12
21
15
32
21
22
1
21
1
17
1
32
2
34
2
12
34
25
24
3
12
23
29
13
14
4
13
36
2
5
5
5
3
1
6
6
6
3
6
24
7
17
3
17
8
18
36
25
9
19
9
33
8
20
4
10
33
35
6
4
21
11
2
0
33
0
0
7
23
13
23
33
13
13
14
24
0
30
15
26
15
6
7
1
26
2
17
27
0
17
11
6
28
11
28
1
14
36
19
29
20
7
14
30
20
36
16
31
31
31
22
7
32
22
32
3
0
10
33
1
7
36
34
25
34
34
25
9
35
13
20
35
35
22
0
27
36
27
5
28
5
3
7
13
3
7
28
28
27
7
4
31
9
8
36
36
31
35
36
36
4
8
35
34
24
36
35
35
26
35
27
35
0
33
35
27
29
6
35
23
33
35
36
36
18
35
30
15
31
35
2
9
13
35
21
36
27
36
7
35
11
36
11
35
35
2
36
19
