19
8
21
8
8
27
21
32
18
32
34
30
33
13
33
18
1
23
1
24
1
24
22
2
11
11
25
2
3
20
3
27
26
1
4
20
20
4
22
27
5
1
15
27
15
6
0
2
28
7
2
32
4
18
8
18
33
31
5
8
9
25
35
5
20
34
20
0
11
21
21
11
11
31
12
34
36
3
6
6
13
0
24
24
14
25
31
0
3
32
15
1
16
5
27
17
17
27
5
28
17
28
1
18
29
29
35
8
36
19
3
19
6
31
31
21
32
21
32
14
10
33
21
33
18
1
23
34
24
6
24
13
35
25
10
25
2
36
25
3
7
26
1
5
16
15
4
1
2
17
19
2
10
15
6
0
11
8
1
2
34
33
30
8
36
33
31
33
19
21
35
35
21
35
34
25
35
11
31
35
29
36
34
35
31
36
1
35
31
35
13
36
30
36
34
31
36
26
35
14
35
33
29
32
35
17
27
15
35
17
28
36
31
36
29
35
2
36
