7
5
12
12
21
8
12
21
7
0
22
14
8
22
8
21
20
19
22
9
1
1
15
14
15
10
24
2
10
2
16
2
16
17
3
3
3
12
3
12
18
4
13
4
20
13
13
5
5
5
2
5
14
15
6
6
1
15
23
23
23
7
23
7
16
24
8
8
17
23
8
22
9
18
9
21
18
22
10
10
10
19
3
10
11
20
11
11
20
4
12
12
21
23
12
21
13
0
22
13
13
22
14
23
14
23
14
23
23
1
15
9
11
16
24
24
16
2
3
17
10
17
3
3
3
3
8
7
18
4
8
4
19
13
17
5
5
24
23
23
23
21
23
23
23
21
23
23
23
23
23
21
23
19
23
8
12
23
22
22
23
23
12
6
23
23
22
23
23
8
24
10
24
24
3
24
18
