20
4
6
6
0
16
6
12
13
22
8
11
8
9
8
15
1
1
13
1
9
15
2
24
2
1
17
11
18
3
23
16
12
4
4
2
4
2
5
14
5
23
14
15
6
24
20
15
6
7
2
23
16
22
8
17
8
17
8
9
18
9
24
2
10
4
19
6
11
23
20
5
20
12
5
5
23
21
23
13
4
22
11
11
6
1
23
15
23
23
0
24
16
7
24
24
5
1
17
11
3
9
11
0
3
4
4
2
4
2
5
5
23
23
23
23
23
23
23
23
23
23
23
23
23
22
23
23
23
23
22
23
23
24
24
21
24
24
24
24
23
23
20
23
