17
54
39
53
9
54
42
1
20
2
13
3
58
3
4
17
5
17
6
61
7
19
3
8
9
53
21
10
11
7
7
3
13
9
6
10
15
28
12
29
17
18
61
5
19
20
5
40
35
22
19
23
64
37
4
56
25
11
27
40
41
42
29
63
2
31
17
31
45
46
47
34
7
62
53
23
58
50
25
39
52
39
53
58
54
42
41
55
44
44
57
20
1
24
46
59
19
42
61
7
27
49
49
63
53
21
64
53
55
6
31
13
26
6
63
64
63
61
63
61
63
61
63
63
63
63
63
64
64
63
63
52
63
62
62
63
31
63
40
63
63
49
63
2
64
63
63
58
46
31
63
59
62
53
63
58
60
63
37
