30
17
22
27
11
23
32
17
32
17
32
23
8
30
13
18
29
10
0
14
23
1
20
10
10
23
16
2
21
11
2
21
27
3
3
23
18
13
20
13
3
4
1
28
1
22
23
5
15
5
30
27
22
6
16
6
28
16
6
7
22
31
7
23
3
0
8
18
0
30
2
9
0
9
30
9
29
31
10
20
32
5
26
10
21
28
27
31
12
11
2
22
27
30
31
0
23
13
3
32
14
4
24
3
2
7
32
9
25
16
16
10
1
26
16
9
6
17
31
27
28
18
10
5
18
9
19
19
8
13
13
13
29
29
12
9
30
20
7
10
31
14
11
16
21
11
2
10
9
0
32
23
18
7
20
23
15
11
21
19
1
22
23
5
24
24
8
6
8
26
2
2
28
28
32
17
8
32
26
4
8
18
31
29
5
31
9
9
31
9
31
9
29
31
2
30
32
2
1
26
32
1
26
32
28
29
7
31
16
2
31
14
32
29
23
32
14
4
31
29
2
31
21
9
32
12
24
32
15
4
32
29
32
