7 7 7 2 7 7 7 7 7 7 2 10 7 7 7 7 7 7 2 4 4 4 4 4 4 4 16 2 12 10 10 10 10 10 10 10 11 10 10 10 10 10 10 10 10 10 0 3 3 7 7 7 2 2 2 2 2 2 2 2 12 12 10 10 9 9 9 9 2 2 7 2 2 7 7 7 7 7 7 7
15 7 8 3 6 11 10 3 3 1 7 1 7 7 7 4 2 2 2 11 0 8 13 16 5 5 7 5 9 9 4 1 10 13 8 4 1 14 2 15 2 15 12 0 16 3 13 3 7 4 0 8 0 3 7 16 6 13 12 11 6 6 6 4 4 0 5 0 9 5 4 2 10 1 9 8 9 4 3 4
7 7 7 2 7 7 7 7 7 7 2 10 7 7 7 7 7 7 2 4 4 4 4 5 4 2 0 10 10 10 10 10 10 2 4 4 4 4 4 0 0 0 0 2 5 2 10 10 10 10 10 10 10 10 7 7 7 7 7 7 11 11 11 11 11 11 11 11 11 11 6 6 6 6 6 10 10 10 10 7
7 7 7 2 7 7 7 7 7 7 2 10 7 7 7 6 7 7 2 7 4 4 4 4 4 4 2 4 4 0 0 0 10 10 10 10 10 2 5 16 4 4 4 2 0 10 10 10 10 10 5 2 7 7 7 4 2 11 11 11 7 7 7 7 7 7 7 10 10 10 10 10 10 10 10 0 0 0 0 11
7 7 7 2 7 7 7 7 7 7 2 10 7 7 7 7 7 7 2 7 4 4 4 4 4 4 2 4 4 10 10 10 10 10 10 10 2 5 4 4 4 4 4 0 0 0 0 0 0 0 5 2 0 4 7 7 7 7 7 0 11 7 11 11 11 7 7 7 7 7 7 7 7 7 7 7 2 2 2 2
7 7 7 2 7 7 7 7 7 7 2 10 7 7 7 7 7 7 2 4 4 4 4 4 4 4 2 10 10 10 10 10 10 1 7 7 7 7 7 7 7 7 7 7 11 11 11 11 11 9 9 9 2 10 10 10 10 10 10 7 7 7 7 7 7 7 11 11 11 11 11 11 11 7 7 10 10 10 10 10
7 7 7 2 7 7 7 7 7 7 2 10 7 7 7 7 7 7 2 4 4 4 4 4 4 4 2 10 10 10 10 10 10 1 7 7 7 7 7 7 7 7 7 7 11 11 11 11 11 9 9 9 2 10 10 10 10 10 10 7 7 7 7 7 7 7 11 11 11 11 11 11 11 7 7 10 10 10 10 10
7 7 7 2 7 7 7 7 7 7 2 10 7 7 7 7 7 7 2 4 4 4 4 5 4 2 0 10 10 10 10 10 10 2 4 4 4 4 4 0 0 0 0 2 5 2 10 10 10 10 10 10 10 10 7 7 7 7 7 7 11 11 11 11 11 11 11 11 11 11 6 6 6 6 6 10 10 7 10 10
7 7 7 5 2 7 7 7 7 7 4 4 2 10 10 10 10 10 10 2 4 4 4 4 4 2 10 10 4 10 10 10 10 10 2 4 4 4 4 4 0 0 0 0 0 0 10 10 5 2 5 5 5 5 5 4 7 7 7 7 7 7 11 11 11 11 11 11 11 7 11 7 11 11 7 7 2 2 2 2
7 7 7 2 7 7 7 7 7 7 2 5 7 7 7 7 7 7 2 7 4 4 4 4 4 4 2 4 4 0 0 10 10 10 10 10 2 4 4 4 4 4 0 0 0 0 0 0 10 10 10 10 10 10 10 10 10 10 10 10 10 10 10 2 2 2 2 2 11 11 11 11 11 11 11 11 11 11 11 11
