# Results obtained using DQN. CPU time: 41.64269733428955
0.01017926  75.00000000  0.00299488  80.00000000  2960.15496705  0.00000000
0.04005166  78.00000000  0.04005166  80.00000000  2163.31341927  0.00000000
0.01239598  74.00000000  0.00963070  80.00000000  3158.63038099  0.00000000
0.00571476  71.00000000  0.00122127  80.00000000  3372.90349448  0.00000000
0.00017854  78.00000000  0.00017854  80.00000000  1770.62093824  0.00000000
0.00010862  75.00000000  0.00007705  80.00000000  1907.14457340  0.00000000
0.00014116  77.00000000  0.00010758  80.00000000  1710.85321812  0.17788944
0.00080872  58.00000000  0.00028024  80.00000000  2101.40457484  0.43663771
0.00284606  76.00000000  0.00271672  80.00000000  1517.05380335  0.69538598
0.00420232  78.00000000  0.00420232  80.00000000  1319.06256159  0.95413425
0.01378959  54.00000000  0.00445866  80.00000000  3274.42486235  0.99000000
0.01054178  72.00000000  0.00548672  80.00000000  1356.30870804  0.99000000
0.01054058  72.00000000  0.00548686  80.00000000  1356.30873073  0.99000000
0.01054058  72.00000000  0.00548686  80.00000000  1356.30873073  0.99000000
0.02059215  67.00000000  0.00221251  80.00000000  1409.18184228  0.99000000
0.01054058  72.00000000  0.00548686  80.00000000  1356.30873073  0.99000000
0.00490301  78.00000000  0.00490301  80.00000000  1356.30316700  0.99000000
0.00145339  70.00000000  0.00043395  80.00000000  1359.29434700  0.99000000
0.00129472  63.00000000  0.00068403  80.00000000  1356.30279492  0.99000000
0.00776938  61.00000000  0.00062336  80.00000000  1350.47607543  0.99000000
0.01054058  72.00000000  0.00548686  80.00000000  1356.30873073  0.99000000
0.01054058  72.00000000  0.00548686  80.00000000  1356.30873073  0.99000000
0.01053492  72.00000000  0.00531771  80.00000000  1356.30880375  0.99000000
0.01054058  72.00000000  0.00548686  80.00000000  1356.30873073  0.99000000
0.01103924  72.00000000  0.00528822  80.00000000  1356.30968445  0.99000000
0.01054058  72.00000000  0.00542195  80.00000000  1356.30873297  0.99000000
0.01054058  72.00000000  0.00548686  80.00000000  1356.30873073  0.99000000
0.03255763  69.00000000  0.01094890  80.00000000  1352.45330300  0.99000000
0.00928387  75.00000000  0.00702667  80.00000000  1356.30605796  0.99000000
0.00924427  67.00000000  0.00051874  80.00000000  1354.87165529  0.99000000
0.01054058  72.00000000  0.00548686  80.00000000  1356.30873073  0.99000000
0.01054058  72.00000000  0.00548686  80.00000000  1356.30873073  0.99000000
0.01054058  72.00000000  0.00548686  80.00000000  1356.30873073  0.99000000
0.01054058  72.00000000  0.00548686  80.00000000  1356.30873073  0.99000000
0.01054058  72.00000000  0.00548686  80.00000000  1356.30873073  0.99000000
0.01054058  72.00000000  0.00548686  80.00000000  1356.30873073  0.99000000
0.01452427  72.00000000  0.00188906  80.00000000  1359.53567450  0.99000000
0.00375836  68.00000000  0.00061665  80.00000000  1356.30339575  0.99000000
0.01620048  78.00000000  0.01620048  80.00000000  1346.92568358  0.99000000
0.01054058  72.00000000  0.00548686  80.00000000  1356.30873073  0.99000000
0.01054058  72.00000000  0.00548686  80.00000000  1356.30873073  0.99000000
0.01054058  72.00000000  0.00548686  80.00000000  1356.30873073  0.99000000
0.01054058  72.00000000  0.00548686  80.00000000  1356.30873073  0.99000000
0.01054058  72.00000000  0.00548686  80.00000000  1356.30873073  0.99000000
0.01054058  72.00000000  0.00548686  80.00000000  1356.30873073  0.99000000
0.01054058  72.00000000  0.00548686  80.00000000  1356.30873073  0.99000000
0.01054058  72.00000000  0.00548686  80.00000000  1356.30873073  0.99000000
0.01463055  71.00000000  0.00589384  80.00000000  1356.58688156  0.99000000
0.01054058  72.00000000  0.00548686  80.00000000  1356.30873073  0.99000000
0.02043552  71.00000000  0.01524532  80.00000000  1354.69633029  0.99000000
0.01692482  72.00000000  0.00840879  80.00000000  1356.57448829  0.99000000
0.01054058  72.00000000  0.00548686  80.00000000  1356.30873073  0.99000000
0.01054058  72.00000000  0.00548686  80.00000000  1356.30873073  0.99000000
0.01199865  78.00000000  0.01199865  80.00000000  1355.20908843  0.99000000
0.01054058  72.00000000  0.00548686  80.00000000  1356.30873073  0.99000000
0.01054058  72.00000000  0.00548686  80.00000000  1356.30873073  0.99000000
0.01054058  72.00000000  0.00548686  80.00000000  1356.30873073  0.99000000
0.01054058  72.00000000  0.00548686  80.00000000  1356.30873073  0.99000000
0.00777383  59.00000000  0.00233174  80.00000000  1350.71821369  0.99000000
0.01054058  72.00000000  0.00548686  80.00000000  1356.30873073  0.99000000
0.01054058  72.00000000  0.00548686  80.00000000  1356.30873073  0.99000000
0.01054058  72.00000000  0.00548686  80.00000000  1356.30873073  0.99000000
0.00860679  71.00000000  0.00083876  80.00000000  1356.30594547  0.99000000
0.01054058  72.00000000  0.00548686  80.00000000  1356.30873073  0.99000000
0.01054058  72.00000000  0.00548686  80.00000000  1356.30873073  0.99000000
0.01054058  72.00000000  0.00548686  80.00000000  1356.30873073  0.99000000
0.01054058  72.00000000  0.00548686  80.00000000  1356.30873073  0.99000000
0.00576926  73.00000000  0.00312996  80.00000000  1356.30418743  0.99000000
0.01054058  72.00000000  0.00548686  80.00000000  1356.30873073  0.99000000
0.01054058  72.00000000  0.00548686  80.00000000  1356.30873073  0.99000000
0.01054058  72.00000000  0.00548686  80.00000000  1356.30873073  0.99000000
0.00939884  74.00000000  0.00680901  80.00000000  1356.30600015  0.99000000
0.01054058  72.00000000  0.00548686  80.00000000  1356.30873073  0.99000000
0.00958504  75.00000000  0.00753586  80.00000000  1356.30649537  0.99000000
0.00260254  72.00000000  0.00087471  80.00000000  1356.30300576  0.99000000
0.01080248  76.00000000  0.01048342  80.00000000  1354.32338736  0.99000000
0.01186637  73.00000000  0.00635919  80.00000000  1356.31143256  0.99000000
0.00501784  69.00000000  0.00246990  80.00000000  1326.21484836  0.99000000
0.01054058  72.00000000  0.00548686  80.00000000  1356.30873073  0.99000000
0.01054058  72.00000000  0.00548686  80.00000000  1356.30873073  0.99000000
0.01054058  72.00000000  0.00548686  80.00000000  1356.30872645  0.99000000
0.01054058  72.00000000  0.00548686  80.00000000  1356.30873073  0.99000000
0.00452787  77.00000000  0.00450199  80.00000000  1356.32760283  0.99000000
0.01054058  72.00000000  0.00548686  80.00000000  1356.30873073  0.99000000
0.01054058  72.00000000  0.00548686  80.00000000  1356.30873073  0.99000000
0.00916175  78.00000000  0.00916175  80.00000000  1356.31901813  0.99000000
0.01054058  72.00000000  0.00548686  80.00000000  1356.30873073  0.99000000
0.00923202  67.00000000  0.00046663  80.00000000  1354.87077933  0.99000000
0.01054058  72.00000000  0.00548686  80.00000000  1356.30873073  0.99000000
0.00742150  77.00000000  0.00723251  80.00000000  1371.26156521  0.99000000
0.01054058  72.00000000  0.00548686  80.00000000  1356.30873073  0.99000000
0.01054167  72.00000000  0.00552227  80.00000000  1356.30878526  0.99000000
0.01054058  72.00000000  0.00548686  80.00000000  1356.30873073  0.99000000
0.01054058  72.00000000  0.00548686  80.00000000  1356.30873073  0.99000000
0.00641519  58.00000000  0.00123004  80.00000000  1349.70181003  0.99000000
0.00599299  72.00000000  0.00290308  80.00000000  1358.71005160  0.99000000
0.01054058  72.00000000  0.00548686  80.00000000  1356.30873073  0.99000000
0.01054058  72.00000000  0.00548686  80.00000000  1356.30873073  0.99000000
0.01054058  72.00000000  0.00548686  80.00000000  1356.30873073  0.99000000
0.00614158  78.00000000  0.00614158  80.00000000  1356.49236066  0.99000000
0.01054058  72.00000000  0.00548686  80.00000000  1356.30873073  0.99000000
0.01061266  72.00000000  0.00587611  80.00000000  1356.30881405  0.99000000
0.00488580  78.00000000  0.00488580  80.00000000  1411.24443230  0.99000000
0.01054058  72.00000000  0.00548686  80.00000000  1356.30873073  0.99000000
0.00692646  70.00000000  0.00039343  80.00000000  1356.30487433  0.99000000
0.01054058  72.00000000  0.00548686  80.00000000  1356.30873073  0.99000000
0.01024919  72.00000000  0.00528533  80.00000000  1356.30737894  0.99000000
0.01463055  71.00000000  0.00589410  80.00000000  1356.58679003  0.99000000
0.01317689  73.00000000  0.00819270  80.00000000  1356.31678704  0.99000000
0.01308893  71.00000000  0.00578707  80.00000000  1356.44459459  0.99000000
0.01054101  72.00000000  0.00549417  80.00000000  1356.30772279  0.99000000
0.01054058  72.00000000  0.00548686  80.00000000  1356.30873073  0.99000000
0.01054058  72.00000000  0.00548686  80.00000000  1356.30873073  0.99000000
0.00701100  59.00000000  0.00206471  80.00000000  1345.69604345  0.99000000
0.01054058  72.00000000  0.00548686  80.00000000  1356.30873073  0.99000000
0.01054058  72.00000000  0.00548686  80.00000000  1356.30873073  0.99000000
0.01054058  72.00000000  0.00548686  80.00000000  1356.30873073  0.99000000
0.02232545  67.00000000  0.00468139  80.00000000  1350.53965088  0.99000000
0.01054058  72.00000000  0.00548686  80.00000000  1356.30873073  0.99000000
0.01453161  71.00000000  0.00538280  80.00000000  1379.15180028  0.99000000
0.01101855  72.00000000  0.00458331  80.00000000  1356.88883170  0.99000000
0.01054058  72.00000000  0.00368697  80.00000000  1356.30835759  0.99000000
0.00882625  69.00000000  0.00004443  80.00000000  1356.30561037  0.99000000
0.03158990  68.00000000  0.00269563  80.00000000  1338.48772428  0.99000000
0.01054058  72.00000000  0.00548686  80.00000000  1356.30873073  0.99000000
0.01054058  72.00000000  0.00548686  80.00000000  1356.30873073  0.99000000
0.01240692  72.00000000  0.00575631  80.00000000  1356.35651679  0.99000000
0.01030986  72.00000000  0.00355131  80.00000000  1356.30840484  0.99000000
0.00372874  78.00000000  0.00372874  80.00000000  1360.05293556  0.99000000
0.01054058  72.00000000  0.00548686  80.00000000  1356.30873073  0.99000000
0.01054058  72.00000000  0.00548686  80.00000000  1356.30873073  0.99000000
0.00131067  78.00000000  0.00131067  80.00000000  1356.30278387  0.99000000
0.00984830  74.00000000  0.00597074  80.00000000  1356.30608856  0.99000000
0.01054058  72.00000000  0.00548686  80.00000000  1356.30873073  0.99000000
0.01619386  71.00000000  0.00794361  80.00000000  1356.48078524  0.99000000
0.01054058  72.00000000  0.00548686  80.00000000  1356.30873073  0.99000000
0.00347948  78.00000000  0.00347948  80.00000000  1356.30311193  0.99000000
0.01054058  72.00000000  0.00548686  80.00000000  1356.30873073  0.99000000
0.01053696  72.00000000  0.00559044  80.00000000  1356.27945027  0.99000000
0.00352522  78.00000000  0.00352522  80.00000000  1356.30301747  0.99000000
0.01054058  72.00000000  0.00548686  80.00000000  1356.30873073  0.99000000
0.01054058  72.00000000  0.00548686  80.00000000  1356.30873073  0.99000000
0.02043552  71.00000000  0.01524532  80.00000000  1354.69633029  0.99000000
0.01054058  72.00000000  0.00548686  80.00000000  1356.30873073  0.99000000
0.00214066  78.00000000  0.00214066  80.00000000  1365.63449904  0.99000000
0.01054058  72.00000000  0.00548686  80.00000000  1356.30873073  0.99000000
0.01054058  72.00000000  0.00548686  80.00000000  1356.30873073  0.99000000
0.01054058  72.00000000  0.00548686  80.00000000  1356.30873073  0.99000000
0.01100599  72.00000000  0.00344404  80.00000000  1356.30816441  0.99000000
0.00216021  78.00000000  0.00216021  80.00000000  1377.24143687  0.99000000
0.00086048  78.00000000  0.00086048  80.00000000  1356.33903802  0.99000000
0.00179907  77.00000000  0.00178681  80.00000000  1356.29303684  0.99000000
0.01054058  72.00000000  0.00548686  80.00000000  1356.30873073  0.99000000
0.01054058  72.00000000  0.00548686  80.00000000  1356.30873073  0.99000000
0.01054058  72.00000000  0.00548686  80.00000000  1356.30873073  0.99000000
0.01054058  72.00000000  0.00548710  80.00000000  1356.30871588  0.99000000
0.03223601  67.00000000  0.00412859  80.00000000  1349.74409010  0.99000000
0.01054058  72.00000000  0.00548686  80.00000000  1356.30873073  0.99000000
0.00626327  71.00000000  0.00020995  80.00000000  1356.30547711  0.99000000
0.01053492  72.00000000  0.00531771  80.00000000  1356.30880375  0.99000000
0.01054058  72.00000000  0.00548686  80.00000000  1356.30865537  0.99000000
0.01054058  72.00000000  0.00548686  80.00000000  1356.30873073  0.99000000
0.00110535  78.00000000  0.00110535  80.00000000  1356.30268040  0.99000000
0.01054058  72.00000000  0.00548686  80.00000000  1356.30873073  0.99000000
0.01054058  72.00000000  0.00548686  80.00000000  1356.30873073  0.99000000
0.01045983  72.00000000  0.00251309  80.00000000  1356.30741262  0.99000000
0.00204568  75.00000000  0.00142937  80.00000000  1358.57611832  0.99000000
0.00754761  78.00000000  0.00754761  80.00000000  1356.30324940  0.99000000
0.01054058  72.00000000  0.00548686  80.00000000  1356.30873073  0.99000000
0.01035204  66.00000000  0.00047962  80.00000000  1351.50405068  0.99000000
0.00182681  76.00000000  0.00177504  80.00000000  1322.15202742  0.99000000
0.01054058  72.00000000  0.00548686  80.00000000  1356.30873073  0.99000000
0.00783975  59.00000000  0.00232776  80.00000000  1350.70410084  0.99000000
0.01054058  72.00000000  0.00548686  80.00000000  1356.30873073  0.99000000
0.03223601  67.00000000  0.00412858  80.00000000  1349.74408651  0.99000000
0.01054058  72.00000000  0.00548686  80.00000000  1356.30873073  0.99000000
0.00940053  71.00000000  0.00250385  80.00000000  1356.31091711  0.99000000
0.02905281  78.00000000  0.02905281  80.00000000  1378.95176088  0.99000000
0.01054058  72.00000000  0.00548686  80.00000000  1356.30873073  0.99000000
0.00883845  71.00000000  0.00079789  80.00000000  1356.30610847  0.99000000
0.00646955  71.00000000  0.00244024  80.00000000  1355.74685064  0.99000000
0.01635623  71.00000000  0.00771804  80.00000000  1354.99846088  0.99000000
0.01054059  72.00000000  0.00544076  80.00000000  1356.30824657  0.99000000
0.01054058  72.00000000  0.00548686  80.00000000  1356.30873073  0.99000000
0.01023634  72.00000000  0.00498976  80.00000000  1356.30838428  0.99000000
0.01189780  69.00000000  0.00530810  80.00000000  1356.52346794  0.99000000
0.01054058  72.00000000  0.00548686  80.00000000  1356.30873073  0.99000000
0.01054058  72.00000000  0.00548686  80.00000000  1356.30873073  0.99000000
0.01054096  72.00000000  0.00548386  80.00000000  1356.30874377  0.99000000
0.01103924  72.00000000  0.00528822  80.00000000  1356.30968445  0.99000000
0.00867857  67.00000000  0.00136703  80.00000000  1354.86574493  0.99000000
0.00675726  58.00000000  0.00107999  80.00000000  1350.51448948  0.99000000
0.00140078  72.00000000  0.00038705  80.00000000  1356.25291111  0.99000000
0.00169776  71.00000000  0.00050048  80.00000000  1355.08410163  0.99000000
0.01054058  72.00000000  0.00548686  80.00000000  1356.30873073  0.99000000
0.01054058  72.00000000  0.00548686  80.00000000  1356.30873073  0.99000000
0.01329373  73.00000000  0.00823984  80.00000000  1356.32293042  0.99000000
0.01091427  72.00000000  0.00576365  80.00000000  1356.34395088  0.99000000
0.01054058  72.00000000  0.00548686  80.00000000  1356.30873073  0.99000000
0.00096306  78.00000000  0.00096306  80.00000000  1356.29537225  0.99000000
0.01055332  72.00000000  0.00548231  80.00000000  1356.31012429  0.99000000
