# Results obtained using DQN. CPU time: 16.14937448501587
0.00613577  57.00000000  0.00495770  60.00000000  2049.60303362  0.00000000
0.00020489  58.00000000  0.00020489  60.00000000  1773.23624890  0.00000000
0.00009597  47.00000000  0.00003717  60.00000000  1242.13708900  0.00000000
0.00678973  58.00000000  0.00678973  60.00000000  1377.11347983  0.00000000
0.00035373  49.00000000  0.00034449  60.00000000  1053.26679664  0.00000000
0.00041168  49.00000000  0.00039700  60.00000000  1109.90141899  0.00000000
0.00036946  56.00000000  0.00036511  60.00000000  1558.51513596  0.00000000
0.00022076  58.00000000  0.00022076  60.00000000  1302.28441073  0.00000000
0.00222736  58.00000000  0.00222736  60.00000000  2362.03120387  0.00469281
0.00991612  54.00000000  0.00468816  60.00000000  2005.45567482  0.01273763
0.00902608  58.00000000  0.00902608  60.00000000  1693.93595371  0.02078244
0.00433509  58.00000000  0.00433509  60.00000000  2505.54216837  0.02882726
0.00198869  58.00000000  0.00198869  60.00000000  2730.88788113  0.03687208
0.02336905  58.00000000  0.02336905  60.00000000  1349.72659867  0.04491689
0.00034409  58.00000000  0.00034409  60.00000000  1562.49824826  0.05296171
0.00082264  39.00000000  0.00053172  60.00000000  1618.04774405  0.06100652
0.00028918  48.00000000  0.00009872  60.00000000  1494.50053243  0.06905134
0.06719224  58.00000000  0.06719224  60.00000000  1224.89316387  0.07709616
0.00737674  56.00000000  0.00630691  60.00000000  1250.92621667  0.08514097
0.00232815  44.00000000  0.00089417  60.00000000  1640.31639280  0.09318579
0.00919609  58.00000000  0.00919609  60.00000000  1770.54266731  0.10123061
0.00169884  46.00000000  0.00036521  60.00000000  1691.00064330  0.10927542
0.00085339  58.00000000  0.00085339  60.00000000  1330.06723704  0.11732024
0.00121718  58.00000000  0.00121718  60.00000000  2542.03621780  0.12536506
0.00049247  50.00000000  0.00043018  60.00000000  1349.37650141  0.13340987
0.00183193  58.00000000  0.00183193  60.00000000  1424.72405715  0.14145469
0.00295515  47.00000000  0.00112440  60.00000000  1650.30301796  0.14949951
0.00893688  58.00000000  0.00893688  60.00000000  1269.19287946  0.15754432
0.00388022  53.00000000  0.00040692  60.00000000  1925.74378390  0.16558914
0.00015289  56.00000000  0.00011458  60.00000000  1243.91402197  0.17363395
0.00017097  55.00000000  0.00004217  60.00000000  2288.49651958  0.18167877
0.00029816  56.00000000  0.00020762  60.00000000  1614.79007294  0.18972359
0.00214175  57.00000000  0.00205177  60.00000000  1443.33120355  0.19776840
0.00093125  55.00000000  0.00053943  60.00000000  1893.47081590  0.20581322
0.04597379  56.00000000  0.02428395  60.00000000  1758.17851766  0.21385804
0.03714926  50.00000000  0.00067341  60.00000000  2041.54145804  0.22190285
0.01367211  53.00000000  0.00986147  60.00000000  1899.42387622  0.22994767
0.00101880  39.00000000  0.00013416  60.00000000  1463.79315735  0.23799249
0.00034944  56.00000000  0.00025931  60.00000000  1338.33959291  0.24603730
0.00037282  48.00000000  0.00000572  60.00000000  1621.80985754  0.25408212
0.00437409  58.00000000  0.00437409  60.00000000  2373.91242673  0.26212694
0.00704828  58.00000000  0.00704828  60.00000000  1959.50792874  0.27017175
0.00155337  58.00000000  0.00155337  60.00000000  1304.00665659  0.27821657
0.01286699  55.00000000  0.01051122  60.00000000  2597.55950192  0.28626138
0.00049519  58.00000000  0.00049519  60.00000000  1280.13133732  0.29430620
0.00044990  58.00000000  0.00044990  60.00000000  1855.52257657  0.30235102
0.04239368  58.00000000  0.04239368  60.00000000  2548.13479382  0.31039583
0.00372565  58.00000000  0.00372565  60.00000000  2382.88428701  0.31844065
0.00072340  54.00000000  0.00028933  60.00000000  1509.34579239  0.32648547
0.00288701  55.00000000  0.00203347  60.00000000  1513.22287177  0.33453028
0.00476274  58.00000000  0.00476274  60.00000000  1720.26830276  0.34257510
0.07554825  58.00000000  0.07554825  60.00000000  2563.95073229  0.35061992
0.00338046  52.00000000  0.00002494  60.00000000  1691.11406787  0.35866473
0.00283222  58.00000000  0.00283222  60.00000000  1825.18926076  0.36670955
0.00204568  55.00000000  0.00106810  60.00000000  2417.05341811  0.37475436
0.00350935  56.00000000  0.00327203  60.00000000  2411.66592807  0.38279918
0.00021071  54.00000000  0.00018830  60.00000000  2593.60750503  0.39084400
0.00514311  57.00000000  0.00490387  60.00000000  1536.75961560  0.39888881
0.01335649  48.00000000  0.00040205  60.00000000  2332.82886128  0.40693363
0.01098798  58.00000000  0.01098798  60.00000000  1725.83286252  0.41497845
0.00240567  53.00000000  0.00037793  60.00000000  1314.05755181  0.42302326
0.00952089  58.00000000  0.00952089  60.00000000  2500.32881832  0.43106808
0.00030055  54.00000000  0.00024263  60.00000000  1402.62828865  0.43911290
0.00182861  58.00000000  0.00182861  60.00000000  1505.01026131  0.44715771
0.00026824  58.00000000  0.00026824  60.00000000  1518.86233498  0.45520253
0.00145545  57.00000000  0.00142477  60.00000000  1782.76314416  0.46324735
0.02184257  55.00000000  0.01693815  60.00000000  3198.92418718  0.47129216
0.00031118  58.00000000  0.00031118  60.00000000  1388.43780550  0.47933698
0.00741044  58.00000000  0.00741044  60.00000000  1301.20692656  0.48738179
0.00026161  47.00000000  0.00012663  60.00000000  1699.91715728  0.49542661
0.00027052  49.00000000  0.00002292  60.00000000  1512.83353156  0.50347143
0.01195485  58.00000000  0.01195485  60.00000000  2698.42256095  0.51151624
0.01188813  52.00000000  0.00595351  60.00000000  1642.88478284  0.51956106
0.02656692  58.00000000  0.02656692  60.00000000  1889.31857927  0.52760588
0.00018905  49.00000000  0.00013011  60.00000000  1788.69155623  0.53565069
0.03377753  47.00000000  0.02255750  60.00000000  2585.45421878  0.54369551
0.00203241  58.00000000  0.00203241  60.00000000  2529.39315514  0.55174033
0.00131400  56.00000000  0.00109091  60.00000000  2834.49594788  0.55978514
0.00004635  57.00000000  0.00004133  60.00000000  1508.75124755  0.56782996
0.00823544  53.00000000  0.00042153  60.00000000  2834.97840454  0.57587478
0.00140174  58.00000000  0.00140174  60.00000000  1981.06985698  0.58391959
0.00025262  54.00000000  0.00012739  60.00000000  2469.50736641  0.59196441
0.00094267  47.00000000  0.00048202  60.00000000  2340.71583898  0.60000922
0.00023864  49.00000000  0.00003339  60.00000000  2139.17074969  0.60805404
0.00058532  55.00000000  0.00028058  60.00000000  1727.98904095  0.61609886
0.00111521  58.00000000  0.00111521  60.00000000  1389.98355921  0.62414367
0.00016059  48.00000000  0.00002676  60.00000000  1902.49269499  0.63218849
0.01299511  55.00000000  0.00669036  60.00000000  2846.59039941  0.64023331
0.00082015  54.00000000  0.00070231  60.00000000  2240.09059204  0.64827812
0.00170708  47.00000000  0.00042640  60.00000000  1363.40967776  0.65632294
0.00456291  58.00000000  0.00456291  60.00000000  1684.51659259  0.66436776
0.00013700  57.00000000  0.00007229  60.00000000  1425.90727952  0.67241257
0.03334403  58.00000000  0.03334403  60.00000000  2692.80209152  0.68045739
0.03505515  51.00000000  0.02568400  60.00000000  2546.81294984  0.68850221
0.00568180  58.00000000  0.00568180  60.00000000  2477.84432682  0.69654702
0.00105764  58.00000000  0.00105764  60.00000000  2454.14747086  0.70459184
0.00564732  58.00000000  0.00564732  60.00000000  1986.59475352  0.71263665
0.00230345  54.00000000  0.00201448  60.00000000  1661.57977828  0.72068147
0.04120058  45.00000000  0.01656579  60.00000000  1778.02977158  0.72872629
0.00010945  56.00000000  0.00009280  60.00000000  1292.64772673  0.73677110
0.00021767  32.00000000  0.00001008  60.00000000  2455.26392618  0.74481592
